482
667
681
547
619
470
512
536
606
495
696
564
547
659
546
632
533
718
608
521
524
602
521
469
775
493
550
559
587
585
391
754
577
649
535
783
556
570
442
376
692
548
585
508
665
620
515
665
611
559
577
600
564
522
558
557
705
620
577
503
609
461
621
742
515
533
542
723
697
768
481
541
569
678
553
497
527
553
597
580
637
550
695
447
611
629
761
515
491
585
571
765
634
623
618
637
594
531
567
555
504
696
625
649
668
585
433
648
736
499
522
568
578
652
734
538
470
570
614
505
640
544
579
613
572
656
688
401
578
622
593
654
560
502
848
696
557
481
477
476
598
640
563
628
660
606
406
500
596
579
585
519
799
686
538
560
646
764
666
636
474
318
640
509
550
630
479
718
625
587
630
416
542
536
400
640
619
930
584
603
637
724
560
576
599
466
694
625
635
546
662
674
539
528
700
689
575
544
628
551
570
570
563
790
589
503
608
560
649
627
595
419
512
700
688
539
677
586
573
700
704
690
642
446
611
589
688
597
606
668
746
465
702
510
640
670
631
547
482
522
548
797
672
740
666
559
675
684
433
365
720
658
697
648
657
570
505
561
574
567
576
568
402
466
505
573
592
574
661
472
736
467
667
681
613
420
666
738
366
590
493
420
632
441
766
686
676
587
702
449
563
658
693
582
769
788
691
683
622
779
641
746
611
608
604
626
409
728
751
568
572
532
583
518
586
661
702
428
660
515
529
664
529
774
641
603
663
471
572
621
633
646
674
620
794
670
472
536
541
627
683
619
567
564
627
521
776
368
937
621
601
478
577
560
620
532
622
770
822
567
593
575
569
699
570
717
494
622
796
561
617
535
595
549
623
582
662
541
523
568
718
633
531
691
739
683
613
551
566
502
639
609
493
596
588
694
675
599
597
686
717
664
521
604
674
516
682
562
672
730
723
506
674
568
562
689
664
731
574
509
666
447
686
604
638
548
559
590
548
557
582
526
437
454
395
528
618
662
626
534
739
671
407
789
473
522
506
576
493
627
544
627
494
683
614
514
569
735
489
498
527
782
656
538
474
740
803
594
629
670
592
370
563
412
483
588
712
645
642
717
686
738
562
540
617
477
483
857
558
641
675
538
694
446
528
713
521
641
645
576
594
619
628
659
619
534
618
336
569
647
583
710
723
654
606
365
597
602
661
605
627
637
502
652
578
548
651
555
602
611
661
568
713
481
722
606
676
678
418
447
635
734
555
735
358
676
501
733
620
791
654
679
668
519
495
454
381
470
967
573
637
508
774
634
506
672
631
599
646
641
500
620
607
665
616
483
620
716
662
595
697
623
616
602
580
627
663
623
662
744
825
549
672
683
566
682
358
599
641
569
679
626
634
706
688
566
332
521
472
455
701
603
676
714
657
483
489
583
779
607
537
677
475
524
802
503
633
534
544
656
720
567
574
534
703
682
598
628
629
665
727
655
454
552
586
570
711
550
659
574
578
578
507
486
393
705
524
685
638
423
751
650
791
533
779
588
475
688
569
602
503
503
658
628
693
711
567
545
587
617
811
654
506
562
633
682
592
646
821
582
602
657
534
616
369
625
462
717
467
610
646
559
696
563
649
547
659
379
752
680
703
515
570
588
483
743
710
565
572
485
487
481
563
591
495
631
493
706
743
793
540
672
771
546
458
744
605
715
547
537
636
574
584
468
546
495
545
761
700
574
593
554
781
457
650
564
779
714
626
718
708
796
566
512
508
463
686
612
511
562
591
486
533
579
640
564
551
654
527
649
698
382
513
706
700
549
553
579
602
637
580
743
548
449
598
653
466
550
716
693
444
768
489
744
575
677
585
560
624
462
530
577
688
770
516
406
607
507
570
469
391
633
500
674
615
465
669
699
592
442
576
589
559
778
579
783
662
715
579
613
644
705
504
572
665
668
474
727
514
518
553
696
481
695
526
629
767
399
669
737
610
391
701
326
577
698
613
485
614
591
729
541
570
372
548
670
670
698
582
628
515
546
552
434
620
569
581
539
540
706
692
692
566
472
663
648
598
452
652
602
578
593
643
553
675
623
600
417
516
483
441
585
768
632
568
615
806
559
644
443
541
629
705
572
659
574
498
769
638
534
590
581
525
492
644
751
570
760
651
641
694
692
803
622
602
571
636
524
466
691
714
419
656
671
549
399
649
716
555
575
542
467
713
655
775
534
626
566
620
557
759
672
508
589
625
629
628
392
478
570
650
527
507
905
758
585
797
641
686
634
700
558
773
662
721
575
549
538
674
542
551
540
553
665
468
690
595
580
808
474
511
588
401
625
586
577
658
615
440
624
518
587
355
512
524
556
647
491
644
562
501
719
504
609
689
427
669
630
543
597
574
619
545
574
521
653
584
532
660
539
588
715
461
675
596
555
735
563
559
701
679
585
738
540
554
563
583
523
704
583
634
354
630
643
415
648
631
705
626
647
617
865
517
723
594
594
762
515
669
557
715
563
698
446
842
505
588
609
457
752
554
556
642
403
597
593
489
560
525
705
468
674
646
698
630
554
559
545
424
521
509
796
499
731
752
576
583
468
704
534
651
509
654
701
535
665
619
458
644
640
588
671
603
521
708
408
662
563
552
534
570
720
490
742
412
589
603
686
541
597
683
549
606
628
505
634
712
687
767
583
647
440
547
702
560
680
632
746
482
791
679
599
694
513
680
707
644
747
725
578
528
625
622
638
603
537
538
600
630
512
580
542
645
418
572
506
635
489
488
718
619
585
689
504
810
629
576
587
573
818
673
630
795
512
556
534
689
570
689
654
704
612
698
521
474
652
625
474
550
466
528
528
709
725
562
526
641
835
676
591
651
452
760
613
689
679
506
683
462
483
635
504
686
634
549
746
613
650
686
774
608
537
486
615
752
758
687
444
596
509
568
708
532
652
573
675
675
721
630
587
650
539
545
690
587
551
694
557
685
477
608
463
539
664
687
571
632
715
466
377
484
610
561
592
521
843
739
501
620
639
640
530
501
611
628
632
537
579
513
664
647
697
433
328
608
632
769
567
646
577
728
500
495
534
738
577
521
678
510
667
545
588
571
533
506
579
509
596
523
617
559
672
385
711
588
613
684
583
504
654
581
669
662
752
671
553
747
561
724
708
780
582
712
543
726
688
583
621
637
509
563
606
366
698
608
554
704
447
545
529
645
665
665
556
700
742
708
599
573
439
446
695
604
532
473
592
591
708
774
642
497
603
700
761
503
735
606
537
698
578
591
491
661
614
743
478
480
559
384
529
680
633
525
693
579
699
523
712
564
600
496
739
639
787
748
703
506
553
799
651
519
656
642
660
532
680
439
715
474
556
580
689
557
467
522
599
609
541
543
483
625
632
540
633
818
585
533
725
535
588
394
383
575
458
611
463
638
755
626
837
715
601
508
550
461
654
775
679
642
750
528
686
472
590
622
515
861
486
627
612
592
701
580
510
562
608
588
528
690
508
661
542
509
570
695
696
670
632
479
713
659
445
639
530
489
527
649
657
536
587
671
760
375
471
525
556
634
539
460
616
675
498
632
645
492
528
590
657
563
628
614
649
648
570
498
642
716
657
636
761
660
658
724
642
634
684
597
549
450
446
556
501
528
629
704
355
715
737
547
673
576
510
417
589
569
605
628
601
593
628
696
526
731
768
798
470
689
501
690
474
423
626
557
599
668
706
566
760
600
648
531
414
634
584
499
690
531
517
631
636
565
783
551
577
391
599
678
603
755
573
575
630
670
546
669
545
500
537
681
614
834
699
621
643
525
646
594
690
628
474
663
557
534
750
590
603
828
561
550
668
527
584
762
695
588
671
457
618
607
729
688
555
542
485
495
548
568
461
591
605
523
658
511
600
658
577
677
490
479
584
769
696
629
548
573
498
465
681
678
632
502
533
572
453
722
648
600
598
605
378
685
622
534
652
665
560
629
563
646
550
625
537
644
545
497
612
547
464
433
582
558
566
390
632
660
601
624
534
810
781
699
673
620
534
667
572
633
724
729
676
512
608
386
763
473
625
674
641
576
470
645
530
578
558
583
673
614
520
683
446
764
682
559
562
684
730
485
542
664
584
562
643
577
628
637
699
610
533
691
544
567
582
618
513
564
593
546
637
723
617
674
556
445
594
780
636
653
575
718
542
404
800
632
513
558
677
659
564
709
688
530
442
629
512
500
798
559
559
539
579
826
632
692
617
577
830
486
538
609
616
608
597
631
449
638
507
388
581
720
642
584
442
659
542
636
649
613
546
493
470
716
628
665
574
521
654
574
774
621
632
631
660
585
581
583
635
617
614
507
572
432
528
607
638
487
637
699
517
696
609
599
706
631
677
677
715
482
483
673
567
609
423
630
523
713
658
640
515
523
696
563
456
678
730
376
420
383
622
484
573
462
568
544
731
536
579
524
529
651
573
499
510
422
618
573
655
532
675
671
614
609
586
543
609
615
723
682
615
613
829
927
417
629
614
684
417
468
432
495
564
698
512
437
362
677
538
554
651
704
535
777
531
393
728
446
552
631
616
624
493
579
720
575
585
693
620
695
661
705
556
578
478
705
591
462
530
629
729
609
572
622
412
808
892
525
760
820
785
685
640
718
665
622
723
560
581
405
631
477
619
599
389
466
773
595
607
519
527
599
672
635
835
542
479
642
427
358
637
721
624
659
523
713
672
546
569
615
567
746
700
560
614
710
705
635
522
571
682
548
659
773
700
606
461
527
420
630
483
539
527
744
630
597
431
651
628
694
583
684
621
679
705
780
555
618
727
649
589
519
603
608
503
529
641
430
530
762
566
606
701
434
444
709
642
528
675
578
508
433
623
548
660
587
504
506
686
543
739
582
699
686
716
450
590
652
632
664
555
667
634
488
764
663
600
470
471
655
771
827
550
620
720
788
336
543
746
676
466
515
555
692
540
446
599
390
497
577
738
498
624
414
436
593
601
580
495
701
547
683
547
729
585
614
469
536
598
539
757
635
622
578
394
612
609
549
699
522
507
748
698
693
565
549
827
557
416
724
665
589
747
472
396
499
616
718
606
588
516
501
680
527
538
671
630
759
645
697
302
649
807
635
566
428
610
594
606
432
505
595
571
593
642
596
442
423
543
633
737
607
567
530
709
586
617
606
687
434
752
508
743
746
698
558
565
630
459
703
500
674
352
616
718
507
706
557
390
760
528
691
581
576
547
513
674
681
524
598
516
692
602
735
481
833
542
742
746
601
529
581
795
587
765
608
676
447
567
622
642
592
644
822
681
641
553
728
641
604
519
446
518
503
525
646
735
737
650
544
531
645
665
510
574
702
651
616
700
696
783
475
563
595
617
661
617
627
760
675
549
694
715
579
539
605
518
625
654
627
521
845
556
778
613
562
633
650
725
885
659
830
636
614
808
464
474
349
455
663
856
703
712
517
564
782
693
574
594
439
638
727
719
728
630
585
791
723
563
694
479
580
711
725
586
630
555
653
591
715
630
378
595
474
632
675
520
629
737
671
651
589
636
490
541
688
529
696
586
545
514
534
754
688
547
565
446
568
658
791
643
650
643
619
685
420
543
789
561
664
565
376
613
688
623
415
540
766
512
738
480
590
730
659
618
429
518
554
716
585
601
623
469
568
798
393
621
569
509
670
628
702
630
733
596
684
580
630
394
581
773
522
624
547
541
794
737
696
513
388
719
537
634
700
658
734
564
635
322
771
553
789
623
573
780
686
521
410
600
499
446
551
600
588
456
570
649
612
664
756
617
616
530
657
479
620
675
637
607
505
743
541
573
410
491
563
531
660
422
637
693
531
828
723
702
742
508
692
681
498
633
599
719
691
689
555
420
559
617
695
641
561
520
530
490
595
452
577
419
528
665
662
640
637
446
462
365
388
600
597
624
539
565
672
534
480
643
652
618
679
514
478
671
555
370
608
463
559
611
694
657
424
451
496
550
586
670
612
700
599
591
643
542
392
671
295
529
645
447
603
512
798
502
587
677
683
828
587
752
640
560
547
507
608
420
712
675
572
582
651
490
633
631
512
666
605
642
593
634
753
429
743
527
713
605
770
790
655
467
763
753
717
662
606
560
594
549
669
601
563
747
573
659
681
293
635
522
706
572
482
577
536
520
591
730
634
697
488
735
558
442
644
520
575
648
565
463
549
534
604
592
681
642
692
578
646
438
596
517
581
559
593
582
621
513
682
535
496
538
534
673
673
802
430
674
651
649
490
705
617
655
738
701
568
567
359
667
631
595
713
562
568
414
627
783
547
635
506
474
575
455
536
524
660
637
569
525
512
578
620
579
569
621
614
660
599
815
591
454
587
577
538
626
438
659
629
491
720
487
657
629
624
554
684
645
619
616
762
527
706
585
799
652
430
774
666
599
641
578
675
613
494
625
637
414
695
590
710
705
370
625
722
577
609
458
685
486
540
408
533
623
512
473
479
778
478
631
515
413
483
555
781
543
555
610
484
726
501
745
527
660
438
537
573
840
754
590
480
505
688
792
659
615
773
666
544
356
612
752
430
559
508
657
584
567
640
674
406
662
606
549
526
576
566
591
569
628
649
616
585
565
676
698
612
434
592
506
702
534
575
498
574
723
508
559
551
544
500
649
562
645
678
391
732
560
609
718
597
550
496
468
538
602
496
572
542
492
483
597
486
616
523
632
456
760
583
537
544
651
611
742
590
499
722
676
607
320
774
528
751
765
619
674
751
658
542
745
407
594
383
600
658
673
612
652
536
774
665
733
582
599
602
619
595
488
637
563
764
630
579
594
558
840
660
532
615
507
539
577
603
457
593
597
610
624
635
608
691
421
675
538
680
592
576
612
714
480
665
698
703
469
719
763
327
480
547
699
507
718
632
670
425
636
511
736
485
575
737
582
675
638
542
497
533
642
541
597
650
491
623
487
680
710
571
739
638
626
814
748
405
382
625
479
744
624
408
702
607
640
804
532
613
636
722
615
680
534
503
386
626
557
604
682
675
592
716
718
763
595
465
571
429
506
642
787
589
626
822
606
594
569
562
535
496
581
606
671
438
485
621
481
627
557
458
723
534
569
589
774
689
510
585
612
606
634
505
637
628
495
578
605
683
629
625
629
518
666
653
441
670
621
830
529
700
588
669
380
655
874
657
398
476
783
442
428
424
526
555
678
605
503
566
570
584
557
820
662
414
637
641
393
529
376
522
647
550
599
546
540
676
602
394
700
502
509
644
558
692
776
511
656
734
525
687
440
719
624
642
376
462
624
529
738
594
701
416
646
616
580
660
621
663
708
631
630
648
680
692
507
641
635
627
639
640
570
644
571
654
664
572
630
701
518
721
626
543
496
707
811
582
509
507
651
524
693
638
646
441
550
407
439
684
591
567
508
621
643
526
600
444
767
644
620
425
540
585
649
732
678
711
639
535
579
773
671
710
666
435
598
505
575
647
559
755
607
497
714
645
401
721
612
774
633
514
511
601
577
613
503
754
677
547
599
658
652
597
563
552
501
725
455
740
651
675
469
476
724
855
439
511
544
728
565
571
635
761
499
743
580
633
460
397
410
678
639
615
810
548
506
540
489
665
496
617
639
627
648
542
592
589
563
495
755
541
640
674
714
481
515
563
576
683
481
804
725
415
499
515
687
553
720
545
641
585
756
398
774
658
521
696
748
605
589
729
671
576
467
650
338
507
548
518
735
543
534
592
718
729
538
563
613
747
826
516
597
566
508
666
338
571
482
656
572
639
481
615
567
604
613
594
543
556
717
598
641
573
622
396
448
543
764
665
568
680
611
607
558
592
791
549
507
534
369
524
556
686
570
692
634
497
629
528
426
722
476
525
589
539
490
652
715
871
640
556
606
564
644
635
558
549
666
567
559
507
384
547
752
692
623
586
878
608
475
612
524
600
715
520
697
530
613
594
656
660
702
546
525
504
722
529
616
799
683
636
551
487
487
559
586
667
645
537
481
533
678
572
643
569
775
571
608
702
578
613
406
501
636
577
272
567
735
612
538
652
527
734
590
546
703
611
398
602
568
673
617
697
613
368
643
669
648
640
628
473
628
485
561
796
572
804
820
523
538
574
553
693
680
569
731
595
514
559
515
494
494
502
518
783
579
634
686
557
462
650
701
562
622
433
492
618
607
788
781
459
587
548
594
817
532
597
914
478
625
659
589
758
614
481
414
632
550
570
717
406
446
759
562
439
547
624
621
638
668
604
642
543
541
632
600
581
636
928
700
709
511
566
553
417
455
520
669
682
641
471
559
736
627
626
532
700
507
633
596
751
495
714
592
778
677
597
657
600
657
505
445
452
532
568
641
662
614
611
545
509
728
630
487
493
597
520
621
395
580
603
734
771
603
474
366
757
443
613
678
635
631
545
686
577
636
640
648
532
614
474
781
541
542
542
555
593
655
586
714
777
641
614
653
539
541
590
547
705
553
632
660
494
604
664
593
639
598
726
743
620
636
626
467
688
609
733
685
664
412
593
584
469
394
638
491
559
621
611
739
698
606
665
647
537
518
592
684
843
683
546
562
429
564
584
560
542
923
632
617
539
705
458
637
615
415
473
686
643
407
600
677
729
513
601
668
713
490
399
663
449
830
496
679
749
601
572
674
727
642
542
556
668
442
643
511
429
669
462
700
677
551
692
713
529
522
481
442
657
610
415
617
584
570
666
591
650
699
420
651
665
643
435
616
657
758
548
601
568
557
620
630
627
678
656
592
587
516
663
508
633
559
660
680
483
541
511
523
700
629
652
675
562
729
753
547
687
331
553
629
488
607
568
688
481
452
688
353
750
747
487
479
579
745
559
591
628
590
620
619
635
556
590
327
585
721
520
652
716
562
410
570
616
643
609
630
722
565
359
544
761
660
492
556
534
667
659
655
667
516
630
700
540
712
543
729
566
564
574
377
547
643
536
660
718
635
559
672
696
669
764
843
507
662
689
591
594
659
665
574
562
519
498
615
653
518
454
619
394
650
509
415
641
594
535
523
519
944
770
558
431
602
630
571
516
681
377
526
331
711
647
645
512
569
581
722
701
422
626
723
610
407
596
777
561
601
639
623
575
520
564
568
643
775
711
631
614
487
567
559
559
694
641
658
717
463
612
549
557
678
591
423
481
656
760
663
588
524
626
607
800
616
491
662
743
681
799
554
446
713
645
473
649
559
748
642
628
553
692
775
568
689
820
702
378
491
726
696
691
577
604
592
604
591
598
470
571
509
565
599
552
591
697
672
656
639
541
423
734
740
699
449
634
394
798
575
564
424
725
872
489
536
845
752
604
471
681
708
570
567
701
683
575
687
706
557
413
574
465
765
419
579
611
646
616
408
460
367
733
578
623
726
569
596
553
698
622
421
711
722
722
694
546
607
491
697
803
610
660
675
486
696
422
781
736
524
665
641
638
726
566
540
643
522
732
728
712
669
579
693
627
611
621
723
666
448
586
542
596
522
838
480
666
482
543
555
579
522
660
714
614
567
647
672
749
482
441
621
666
581
645
345
467
759
650
510
582
722
665
454
488
451
661
442
623
416
625
694
747
601
763
705
635
637
764
704
513
609
540
600
720
558
671
627
606
666
658
543
415
568
521
411
744
542
570
732
635
696
667
626
719
880
662
752
672
522
566
697
513
604
619
803
768
465
551
605
552
756
650
479
474
599
618
519
537
609
419
678
565
731
556
592
623
476
499
606
496
529
501
630
751
649
661
569
643
451
739
633
634
784
635
652
673
715
410
646
627
585
749
509
529
687
703
406
542
776
636
768
823
487
590
412
432
611
468
619
674
775
602
640
546
486
665
660
672
611
829
639
632
546
566
329
422
424
476
488
474
703
493
755
635
698
682
610
595
590
468
556
557
829
601
507
457
465
408
634
543
529
684
610
507
710
595
616
773
516
583
649
526
714
635
554
498
626
565
611
603
523
754
632
683
622
871
534
703
422
575
581
666
554
459
653
703
518
555
614
711
654
669
435
791
534
627
705
747
372
686
689
659
595
451
647
407
541
863
644
473
637
605
542
556
477
777
692
684
636
899
517
652
611
520
580
545
643
502
585
520
608
548
606
726
630
638
562
447
565
689
544
528
522
641
450
690
592
388
563
453
582
588
596
576
583
484
622
633
659
640
406
569
585
555
685
525
680
684
603
529
607
493
423
935
768
473
672
679
554
602
535
650
719
735
780
643
594
627
607
570
525
739
625
489
637
491
492
756
514
614
628
586
659
709
679
571
581
735
572
599
489
476
628
614
716
787
474
567
618
588
862
643
616
723
446
625
656
593
672
755
496
622
602
577
498
543
623
660
542
513
582
576
598
397
712
580
574
676
480
407
636
483
610
639
776
654
562
552
624
618
529
423
584
828
712
400
558
294
510
534
466
390
567
597
482
566
653
651
494
538
789
501
732
497
778
574
401
565
656
717
612
463
522
586
728
604
411
475
789
621
600
673
419
660
678
541
581
549
686
590
663
508
530
454
613
445
600
741
584
808
667
567
538
601
620
652
530
586
622
688
794
653
697
689
864
546
518
579
677
602
668
266
562
586
613
543
701
522
944
836
655
576
607
794
487
650
463
375
650
637
341
547
558
639
668
750
641
522
673
594
600
571
748
581
418
453
583
773
769
752
501
688
717
503
567
726
620
607
655
589
680
699
551
589
546
566
690
692
597
692
690
590
663
501
620
451
629
558
594
557
651
589
550
610
605
598
529
679
496
472
674
556
758
518
554
624
587
584
630
632
459
401
577
532
526
576
702
573
640
586
470
655
578
747
507
582
570
528
601
674
512
380
475
758
594
598
727
652
498
685
650
581
563
730
586
554
589
574
610
544
746
683
492
506
688
561
534
635
451
469
587
562
559
646
717
571
520
645
576
562
623
457
488
545
284
739
538
706
754
569
526
521
505
518
689
628
530
627
850
537
680
673
641
454
788
686
469
472
693
601
659
672
658
596
620
442
828
682
621
493
717
485
603
495
503
559
472
673
671
584
566
706
671
657
559
720
572
519
681
815
816
620
564
625
733
584
692
583
556
589
541
509
492
625
642
769
609
595
780
561
680
723
534
634
600
529
544
576
449
614
688
598
721
687
569
683
572
577
556
660
609
796
626
807
695
586
582
636
614
599
576
512
721
670
439
861
780
588
529
668
724
766
519
724
649
518
738
643
563
544
603
585
743
783
688
656
620
771
660
667
567
803
651
538
664
527
493
560
668
705
610
508
557
613
723
749
508
671
461
681
614
515
686
571
529
651
643
644
442
558
651
556
677
601
526
769
697
535
764
521
505
566
619
568
555
569
443
584
603
736
521
548
651
648
415
406
391
666
624
485
700
657
757
659
622
530
514
625
651
566
858
581
659
554
653
494
579
469
703
659
444
630
512
516
562
525
627
651
592
619
677
471
670
643
654
572
642
596
647
827
739
583
646
528
758
651
592
497
744
456
610
607
587
598
616
583
713
608
642
650
654
627
745
523
488
588
605
700
451
382
599
628
411
591
556
581
569
771
709
725
430
627
456
563
626
566
575
549
600
668
670
412
475
516
568
614
508
567
524
568
585
536
613
520
525
616
406
783
655
567
720
576
413
670
604
655
526
596
480
574
560
607
543
595
633
568
703
640
470
713
662
683
695
672
597
553
411
432
551
341
577
397
617
585
629
654
567
707
578
731
662
817
718
634
526
620
696
745
729
499
591
769
559
692
565
621
612
459
459
689
735
650
593
660
668
484
627
639
697
674
671
541
662
628
428
715
399
543
665
759
756
549
588
622
687
588
721
690
609
644
551
488
616
603
583
481
484
575
574
649
518
662
633
710
782
559
640
761
740
528
553
572
542
594
611
548
663
529
613
669
662
483
608
658
598
612
708
541
530
615
648
689
594
482
558
519
793
634
620
669
417
364
591
658
443
698
588
423
414
539
560
632
744
601
500
496
518
546
505
646
511
623
533
374
579
581
710
539
677
638
540
516
646
611
420
430
747
694
614
371
718
478
644
478
453
752
523
760
538
698
697
457
496
718
739
694
370
625
679
696
554
518
698
737
683
637
674
692
533
552
663
608
573
704
505
696
755
697
527
321
443
419
678
631
684
630
635
590
626
663
794
802
686
455
621
569
664
659
570
660
614
773
571
579
579
549
509
743
661
581
531
597
667
585
440
542
520
568
591
696
550
577
597
626
452
626
643
429
540
836
584
642
667
477
505
610
497
589
321
641
662
530
554
733
491
565
409
447
609
624
549
633
471
487
709
524
624
550
487
617
727
626
615
460
598
608
811
525
472
570
654
414
594
611
742
678
439
580
652
629
793
624
742
709
513
524
695
661
547
466
671
679
515
414
372
560
599
577
609
730
552
738
592
684
563
579
631
578
722
660
662
409
489
828
671
554
585
850
551
612
486
431
497
332
437
755
654
663
681
580
513
534
513
547
524
407
508
556
421
726
516
556
562
787
550
487
695
639
619
593
436
603
470
619
579
620
811
603
694
820
496
657
599
544
628
465
621
668
823
787
742
619
619
659
786
582
705
592
556
778
607
721
577
583
529
687
913
617
712
752
459
571
587
569
656
501
374
567
416
710
921
432
504
658
703
678
546
555
631
518
564
722
665
700
429
557
457
419
458
602
575
533
539
739
524
871
565
607
531
717
613
772
735
558
580
584
684
569
453
671
577
440
537
583
636
638
616
633
757
608
620
660
476
496
432
562
684
735
621
415
724
587
488
392
576
628
685
546
578
507
579
670
840
592
930
713
606
738
587
639
771
718
559
592
557
655
685
761
599
697
631
626
610
563
589
489
673
560
601
656
487
575
639
426
669
447
711
621
663
525
631
702
481
620
573
594
721
482
617
698
537
440
726
779
688
666
551
613
515
441
600
357
559
655
694
546
523
642
534
645
641
397
543
616
654
679
609
535
510
435
652
590
540
601
640
530
660
513
609
696
779
510
386
597
599
672
494
489
565
547
529
765
690
704
560
620
321
726
822
775
698
700
532
603
568
459
646
465
698
600
481
663
692
681
475
759
276
597
601
561
699
718
595
633
537
658
489
508
568
535
813
522
556
510
625
570
531
557
733
597
490
674
775
554
673
534
669
582
732
594
712
776
647
394
591
648
468
796
537
567
738
617
631
607
565
672
467
576
584
554
525
631
731
618
544
810
522
642
530
544
545
548
652
687
477
526
694
481
505
715
584
610
622
615
559
616
632
595
751
745
602
615
637
706
705
554
699
622
824
406
581
547
654
627
859
634
755
489
534
563
427
701
431
630
615
747
599
738
546
690
724
479
657
570
514
683
578
704
786
827
661
588
539
524
491
670
638
585
348
567
378
632
615
527
682
721
623
751
650
696
617
584
577
672
494
529
743
810
715
634
556
569
700
686
725
718
600
521
600
543
593
695
590
706
546
604
613
489
523
509
611
647
401
651
611
704
656
683
729
638
602
702
455
522
652
646
639
394
445
449
633
802
672
512
813
605
702
633
744
643
704
564
404
599
644
760
580
800
698
525
599
707
580
415
633
618
606
498
617
718
505
530
587
681
607
472
663
506
618
615
586
514
670
520
502
324
553
679
726
435
687
545
705
587
514
521
778
569
492
676
489
870
381
785
880
720
616
607
586
585
715
676
565
678
489
535
581
619
564
558
615
576
608
589
562
671
481
654
410
663
610
712
471
592
467
671
688
610
644
686
616
506
510
597
572
486
554
583
745
607
558
501
648
549
617
740
545
469
717
576
701
520
633
554
446
525
634
684
636
702
565
694
573
717
633
616
749
524
481
685
665
580
601
632
472
746
586
582
573
628
568
625
915
519
413
771
604
452
617
541
594
596
660
577
454
745
656
454
675
675
470
719
553
567
671
728
678
574
784
640
767
785
708
580
672
640
536
633
572
684
676
529
609
421
599
899
521
662
688
620
783
607
699
654
772
508
503
610
673
565
650
608
517
571
616
729
679
807
729
592
575
446
560
447
506
575
533
645
624
802
485
699
611
553
554
633
771
562
500
472
640
659
576
495
534
586
591
613
442
634
508
592
365
492
479
664
580
396
549
596
555
793
574
580
518
771
631
671
607
558
655
621
661
974
644
611
771
531
701
542
782
489
538
676
770
604
684
585
624
768
543
576
776
765
713
789
570
537
527
501
480
557
566
711
630
720
675
495
574
626
773
724
546
628
683
487
495
684
739
476
693
629
459
752
447
550
715
611
648
586
765
623
413
590
550
691
602
497
611
574
696
541
624
594
569
521
619
577
843
724
695
449
597
490
486
680
666
567
612
562
714
684
511
585
575
606
606
483
588
240
520
629
531
548
674
753
477
508
656
614
639
345
520
613
682
588
526
688
436
646
665
387
598
449
584
523
723
484
537
544
606
696
589
506
642
530
665
738
537
573
528
583
428
645
597
613
702
557
554
478
681
599
604
547
481
472
577
527
684
460
674
763
497
850
620
578
656
517
675
464
601
631
462
388
478
808
510
508
620
597
616
541
668
631
703
579
731
622
558
598
662
556
496
539
632
696
500
701
684
436
694
610
604
653
808
469
708
650
627
626
376
638
622
528
523
606
567
645
513
556
681
637
679
724
579
624
697
566
655
582
695
640
690
673
680
372
559
701
457
720
504
578
693
640
403
650
616
515
548
738
701
652
961
524
718
645
746
687
660
474
815
634
563
594
729
623
481
560
570
690
751
601
605
564
604
479
584
710
615
744
715
617
650
616
591
549
642
485
635
556
482
529
584
566
587
657
641
628
583
494
669
376
597
784
506
651
562
679
590
455
460
596
832
559
501
428
587
530
636
670
440
572
618
704
726
667
670
414
412
583
600
566
361
709
578
624
396
368
696
489
534
559
615
466
494
539
445
519
662
558
570
642
580
464
740
538
558
574
499
571
489
452
574
476
601
591
748
382
700
566
584
702
567
603
491
577
518
425
648
582
664
802
593
515
654
661
834
488
667
697
524
416
482
618
521
640
853
676
701
765
613
632
565
604
663
469
552
673
578
490
571
805
590
719
434
579
522
581
649
450
776
612
468
544
595
649
609
512
617
728
664
714
727
683
572
498
721
585
670
694
676
519
513
635
454
626
545
825
603
638
664
505
753
587
576
714
368
709
679
579
578
637
612
530
727
761
617
548
604
673
650
546
624
564
715
697
425
364
514
486
681
453
586
541
688
546
634
691
656
768
601
487
435
452
441
487
601
455
601
545
485
668
682
482
482
567
715
455
658
855
723
678
736
694
361
676
804
580
732
568
586
588
626
742
684
556
560
560
558
546
461
587
477
610
609
634
712
554
464
691
645
485
472
590
681
781
729
499
592
748
530
513
771
645
569
530
533
820
548
568
463
622
553
706
760
604
806
643
641
453
481
471
653
563
639
627
503
547
390
503
638
578
648
672
496
660
684
533
544
595
574
644
751
590
864
526
485
699
420
453
630
608
465
665
354
562
520
582
511
576
513
567
613
566
612
616
667
619
592
785
718
469
520
493
512
533
505
606
688
626
551
733
680
620
596
676
652
764
508
613
624
702
621
700
615
573
648
575
552
746
493
461
456
629
602
640
736
611
458
576
639
700
430
558
586
452
646
594
670
595
468
645
767
513
424
560
645
470
618
599
401
700
751
653
638
310
588
573
701
640
717
584
519
678
444
575
832
616
659
596
751
801
585
598
481
580
460
701
624
684
652
674
696
687
525
681
607
564
564
562
784
807
745
404
437
728
512
575
653
572
624
690
614
625
669
601
443
537
562
711
601
666
546
526
648
522
674
571
459
631
487
549
557
756
677
697
480
641
610
497
390
530
758
600
532
684
661
541
399
713
571
575
657
737
503
607
617
783
450
653
502
770
537
486
624
711
729
723
441
698
514
627
616
515
532
749
578
508
527
514
592
592
623
621
538
565
484
681
715
579
739
668
623
551
663
727
478
631
532
462
532
604
697
842
563
617
646
708
643
574
873
578
666
546
868
587
447
593
578
614
702
562
522
653
613
698
533
473
612
618
576
546
556
575
492
673
708
678
566
548
581
537
578
707
753
546
523
551
541
525
606
558
522
499
701
376
546
464
667
503
514
672
674
500
642
587
745
508
742
699
608
650
682
674
627
409
744
649
574
715
586
643
649
600
631
674
616
562
614
445
563
504
704
656
572
764
548
583
583
620
594
595
765
662
765
536
628
561
566
495
775
689
805
562
584
677
508
671
623
754
493
646
673
572
434
762
441
786
660
534
510
717
435
365
508
667
641
603
655
671
596
593
580
699
658
492
645
447
666
531
572
680
761
725
591
788
506
532
635
718
558
358
572
545
597
584
472
683
517
607
725
772
615
548
625
701
530
735
553
576
484
546
596
583
571
507
474
487
786
655
619
588
529
637
690
556
647
466
540
597
604
542
420
439
646
465
515
706
575
448
456
546
528
626
700
544
462
611
445
574
654
500
559
500
468
664
575
499
589
775
668
726
692
646
517
834
624
634
526
705
460
687
757
565
597
697
588
541
634
755
549
687
683
565
475
675
675
600
574
577
496
585
692
667
455
710
727
659
472
525
692
595
451
515
636
591
538
799
566
688
664
514
667
523
705
566
637
648
588
590
613
333
643
618
570
527
590
699
790
666
556
477
681
538
610
629
550
615
700
393
652
552
641
539
993
520
452
459
493
534
629
658
720
734
631
501
665
449
547
581
730
632
590
728
448
555
515
547
823
533
512
711
475
492
617
653
693
480
759
556
593
569
633
517
522
485
574
537
438
528
701
729
609
529
624
458
463
580
561
569
586
548
474
626
735
413
427
758
476
493
545
576
613
651
629
721
607
587
507
595
727
712
557
641
701
571
489
712
755
639
490
601
720
710
667
569
649
485
787
686
713
459
295
655
698
604
696
525
452
622
624
546
648
536
761
540
599
534
425
425
532
607
623
476
697
546
662
549
543
574
814
652
543
486
668
581
387
611
491
635
536
761
653
667
622
748
556
556
660
597
720
590
765
644
689
543
599
624
566
468
408
599
679
542
634
643
561
337
542
459
478
548
673
393
351
452
494
511
761
525
624
585
606
609
680
540
601
338
515
568
663
571
650
624
656
509
906
805
741
724
745
536
529
596
578
463
754
431
627
683
736
642
552
587
533
783
452
435
361
744
591
610
538
521
565
592
541
628
459
650
759
664
660
824
686
502
527
510
766
551
473
689
591
686
644
666
650
557
688
645
631
384
574
716
673
623
723
683
395
637
472
553
491
521
786
554
566
582
752
625
490
498
595
668
511
496
728
758
549
547
621
698
636
576
498
677
718
705
632
812
742
554
581
576
626
601
596
564
660
614
566
496
669
551
531
723
620
659
592
690
703
487
489
699
584
709
691
605
590
644
704
772
462
473
416
615
530
542
617
663
543
548
655
360
527
689
658
702
575
693
778
616
620
622
750
637
502
494
498
711
519
765
712
467
740
498
699
621
710
500
615
632
574
442
697
478
524
636
782
307
516
629
668
590
622
715
711
500
649
679
604
536
509
659
709
448
627
411
498
617
591
631
521
469
612
553
649
444
651
702
760
393
597
628
576
646
408
475
695
583
619
529
538
517
741
571
456
516
553
572
678
696
537
487
916
602
586
585
658
798
740
640
622
669
631
636
641
480
594
719
637
697
573
493
686
519
514
458
692
474
751
660
761
712
545
566
790
700
768
628
569
722
636
578
458
544
718
575
743
617
619
800
724
608
644
762
528
665
654
677
677
691
656
471
420
572
704
594
647
656
602
544
551
476
572
593
515
518
807
600
654
567
617
626
589
430
584
710
508
488
674
597
525
679
559
551
753
619
593
702
499
625
658
512
644
604
715
576
753
708
670
561
479
744
644
729
527
633
687
875
749
626
605
549
557
785
607
650
564
687
582
795
717
525
688
601
658
617
810
655
448
619
415
670
651
474
709
558
538
574
614
658
724
755
613
481
719
533
530
720
847
474
731
631
629
579
621
652
538
569
587
760
539
623
600
687
507
463
631
568
620
647
387
578
470
672
562
629
533
609
405
620
532
717
665
677
580
621
741
595
603
638
824
683
534
733
444
359
742
822
689
669
728
459
637
557
402
603
697
579
634
518
359
639
678
528
784
592
547
538
578
641
882
587
547
630
726
524
569
594
572
424
609
692
597
780
591
518
658
560
678
713
512
575
519
627
648
684
665
537
548
716
379
405
668
548
681
526
654
688
508
767
551
647
521
619
545
701
689
485
379
541
681
780
701
714
541
547
578
564
697
675
694
626
642
678
370
698
513
514
582
655
600
671
547
630
669
654
513
672
523
631
797
587
708
606
766
421
650
863
594
626
490
636
643
596
749
587
559
584
771
456
454
582
446
760
652
660
648
604
774
756
690
540
390
511
955
554
529
611
788
711
739
532
490
615
823
626
598
458
548
705
572
696
679
648
533
698
528
682
662
639
450
568
556
568
646
508
425
738
683
714
599
675
666
627
607
582
469
576
651
540
628
879
590
582
413
605
526
567
675
468
412
375
760
363
606
549
571
411
465
572
860
770
830
579
509
733
660
557
624
662
510
645
577
782
469
484
624
805
625
751
444
535
618
635
709
527
513
640
677
772
553
486
609
504
683
695
668
670
553
354
760
525
654
661
729
524
622
464
519
611
527
578
451
549
674
582
533
631
560
830
614
588
838
587
574
387
737
448
690
669
730
537
625
676
426
698
627
524
561
717
653
561
527
607
639
513
809
654
656
593
810
630
639
588
636
539
649
571
538
651
473
647
646
691
816
614
669
419
570
637
492
623
562
540
629
700
461
559
484
521
612
637
638
520
619
614
582
696
579
632
592
591
521
642
583
577
594
531
467
502
569
511
601
511
675
727
719
609
544
806
595
726
573
579
637
650
524
583
659
471
599
402
651
664
759
752
554
566
720
482
650
557
697
667
509
515
590
454
489
668
524
607
491
650
661
663
679
573
601
795
486
685
524
650
603
710
485
654
632
637
605
494
821
557
680
582
444
523
405
441
464
517
468
431
522
463
575
553
671
530
543
529
557
495
648
706
430
516
553
869
557
549
628
685
632
368
506
572
497
605
719
371
473
734
601
455
727
492
542
526
597
641
565
723
778
621
726
651
687
504
576
761
727
553
592
425
610
787
700
566
542
479
678
484
590
538
609
645
514
673
559
605
633
793
575
689
614
631
870
572
530
575
433
637
579
600
605
587
835
751
683
615
552
803
691
722
620
544
630
637
699
705
551
747
786
667
446
551
437
592
589
624
660
528
615
447
630
683
567
612
436
530
650
507
387
573
534
686
508
513
683
594
584
605
483
522
589
701
673
551
610
669
654
476
677
645
702
651
459
675
537
746
759
403
654
389
498
522
542
453
554
804
623
446
640
703
633
726
762
574
658
510
603
541
629
529
827
797
583
487
583
632
716
544
639
663
392
503
801
730
475
788
653
657
726
742
580
719
617
505
585
589
574
631
474
575
648
748
642
677
475
623
730
601
459
808
598
566
632
555
623
619
614
704
597
768
484
605
503
520
560
536
612
689
595
479
670
544
700
423
702
638
494
583
531
758
620
686
723
707
386
541
610
612
751
649
549
780
573
667
492
608
765
619
509
698
671
508
469
702
421
780
652
578
805
567
472
525
731
688
551
516
685
438
614
538
611
687
545
593
494
527
634
594
547
513
695
708
559
453
602
566
595
709
463
578
663
553
528
431
709
732
567
471
611
579
559
496
426
484
522
547
657
598
440
618
621
562
597
658
511
676
479
670
572
500
372
615
445
392
686
672
744
851
662
704
435
551
567
647
546
683
666
624
644
576
541
729
650
649
445
560
596
718
702
540
541
495
619
624
593
675
810
593
710
667
562
506
620
505
760
511
590
587
794
632
522
505
722
506
593
571
729
785
565
582
438
708
628
589
681
528
630
702
713
614
671
538
516
499
536
645
667
604
530
738
461
600
517
578
587
594
752
562
611
456
599
726
744
451
563
646
591
612
618
476
626
585
484
764
538
649
493
713
680
456
640
495
680
765
688
507
664
598
630
384
516
698
593
556
658
553
634
480
609
478
659
518
568
633
464
418
638
689
642
658
687
508
630
557
654
543
491
623
540
632
743
624
654
465
402
676
524
708
562
486
463
644
686
421
304
736
671
562
509
237
541
617
601
481
521
509
672
514
492
499
707
599
771
593
550
655
454
614
542
593
635
568
358
554
701
454
573
640
599
572
613
634
448
565
589
599
532
627
682
553
529
611
622
707
775
559
508
698
530
677
633
649
484
480
675
343
539
502
440
528
529
697
568
377
494
511
634
492
628
870
532
688
629
499
653
440
486
596
570
691
666
690
653
722
533
511
576
604
599
667
530
646
625
648
530
679
645
722
646
671
692
606
620
762
665
583
593
606
580
713
662
622
635
530
535
610
717
714
630
545
625
682
599
472
646
586
656
487
456
634
845
761
668
579
647
680
585
789
551
556
693
710
526
668
552
546
531
616
494
597
638
350
786
632
579
659
387
651
408
640
611
703
348
690
710
636
543
770
590
774
736
576
544
720
601
551
741
660
519
665
626
623
395
661
722
745
808
624
416
527
641
594
593
598
478
547
641
793
436
518
648
434
519
751
494
471
616
508
486
602
567
644
548
684
610
533
644
561
752
536
546
568
687
517
566
552
579
569
551
607
578
370
505
548
707
634
503
447
699
536
716
740
677
730
568
682
705
478
577
697
554
725
708
747
532
557
609
630
590
553
542
641
607
683
500
540
428
367
650
527
528
634
644
545
616
524
572
625
720
647
499
658
749
461
572
402
853
650
551
442
609
667
618
548
647
469
628
468
632
455
625
814
532
563
556
708
640
682
360
538
663
623
637
678
652
517
368
676
670
623
598
474
660
714
550
836
536
674
607
633
622
514
662
516
740
455
451
558
707
593
581
517
708
536
630
568
449
694
573
528
535
564
540
705
625
571
510
748
464
654
597
556
568
606
456
514
601
544
508
496
692
814
517
573
583
715
627
670
662
639
425
622
587
418
520
534
680
713
553
572
594
522
626
567
477
474
638
599
456
620
715
635
457
656
535
851
507
663
551
447
470
590
768
492
608
397
808
779
663
780
588
593
520
685
775
532
614
695
552
593
680
593
683
657
535
706
615
629
462
431
428
574
665
581
512
530
576
684
548
539
666
813
690
665
441
699
520
660
620
572
576
569
692
574
665
687
599
359
625
551
725
498
621
540
635
668
611
475
691
588
589
726
542
710
668
853
479
484
722
602
695
636
452
638
505
421
536
620
769
637
784
529
478
675
591
688
468
526
632
667
638
659
590
735
527
541
547
534
698
590
666
671
625
655
686
544
375
527
598
790
461
715
646
793
627
758
544
423
622
557
656
604
511
568
612
663
569
557
818
658
688
500
614
825
510
663
524
691
481
626
547
636
497
631
496
684
570
435
684
526
589
631
676
543
410
651
576
466
697
468
700
739
810
569
653
550
623
816
516
500
533
708
484
529
402
493
635
688
658
609
374
537
666
560
522
344
558
652
614
565
481
502
656
599
610
384
765
698
610
620
695
500
483
686
756
524
387
458
635
700
626
649
903
522
630
429
675
499
622
497
558
610
395
775
629
580
605
714
635
752
630
598
573
612
639
562
503
745
502
622
704
539
838
464
636
561
598
593
714
792
654
709
394
607
597
625
707
667
619
649
505
597
693
547
679
480
600
380
610
574
687
534
589
484
510
738
561
683
660
471
512
576
597
603
640
473
721
528
750
588
461
462
599
713
614
667
759
631
494
745
558
570
765
508
690
516
708
571
585
615
655
644
585
716
487
553
589
636
600
595
703
588
546
714
325
624
473
663
406
450
624
584
569
571
579
559
533
490
563
584
632
636
736
450
549
667
801
509
792
512
553
716
658
659
668
613
614
742
529
753
458
563
668
319
459
628
683
511
582
599
774
548
408
570
546
619
510
636
726
648
528
673
413
408
529
711
571
687
613
553
517
678
662
561
664
609
729
706
600
560
455
774
677
740
733
770
714
512
615
519
734
763
476
584
661
590
427
612
702
590
475
524
487
595
560
571
464
460
435
538
504
684
651
809
430
819
593
521
749
608
528
493
555
669
534
629
600
506
743
712
621
634
435
527
513
746
602
649
952
525
526
582
503
482
600
479
622
385
588
772
628
688
681
397
619
386
729
609
586
608
500
628
580
707
723
386
596
527
630
522
660
645
559
445
666
562
449
639
674
619
671
670
445
730
808
560
625
684
486
822
566
407
632
866
410
607
658
719
543
396
478
739
462
753
628
603
389
636
627
616
635
647
692
573
471
632
440
648
828
589
498
727
667
692
691
541
697
456
575
683
404
478
599
558
627
564
633
653
715
534
640
566
479
644
606
559
447
366
504
566
588
462
720
631
652
587
696
549
426
597
645
572
731
594
515
575
601
519
480
497
647
586
625
459
782
374
641
414
423
611
794
691
659
554
463
572
716
642
585
555
610
520
568
614
563
737
499
824
536
547
660
593
697
657
726
450
769
595
626
688
661
527
686
521
696
477
519
620
557
667
450
478
701
563
666
476
579
468
511
523
774
571
597
639
705
526
716
420
731
544
569
582
558
640
607
600
536
670
400
505
626
652
482
718
570
439
617
529
662
407
693
391
398
702
560
508
732
544
592
684
615
660
556
652
718
