0
-0.0012
-0.0028
-0.0026
-0.0025
-0.0002
0.0017
0.0009
0.0002
0.0027
0.0008
0.0038
0.002
0.0004
0
0
0
0
-0.0019
0.0016
-0.0003
-0.001
-0.0008
-0.0007
0.0077
0.0079
0.0053
0.0193
0.0101
0.0107
0.0101
0.0118
0
-0.0008
0.001
0.0027
0.0005
0.0007
-0.0028
-0.0017
0.0017
0.0065
0.0039
0.0052
0.0052
0.0061
0.0052
0.0078
0
0.0016
0.0005
0.0016
0.0037
0.0039
0.0064
0.0189
-0.0072
-0.0108
-0.0092
0.0145
-0.0068
-0.0073
-0.0096
-0.0053
0
0.0016
0.0007
-0.0013
0
0.0021
0.0033
0.0174
-0.0019
-0.0032
-0.006
-0.0041
-0.0023
-0.0007
-0.0023
-0.0033
0
0.0138
0.0019
0.0007
0.0021
0.0023
0.0006
0.0029
-0.0043
-0.0051
-0.0055
-0.003
-0.0052
-0.0022
-0.0085
-0.0101
0
0
0.0003
0.0003
-0.0021
0.0014
0.0003
-0.0004
-0.0048
-0.0047
-0.0042
-0.004
-0.0061
0.0079
-0.0053
-0.0047
0
0.0017
0.0014
0.0006
-0.0009
0.0008
-0.0001
0.0001
-0.0056
-0.0045
-0.0055
-0.0007
-0.0062
-0.0049
-0.0051
-0.0042
0
0.0026
0.0009
0.0025
-0.0003
0.0008
0.0007
0.0009
-0.0073
0.0052
-0.0109
-0.0145
-0.0101
0.0136
-0.009
-0.0095
0
0.0043
0.0023
0.0039
0.003
0.001
0.0027
0.0048
-0.0056
0.0085
-0.0059
-0.0072
-0.0069
-0.005
-0.0051
-0.0035
0
-0.001
0.0008
0.0146
-0.0035
-0.0047
-0.0063
-0.0061
-0.0019
0.0004
0.0023
0.0015
0
0.0025
0.0006
0.0036
0
-0.0016
-0.002
-0.002
0.0127
0.0127
0.0108
0.0143
0.0052
0.0045
0.0047
0.0048
0.006
0.0062
0.0036
0.0176
0
0.0006
0
0.0017
0.0022
0.0014
0.0032
0.0049
-0.0044
-0.0042
-0.0077
-0.0066
-0.0066
-0.0018
-0.0044
-0.0031
0
0.0009
0
0.0026
0.0022
0.0038
0.0027
0.0038
0.0096
0.0098
0.0123
0.0248
0.0072
0.0036
0.0052
0.0289
0.0001
-0.0004
-0.0027
0.0016
-0.0018
-0.0002
-0.0011
-0.0031
0.0119
0.014
0.0152
0.0293
0.0117
0.0104
0.0076
0.0095
0.0001
0.0017
0.0001
-0.0009
-0.0002
0.0136
0.0017
0.0005
0.0127
0.0129
0.0112
0.0135
0.0129
0.0121
0.0117
0.0142
0.0002
0.0032
-0.0031
-0.0047
-0.0001
-0.0001
0.0002
0.0002
0.0096
0.0131
0.012
0.0113
0.0096
0.0097
0.0102
0.0104
0.0005
0.0145
0.0013
0.0019
-0.0002
0.0015
0.0012
0.0004
0.0075
0.0092
0.0083
0.0085
0.006
0.0071
0.0061
0.0109
0.001
0.0023
0.0021
0.003
0.0011
0.0037
0.002
0.0036
0.0105
0.0116
0.0115
0.0117
0.0123
0.0248
0.0087
0.0051
0.0019
0.0256
0.003
0.0025
0.002
0.0063
0.0043
0.0059
0.0189
0.0169
0.0186
0.0207
0.0217
0.0358
0.0214
0.0201
0.0026
0.0045
0.0044
0.006
0.0014
0.0004
0.0022
0.016
0.0134
0.0122
0.0106
0.0108
0.0109
0.0132
0.0151
0.0143
0.0043
0.0068
0.0049
0.0079
0.0061
0.0045
0.0041
0.0041
0.0147
0.0147
0.0128
0.0163
0.0144
0.0137
0.0139
0.014
0.0065
0.0067
0.0041
0.0181
0.0089
0.0095
0.0089
0.0106
0.0097
0.0089
0.0107
0.0124
0.0102
0.0104
0.0069
0.008
0.0105
0.0153
0.0127
0.014
0.014
0.0149
0.014
0.0166
0.0171
0.0187
0.0176
0.0187
0.0208
0.021
0.0235
0.036
0.0161
0.0125
0.0141
0.0378
0.0165
0.016
0.0137
0.018
0.0235
0.0251
0.0242
0.0222
0.0235
0.0256
0.0268
0.0409
0.0228
0.0215
0.0187
0.0206
0.0224
0.024
0.0224
0.0214
0.021
0.0348
0.0229
0.0217
0.0231
0.0233
0.0216
0.0239
0.0326
0.0318
0.0314
0.0339
0.0317
0.0347
0.0284
0.0268
0.0256
0.0256
0.0259
0.0259
0.0235
0.027
0.0259
0.0252
0.044
0.0441
0.0446
0.0448
0.0427
0.0567
0.0435
0.0441
0.0365
0.0382
0.0379
0.0371
0.0356
0.0373
0.0364
0.0366
0.0601
0.0612
0.0602
0.065
0.0595
0.0608
0.0606
0.0615
0.0533
0.0559
0.0542
0.0558
0.053
0.0541
0.054
0.0542
0.0811
0.0936
0.0775
0.0739
0.0783
0.102
0.0794
0.0789
0.0751
0.0794
0.0774
0.079
0.0781
0.0761
0.0778
0.0799
0.1116
0.1257
0.1113
0.11
0.1103
0.1122
0.1121
0.1137
0.1172
0.1162
0.118
0.1318
0.1137
0.1125
0.1109
0.1111
0.1468
0.1491
0.151
0.1502
0.1487
0.1512
0.1493
0.1523
0.1495
0.1479
0.1475
0.1475
0.1622
0.1622
0.1603
0.1638
0.1862
0.1855
0.1857
0.1858
0.187
0.1872
0.1846
0.1986
0.2036
0.2042
0.2036
0.2053
0.2058
0.205
0.2068
0.2085
0.2357
0.2359
0.2324
0.2335
0.2335
0.2383
0.2357
0.237
0.2525
0.2534
0.2525
0.2551
0.2547
0.2563
0.2552
0.2563
0.2891
0.2893
0.2918
0.3043
0.2867
0.2831
0.2847
0.3084
0.2894
0.2889
0.2866
0.2909
0.2875
0.2891
0.2882
0.2862
0.3441
0.3462
0.3474
0.3615
0.3439
0.3426
0.3398
0.3417
0.3612
0.3628
0.3612
0.3602
0.3609
0.3747
0.3628
0.3616
0.4048
0.405
0.4033
0.4056
0.405
0.4042
0.4038
0.4063
0.415
0.418
0.4117
0.4101
0.4147
0.4147
0.415
0.415
0.4674
0.4709
0.4698
0.4691
0.4674
0.4675
0.468
0.4682
0.4756
0.4896
0.4764
0.477
0.4749
0.4766
0.4763
0.4755
0.5294
0.5311
0.5302
0.5304
0.5279
0.529
0.528
0.5328
0.5503
0.5516
0.5514
0.5523
0.5504
0.553
0.5513
0.5529
0.5922
0.5933
0.5932
0.5934
0.594
0.6065
0.5904
0.5868
0.6158
0.6395
0.6169
0.6164
0.6159
0.6202
0.6182
0.6198
0.6517
0.6497
0.6514
0.6535
0.6545
0.6686
0.6542
0.6529
0.6739
0.6758
0.6757
0.6773
0.6727
0.6717
0.6735
0.6873
0.708
0.7068
0.7052
0.7054
0.7055
0.7078
0.7097
0.7089
0.7082
0.7107
0.7088
0.7118
0.71
0.7084
0.708
0.708
0.7592
0.7592
0.7573
0.7608
0.7589
0.7582
0.7584
0.7585
0.7669
0.7671
0.7645
0.7785
0.7693
0.7699
0.7693
0.771
0.8073
0.8065
0.8083
0.81
0.8078
0.808
0.8045
0.8056
0.809
0.8138
0.8112
0.8125
0.8125
0.8134
0.8125
0.8151
0.8513
0.8529
0.8518
0.8529
0.855
0.8552
0.8577
0.8702
0.8441
0.8405
0.8421
0.8658
0.8445
0.844
0.8417
0.846
0.8872
0.8888
0.8879
0.8859
0.8872
0.8893
0.8905
0.9046
0.8853
0.884
0.8812
0.8831
0.8849
0.8865
0.8849
0.8839
0.9139
0.9277
0.9158
0.9146
0.916
0.9162
0.9145
0.9168
0.9096
0.9088
0.9084
0.9109
0.9087
0.9117
0.9054
0.9038
0.9361
0.9361
0.9364
0.9364
0.934
0.9375
0.9364
0.9357
0.9313
0.9314
0.9319
0.9321
0.93
0.944
0.9308
0.9314
0.9543
0.956
0.9557
0.9549
0.9534
0.9551
0.9542
0.9544
0.9487
0.9498
0.9488
0.9536
0.9481
0.9494
0.9492
0.9501
0.9686
0.9712
0.9695
0.9711
0.9683
0.9694
0.9693
0.9695
0.9613
0.9738
0.9577
0.9541
0.9585
0.9822
0.9596
0.9591
0.9772
0.9815
0.9795
0.9811
0.9802
0.9782
0.9799
0.982
0.9716
0.9857
0.9713
0.97
0.9703
0.9722
0.9721
0.9737
0.9853
0.9843
0.9861
0.9999
0.9818
0.9806
0.979
0.9792
0.9834
0.9857
0.9876
0.9868
0.9853
0.9878
0.9859
0.9889
0.9906
0.989
0.9886
0.9886
1.0033
1.0033
1.0014
1.0049
0.9958
0.9951
0.9953
0.9954
0.9966
0.9968
0.9942
1.0082
0.995
0.9956
0.995
0.9967
0.9972
0.9964
0.9982
0.9999
0.9906
0.9908
0.9873
0.9884
0.9884
0.9932
0.9906
0.9919
0.9971
0.998
0.9971
0.9997
0.9993
1.0009
0.9998
1.0009
1.0067
1.0069
1.0094
1.0219
1.0043
1.0007
1.0023
1.026
0.9983
0.9978
0.9955
0.9998
0.9964
0.998
0.9971
0.9951
1.0101
1.0122
1.0134
1.0275
1.0099
1.0086
1.0058
1.0077
0.9991
1.0007
0.9991
0.9981
0.9988
1.0126
1.0007
0.9995
1.0117
1.0119
1.0102
1.0125
1.0119
1.0111
1.0107
1.0132
0.9995
1.0025
0.9962
0.9946
0.9992
0.9992
0.9995
0.9995
1.0089
1.0124
1.0113
1.0106
1.0089
1.009
1.0095
1.0097
0.9997
1.0137
1.0005
1.0011
0.999
1.0007
1.0004
0.9996
1.0067
1.0084
1.0075
1.0077
1.0052
1.0063
1.0053
1.0101
1
1.0013
1.0011
1.002
1.0001
1.0027
1.001
1.0026
1.0095
1.0106
1.0105
1.0107
1.0113
1.0238
1.0077
1.0041
1
1.0237
1.0011
1.0006
1.0001
1.0044
1.0024
1.004
1.017
1.015
1.0167
1.0188
1.0198
1.0339
1.0195
1.0182
1
1.0019
1.0018
1.0034
0.9988
0.9978
0.9996
1.0134
1.0108
1.0096
1.008
1.0082
1.0083
1.0106
1.0125
1.0117
1
1.0025
1.0006
1.0036
1.0018
1.0002
0.9998
0.9998
