0
0
0
0
0
0
0
0
0
0
0
0
0
0
0
0
0
0
0
0
0
0
0
0
0
0
0
0
0
0
0
0
0
0
0
0
0
0
0
0
0
0
0
0
0
0
0
0
0
0
0
0
0
0
0
0
0
0
0
0
0
0
0
0
0
0
0
0
0
0
0
0
0
0
0
0
0
0
0
0
0
0
0
0
0
0
0
0
0
0
0
0
0
0
0
0
0
0
0
0
0
0
0
0
0
0
0
0
0
0
0
0
0
0
0
0
0
0
0
0
0
0
0
0
0
0
0
0
0
0
0
0
0
0
0
0
0
0
0
0
0
0
0
0
0
0
0
0
0
0
0
0
0
0
0
0
0
0
0
0
0
0
0
0
0
0
0
0
0
0
0
0
0
0
0
0
0
0
0
0
0
0
0
0
0
0
0
0
0
0
0
0
0
0
0
0
0
0
0
0
0
0
0
0
0
0
0
0
0
0
0
0
0
0
0
0
0
0
0
0
0
0
0
0
0
0
0
0
0
0
0
0
0
0
0
0
0
0
0.0001
0.0001
0.0001
0.0002
0.0002
0.0002
0.0002
0.0002
0.0002
0.0002
0.0002
0.0002
0.0002
0.0002
0.0002
0.0002
0.0002
0.0002
0.0002
0.0002
0.0002
0.0002
0.0002
0.0002
0.0002
0.0002
0.0002
0.0002
0.0002
0.0003
0.0003
0.0003
0.0003
0.0003
0.0003
0.0004
0.0004
0.0004
0.0004
0.0005
0.0005
0.0005
0.0005
0.0005
0.0005
0.0005
0.0005
0.0006
0.0006
0.0006
0.0006
0.0006
0.0006
0.0006
0.0006
0.0006
0.0007
0.0008
0.001
0.001
0.001
0.001
0.001
0.001
0.001
0.0011
0.0011
0.0012
0.0012
0.0012
0.0013
0.0013
0.0013
0.0014
0.0014
0.0014
0.0014
0.0014
0.0014
0.0014
0.0014
0.0015
0.0016
0.0017
0.002
0.0021
0.0021
0.0022
0.0023
0.0024
0.0026
0.0027
0.0028
0.0028
0.003
0.0032
0.0033
0.0033
0.0033
0.0035
0.0036
0.0039
0.0039
0.0039
0.0041
0.0041
0.0042
0.0043
0.0045
0.0045
0.0045
0.0047
0.0048
0.0049
0.005
0.0051
0.0052
0.0055
0.0057
0.0058
0.0059
0.0064
0.0069
0.0071
0.0074
0.0075
0.0076
0.0078
0.0083
0.0087
0.0089
0.0095
0.0097
0.0103
0.0105
0.011
0.011
0.0114
0.0118
0.0126
0.013
0.0134
0.0137
0.014
0.0142
0.0146
0.0149
0.0154
0.0156
0.0162
0.0169
0.0174
0.0177
0.0184
0.0191
0.0196
0.0203
0.0213
0.0218
0.0223
0.0229
0.0233
0.0238
0.0241
0.0248
0.0254
0.0257
0.0261
0.0266
0.0277
0.0287
0.0297
0.0301
0.0309
0.0315
0.0323
0.0331
0.0342
0.0353
0.0361
0.0367
0.0372
0.0381
0.0394
0.0402
0.0408
0.042
0.0427
0.0436
0.0441
0.0446
0.0454
0.0462
0.0472
0.048
0.0487
0.0494
0.0501
0.0513
0.0519
0.0524
0.0531
0.0541
0.0552
0.0563
0.0578
0.0584
0.0594
0.0606
0.0626
0.0643
0.0651
0.0663
0.0673
0.0684
0.0699
0.0709
0.0724
0.0739
0.0754
0.0764
0.0778
0.0797
0.0806
0.0819
0.0836
0.0852
0.0864
0.0877
0.089
0.0902
0.0921
0.094
0.0955
0.097
0.099
0.1006
0.1032
0.1047
0.1064
0.1076
0.1097
0.1117
0.1134
0.1163
0.1181
0.1199
0.1218
0.1236
0.1257
0.1283
0.1296
0.132
0.1336
0.1354
0.1373
0.1394
0.1415
0.1434
0.1458
0.1476
0.1498
0.152
0.1542
0.1561
0.1577
0.16
0.1615
0.1642
0.1666
0.1693
0.1733
0.1759
0.1781
0.1806
0.1835
0.1863
0.1885
0.1912
0.1935
0.1954
0.1982
0.2007
0.2035
0.2069
0.2105
0.2129
0.2163
0.2193
0.222
0.2255
0.2291
0.2334
0.2372
0.239
0.2418
0.2447
0.2493
0.2512
0.2539
0.257
0.2608
0.2636
0.2665
0.2704
0.2743
0.2777
0.2812
0.2839
0.2881
0.2924
0.2961
0.2997
0.3022
0.3057
0.3075
0.3115
0.3149
0.3175
0.3221
0.3262
0.3299
0.3352
0.3387
0.3409
0.3456
0.3496
0.3525
0.3558
0.3604
0.365
0.3695
0.374
0.3781
0.3819
0.3868
0.3902
0.3948
0.3989
0.4036
0.4076
0.4119
0.4165
0.4199
0.4231
0.4269
0.4306
0.4344
0.4389
0.4423
0.4465
0.4505
0.4541
0.4585
0.4622
0.4663
0.4705
0.4749
0.4783
0.4812
0.4862
0.4892
0.4944
0.4986
0.503
0.506
0.5092
0.5126
0.5153
0.5191
0.5236
0.5268
0.5309
0.5347
0.5387
0.5421
0.5463
0.5512
0.5549
0.5592
0.5633
0.5658
0.5698
0.5747
0.5784
0.5825
0.5862
0.5907
0.5949
0.5995
0.6036
0.6082
0.6121
0.617
0.6213
0.6261
0.6299
0.6341
0.638
0.6418
0.646
0.6491
0.6524
0.6567
0.661
0.6647
0.668
0.6714
0.6749
0.6784
0.6809
0.6841
0.6877
0.6918
0.6956
0.6992
0.7017
0.7055
0.7082
0.7112
0.7137
0.7176
0.7214
0.7263
0.7284
0.7321
0.7354
0.7378
0.7418
0.7451
0.7487
0.7519
0.7547
0.7578
0.7614
0.7644
0.7671
0.7704
0.774
0.7765
0.7794
0.7825
0.7852
0.788
0.7908
0.7929
0.7969
0.8005
0.8021
0.8057
0.8085
0.8124
0.8152
0.8176
0.8196
0.8228
0.8247
0.8271
0.8292
0.8327
0.8361
0.8396
0.8422
0.8459
0.8491
0.8522
0.8541
0.8561
0.8589
0.8608
0.862
0.8643
0.8661
0.8681
0.8699
0.8718
0.8741
0.8762
0.8792
0.881
0.8831
0.886
0.8876
0.8898
0.8913
0.8934
0.8958
0.8974
0.8988
0.9011
0.9027
0.9042
0.9066
0.9079
0.9092
0.9101
0.9113
0.9123
0.914
0.9152
0.9163
0.9181
0.9199
0.9211
0.9216
0.9231
0.9247
0.9262
0.9276
0.929
0.9303
0.9314
0.9324
0.933
0.9348
0.9368
0.9378
0.9386
0.9398
0.9406
0.9411
0.9423
0.9434
0.9452
0.9468
0.9476
0.9483
0.9494
0.951
0.9515
0.9521
0.9533
0.9543
0.9552
0.9566
0.9572
0.9582
0.9598
0.9612
0.9619
0.9623
0.9632
0.9639
0.9651
0.9658
0.9665
0.9677
0.9683
0.9689
0.9696
0.9703
0.971
0.9717
0.9722
0.9729
0.9732
0.9739
0.9746
0.975
0.9756
0.976
0.9766
0.9772
0.9776
0.9779
0.9785
0.9791
0.9796
0.9801
0.9804
0.9809
0.9819
0.9821
0.983
0.9834
0.9835
0.9838
0.9842
0.9845
0.9848
0.985
0.9853
0.9854
0.986
0.9862
0.9868
0.9872
0.9876
0.9879
0.9881
0.9886
0.9893
0.9896
0.9902
0.9902
0.9904
0.9905
0.9908
0.9911
0.9914
0.9915
0.9918
0.9918
0.9921
0.9921
0.9923
0.9927
0.9927
0.993
0.993
0.9931
0.9932
0.9932
0.9935
0.9937
0.9937
0.994
0.994
0.9942
0.9943
0.9944
0.9945
0.9946
0.9947
0.9949
0.995
0.9952
0.9954
0.9955
0.9956
0.9956
0.9957
0.9958
0.9961
0.9964
0.9965
0.9966
0.9967
0.9968
0.9968
0.9968
0.9969
0.997
0.9972
0.9972
0.9973
0.9973
0.9973
0.9974
0.9974
0.9974
0.9974
0.9974
0.9974
0.9974
0.9975
0.9975
0.9975
0.9975
0.9975
0.9975
0.9975
0.9977
0.9977
0.9977
0.9977
0.9978
0.9978
0.9979
0.998
0.998
0.998
0.998
0.998
0.998
0.998
0.9981
0.9982
0.9983
0.9984
0.9984
0.9984
0.9984
0.9984
0.9985
0.9985
0.9986
0.9986
0.9986
0.9986
0.9987
0.9988
0.9988
0.999
0.999
0.999
0.999
0.999
0.9991
0.9991
0.9992
0.9992
0.9992
0.9992
0.9992
0.9992
0.9992
0.9994
0.9994
0.9994
0.9994
0.9994
0.9994
0.9994
0.9994
0.9995
0.9995
0.9995
0.9996
0.9996
0.9996
0.9996
0.9996
0.9996
0.9997
0.9997
0.9997
0.9997
0.9997
0.9997
0.9998
0.9998
0.9998
0.9998
0.9998
0.9998
0.9998
0.9999
0.9999
0.9999
0.9999
0.9999
0.9999
0.9999
0.9999
0.9999
0.9999
0.9999
0.9999
0.9999
0.9999
0.9999
0.9999
0.9999
0.9999
0.9999
1
1
1
1
1
1
