0
0
0
0
0
0
0
0
0
0
0
0
0
0
0
0
0
0
0
0
0
0
0
0
0
0
0
0
0
0
0
0
0
0
0
0
0
0
0
0
0
0
0
0
0
0
0
0
0
0
0
0
0
0
0
0
0
0
0
0
0
0
0
0
0
0
0
0
0
0
0
0
0
0
0
0
0
0
0
0
0
0
0
0
0
0
0
0
0
0
0
0
0
0
0
0
0
0
0
0
0
0
0
0
0
0
0
0
0
0
0
0
0
0
0
0
0
0
0
0
0
0
0
0
0
0
0
0
0
0
0
0
0
0
0
0
0
0
0
0
0
0
0
0
0
0
0
0
0
0
0
0
0
0
0
0
0
0
0
0
0
0
0
0
0
0
0
0
0
0
0
0
0
0
0
0
0
0
0
0
0
0
0
0
0
0
0
0
0
0
0
0
0
0
0
0
0
0
0
0
0
0
0
0
0
0
0
0
0
0
0
0
0
0
0
0
0
0
0
0
0
0
0
0
0.0001
0.0001
0.0001
0.0001
0.0001
0.0001
0.0001
0.0001
0.0001
0.0001
0.0001
0.0001
0.0001
0.0001
0.0001
0.0001
0.0001
0.0001
0.0001
0.0001
0.0001
0.0001
0.0001
0.0002
0.0002
0.0002
0.0002
0.0002
0.0002
0.0002
0.0002
0.0002
0.0002
0.0002
0.0002
0.0002
0.0003
0.0003
0.0003
0.0004
0.0004
0.0004
0.0004
0.0004
0.0004
0.0005
0.0005
0.0005
0.0005
0.0006
0.0006
0.0008
0.0008
0.0008
0.0008
0.0008
0.0008
0.0008
0.0008
0.0009
0.0009
0.0009
0.0009
0.0009
0.001
0.001
0.001
0.001
0.001
0.001
0.0011
0.0011
0.0013
0.0014
0.0015
0.0016
0.0017
0.0017
0.0017
0.0019
0.0019
0.0019
0.002
0.002
0.002
0.0021
0.0022
0.0023
0.0023
0.0024
0.0024
0.0024
0.0024
0.0025
0.0025
0.0025
0.0026
0.0026
0.0026
0.003
0.0031
0.0031
0.0033
0.0035
0.0035
0.0036
0.0037
0.0038
0.0038
0.0038
0.0039
0.004
0.0043
0.0044
0.0045
0.0045
0.0046
0.0046
0.005
0.0053
0.0055
0.0056
0.0057
0.0057
0.0059
0.006
0.0061
0.0064
0.0065
0.0066
0.0071
0.0073
0.0076
0.0077
0.0081
0.0088
0.009
0.0093
0.0093
0.0094
0.0098
0.0099
0.0102
0.0103
0.0105
0.0107
0.0108
0.0113
0.0114
0.0115
0.0117
0.0119
0.0125
0.0132
0.0137
0.0139
0.014
0.0146
0.0153
0.0156
0.0161
0.0162
0.0165
0.0166
0.017
0.0173
0.0176
0.0179
0.0185
0.0192
0.0202
0.0208
0.0211
0.0218
0.0221
0.0225
0.0228
0.0232
0.0241
0.0245
0.0251
0.0259
0.0264
0.0268
0.0275
0.0279
0.0287
0.0293
0.0299
0.0302
0.0308
0.0319
0.0326
0.0331
0.0337
0.0343
0.035
0.0351
0.0356
0.0364
0.0368
0.0376
0.0381
0.039
0.0397
0.0407
0.0413
0.0427
0.044
0.0447
0.0456
0.0466
0.0472
0.0482
0.0491
0.05
0.0511
0.0525
0.0532
0.0545
0.0555
0.0564
0.0579
0.0591
0.0601
0.0611
0.0627
0.0641
0.0656
0.0665
0.0676
0.0692
0.0703
0.0715
0.0725
0.0735
0.0745
0.0762
0.0779
0.0793
0.0811
0.083
0.0846
0.0856
0.0876
0.0896
0.0911
0.0928
0.0948
0.0977
0.1002
0.1019
0.1042
0.1052
0.1075
0.1093
0.1116
0.114
0.1155
0.1173
0.1187
0.1209
0.1234
0.1255
0.1282
0.1305
0.1331
0.1345
0.1372
0.1394
0.1414
0.1445
0.1468
0.1482
0.1508
0.1522
0.1552
0.1589
0.1615
0.1639
0.1657
0.1679
0.171
0.1742
0.1765
0.1791
0.1811
0.1833
0.1862
0.1887
0.1916
0.1943
0.1978
0.2002
0.2032
0.2066
0.2107
0.2136
0.2169
0.2199
0.2232
0.2261
0.2295
0.2331
0.2357
0.2383
0.2406
0.2439
0.2473
0.251
0.2536
0.2577
0.2609
0.2643
0.2682
0.2714
0.2744
0.2777
0.2809
0.2841
0.2891
0.2929
0.2962
0.299
0.302
0.3052
0.3081
0.3121
0.3156
0.3188
0.3216
0.3257
0.3284
0.3323
0.336
0.3397
0.3441
0.3482
0.3522
0.3557
0.3595
0.3627
0.3653
0.3688
0.372
0.3759
0.3803
0.3839
0.3878
0.3918
0.3972
0.4004
0.4048
0.4085
0.4127
0.4179
0.4222
0.4259
0.43
0.4332
0.4368
0.4406
0.4445
0.4475
0.4521
0.4555
0.4598
0.4638
0.4674
0.4723
0.4768
0.4805
0.4838
0.4879
0.492
0.4961
0.4991
0.5028
0.5066
0.5097
0.5131
0.517
0.5214
0.5256
0.5294
0.534
0.5379
0.5408
0.5449
0.5491
0.5527
0.5574
0.5605
0.5632
0.5677
0.572
0.5759
0.5797
0.5837
0.5878
0.5922
0.5968
0.6006
0.6049
0.6092
0.613
0.6169
0.6205
0.6239
0.6268
0.6311
0.6334
0.6373
0.6414
0.6448
0.6483
0.6517
0.6555
0.66
0.664
0.6685
0.6726
0.6753
0.6786
0.6817
0.6857
0.6889
0.6915
0.6948
0.6986
0.7011
0.7051
0.708
0.7109
0.713
0.7151
0.7183
0.7226
0.7264
0.7297
0.7324
0.7358
0.7402
0.745
0.7476
0.7508
0.7542
0.7567
0.7592
0.7624
0.7655
0.7692
0.7722
0.7743
0.7779
0.7808
0.7842
0.7867
0.7893
0.7925
0.7953
0.7976
0.8013
0.8048
0.8073
0.8101
0.8129
0.8156
0.8187
0.8212
0.8231
0.8263
0.8288
0.8322
0.835
0.8382
0.8407
0.8429
0.8455
0.8487
0.8513
0.8539
0.8569
0.8591
0.8615
0.8635
0.8659
0.868
0.8694
0.8713
0.8736
0.8753
0.8782
0.8805
0.8832
0.8855
0.8872
0.8894
0.8909
0.8924
0.8937
0.895
0.8969
0.898
0.8999
0.9014
0.9034
0.9055
0.9078
0.9094
0.9112
0.9129
0.9139
0.9153
0.9167
0.9181
0.9199
0.9216
0.9229
0.9242
0.9256
0.9265
0.928
0.9297
0.9311
0.9322
0.9337
0.9349
0.9361
0.9375
0.9385
0.9393
0.9408
0.942
0.9434
0.9444
0.9466
0.947
0.9481
0.9494
0.9502
0.9515
0.9527
0.9534
0.9543
0.9548
0.9557
0.9564
0.9578
0.9582
0.9598
0.9606
0.9614
0.9622
0.963
0.9643
0.9656
0.9666
0.9675
0.9681
0.9686
0.9696
0.9702
0.9705
0.9711
0.9714
0.972
0.9728
0.9733
0.9735
0.9737
0.9742
0.9749
0.9754
0.976
0.9763
0.9772
0.9779
0.9787
0.9794
0.98
0.9801
0.9807
0.9814
0.9817
0.9821
0.9827
0.9831
0.9837
0.9844
0.9847
0.9849
0.9853
0.9857
0.986
0.9863
0.9865
0.9871
0.9874
0.9877
0.9879
0.9885
0.9888
0.9893
0.9896
0.99
0.9902
0.9903
0.9906
0.9909
0.9913
0.9919
0.9923
0.9924
0.9926
0.9929
0.9933
0.9936
0.994
0.9941
0.9941
0.9944
0.9944
0.9948
0.995
0.9952
0.9952
0.9952
0.9953
0.9953
0.9954
0.9955
0.9957
0.9958
0.9963
0.9964
0.9966
0.9967
0.9969
0.9969
0.9971
0.9971
0.9971
0.9972
0.9974
0.9975
0.9977
0.9977
0.9979
0.9979
0.9981
0.9982
0.9982
0.9982
0.9982
0.9982
0.9983
0.9983
0.9983
0.9983
0.9984
0.9984
0.9985
0.9985
0.9985
0.9986
0.9987
0.9989
0.9989
0.9991
0.9991
0.9991
0.9991
0.9991
0.9992
0.9992
0.9992
0.9992
0.9992
0.9992
0.9992
0.9993
0.9993
0.9994
0.9994
0.9994
0.9995
0.9995
0.9995
0.9995
0.9995
0.9995
0.9996
0.9996
0.9996
0.9996
0.9996
0.9996
0.9996
0.9996
0.9996
0.9996
0.9996
0.9996
0.9997
0.9998
0.9998
0.9998
0.9998
0.9998
0.9998
0.9998
0.9998
0.9998
0.9998
0.9998
0.9998
0.9999
0.9999
0.9999
1
1
1
1
1
1
1
1
1
1
1
1
1
1
1
1
1
1
1
1
1
1
1
1
1
1
1
1
1
1
1
1
1
1
1
1
1
1
1
1
1
1
1
1
1
1
1
1
1
1
1
1
1
1
1
1
