792
765
476
800
440
552
604
736
697
526
635
713
685
607
627
540
566
425
494
630
632
439
633
558
677
705
621
726
798
607
556
805
706
569
609
701
642
574
666
512
646
504
769
548
576
816
731
533
620
575
566
689
733
680
703
838
485
529
593
659
539
486
535
573
564
588
523
731
565
708
580
706
561
702
578
574
602
639
637
618
688
493
531
632
600
733
548
480
713
786
667
563
502
681
723
643
443
591
551
559
572
476
571
589
520
614
524
696
563
587
668
763
559
562
709
365
659
535
544
660
816
537
543
705
647
423
556
486
704
530
669
456
543
640
575
611
595
598
568
793
654
572
549
538
662
578
483
495
451
445
456
548
691
663
636
466
569
712
516
613
531
726
545
300
511
776
665
546
601
413
501
582
411
526
546
623
588
651
619
638
660
585
476
418
664
561
607
575
518
731
478
649
446
662
608
447
771
443
596
611
685
434
621
547
549
588
517
546
442
596
647
657
573
571
595
666
647
629
925
775
547
661
567
597
633
537
559
532
545
578
766
592
784
697
601
543
754
437
635
666
565
481
565
616
802
570
715
611
321
565
635
669
547
443
682
448
771
492
698
642
494
720
613
708
546
430
453
632
516
545
490
574
676
428
531
700
547
649
632
611
528
758
528
626
655
585
620
595
584
602
585
772
544
607
579
688
488
732
501
530
587
621
616
751
498
528
567
617
643
536
684
613
537
479
552
602
458
720
639
684
762
545
719
625
621
679
660
748
654
680
699
453
613
727
927
786
430
548
643
580
616
543
652
826
518
591
688
540
866
811
676
820
573
658
535
377
521
730
630
507
550
669
495
753
673
532
692
600
406
432
546
651
604
569
620
631
784
609
839
537
651
565
578
478
519
671
577
699
536
608
488
646
492
514
684
578
551
538
573
675
709
451
547
833
756
697
664
609
614
753
622
648
760
654
754
554
674
555
597
693
795
489
566
598
713
624
584
592
650
644
540
556
605
593
477
608
461
663
592
605
468
681
734
420
739
612
666
637
876
419
613
645
708
673
584
603
713
554
537
506
647
539
674
654
631
664
585
757
574
522
594
499
538
609
633
552
861
357
690
566
589
583
527
684
523
563
677
562
561
854
683
762
635
499
680
640
699
603
763
529
476
588
561
688
550
581
605
507
532
501
465
799
516
591
711
676
582
476
661
691
452
637
533
483
507
410
473
532
658
608
438
563
483
465
661
636
572
667
590
559
570
530
486
598
639
785
582
789
664
542
542
569
426
543
691
535
480
517
628
506
622
470
651
561
577
636
641
745
549
542
520
789
450
670
640
512
414
684
477
571
625
732
627
627
690
561
515
638
548
582
563
337
669
530
642
521
419
617
783
598
524
462
698
632
575
656
581
664
573
675
637
568
420
686
588
906
596
494
664
660
536
670
600
600
653
541
675
526
570
561
452
651
769
602
330
661
749
658
712
677
472
637
626
723
719
575
697
634
656
773
743
729
553
764
621
680
722
614
487
543
801
595
458
737
463
725
690
612
590
581
647
445
728
496
558
559
561
540
487
660
472
599
576
758
625
721
592
607
592
541
740
620
526
460
560
366
536
458
552
839
638
591
676
506
579
639
550
550
588
677
711
648
689
918
789
571
453
617
613
542
664
637
650
676
628
443
624
618
778
654
658
636
659
619
632
507
675
482
763
444
647
661
687
636
606
631
538
668
707
657
690
870
389
523
533
408
590
664
529
637
524
447
791
600
465
609
537
483
465
640
642
511
585
617
453
650
785
766
587
479
796
623
421
525
784
468
677
604
577
533
478
652
584
511
609
715
446
677
438
540
586
567
588
509
511
799
505
773
564
525
587
634
706
566
647
523
707
472
640
582
701
729
627
595
509
650
693
591
624
497
572
692
703
754
601
701
592
594
629
470
649
692
545
556
520
603
724
705
416
620
511
558
558
513
660
508
599
603
642
643
568
612
648
640
472
710
448
460
492
535
616
559
659
654
741
532
690
533
559
647
696
723
374
385
500
645
583
426
731
601
612
631
740
641
519
584
547
861
588
520
717
543
551
615
558
622
525
729
515
597
630
610
621
563
666
527
432
803
679
417
482
650
537
636
612
534
630
609
410
345
549
472
739
471
662
560
602
475
599
476
588
734
465
673
612
639
627
493
886
606
592
605
457
520
513
770
626
404
671
533
575
656
610
471
540
554
449
709
751
657
528
396
638
545
611
521
810
612
570
692
507
621
614
624
504
655
680
580
696
526
609
435
551
727
606
587
486
484
762
818
267
474
896
381
495
703
520
656
565
588
566
749
570
681
538
631
562
634
727
710
806
685
426
759
514
648
690
642
692
665
624
464
619
582
516
680
497
635
734
582
643
680
555
474
675
742
620
708
509
601
633
492
468
490
671
611
706
571
533
749
563
766
750
716
511
591
545
576
590
530
662
635
536
809
634
591
602
649
763
652
446
557
546
391
580
494
492
636
688
662
577
709
545
397
514
518
620
751
653
652
673
623
659
643
612
503
663
382
633
648
552
744
475
433
588
494
674
785
573
567
480
622
718
674
456
654
675
789
583
526
690
644
545
614
660
598
760
530
592
548
533
711
515
482
501
601
529
542
728
502
461
500
513
588
636
657
695
698
525
447
562
601
710
547
644
531
349
724
639
651
562
645
646
765
598
742
874
773
627
497
851
844
686
917
540
595
750
528
576
673
654
509
516
372
484
525
595
405
603
397
726
622
645
538
597
482
680
668
500
481
621
568
664
472
644
681
610
496
488
649
593
661
697
508
548
461
387
616
512
516
611
530
576
579
397
679
623
542
659
521
667
608
669
577
637
510
675
458
602
444
536
539
669
787
592
675
637
662
663
553
549
621
682
687
534
625
353
570
752
640
491
674
561
657
603
540
633
586
566
538
581
446
597
437
429
623
374
597
811
628
545
839
616
618
657
551
650
563
598
489
652
515
701
668
462
601
576
639
524
512
583
451
633
582
452
685
592
757
653
599
616
626
695
510
655
666
705
648
537
577
637
536
467
598
638
718
455
403
597
494
575
676
709
630
590
627
479
709
539
608
559
565
622
602
582
686
549
567
597
607
482
668
644
613
562
411
613
693
503
478
662
615
485
539
441
731
581
626
730
617
560
487
513
515
531
722
520
620
645
754
686
640
630
633
648
590
533
678
709
636
439
742
551
502
542
550
467
465
686
560
538
412
553
608
574
844
451
748
529
600
587
542
678
686
639
457
476
571
687
522
565
876
563
680
619
403
502
630
613
628
436
602
493
575
417
695
513
643
600
488
646
658
586
561
600
766
593
553
503
845
677
778
634
750
284
555
525
642
640
561
512
728
485
550
535
583
697
636
676
649
584
529
619
712
636
675
570
617
731
595
613
562
659
795
581
694
687
536
742
476
372
689
519
574
527
780
460
626
667
659
653
594
661
535
486
581
830
725
788
677
511
528
532
596
477
611
475
559
472
528
570
512
636
587
822
661
598
441
734
503
566
652
796
589
567
509
566
700
535
632
680
541
642
717
534
551
583
714
513
635
568
529
558
667
670
587
496
502
632
418
680
657
604
672
566
717
453
459
646
496
677
730
722
488
699
516
424
463
625
799
616
613
609
466
750
721
448
432
722
418
530
378
618
688
564
683
658
657
429
491
718
647
453
587
473
728
699
751
823
689
606
610
404
659
541
500
349
542
653
612
626
623
632
701
367
566
662
524
537
510
719
525
452
484
633
680
528
498
807
568
594
644
552
568
512
622
595
541
634
631
696
427
601
555
477
699
563
524
680
621
614
495
503
683
683
543
450
558
507
571
404
635
571
487
702
634
619
835
633
652
406
451
661
533
492
698
611
536
571
472
590
622
611
515
592
507
608
631
827
582
576
670
606
601
514
482
628
608
534
587
644
521
693
576
759
638
602
623
503
618
674
780
683
469
562
487
638
509
716
605
476
846
721
630
615
563
590
338
596
652
480
627
642
619
627
721
452
619
616
535
566
596
534
549
697
492
534
591
491
596
592
559
685
660
737
670
653
589
508
576
418
431
485
408
682
530
564
620
669
565
729
641
712
621
715
500
778
651
600
876
578
457
439
554
638
715
604
542
484
679
423
681
588
500
610
597
489
710
748
487
582
642
468
632
464
591
536
687
795
754
634
621
709
726
574
661
656
516
640
677
559
541
445
643
419
675
612
614
560
499
512
689
580
480
595
551
721
540
580
482
382
684
536
671
702
717
507
678
753
553
670
528
634
467
532
620
626
621
595
790
670
516
527
615
808
559
640
495
649
503
660
541
646
707
667
696
584
531
759
588
471
532
579
518
435
574
713
697
435
524
568
504
740
716
674
549
432
748
571
604
395
562
501
428
661
586
682
790
629
509
567
543
497
527
685
797
573
698
571
573
601
654
628
508
794
664
644
693
707
565
495
402
846
729
589
640
830
612
491
544
433
472
625
755
550
705
584
611
375
729
544
611
537
652
773
647
551
744
546
518
731
641
713
480
496
631
575
532
646
644
735
575
666
750
666
633
465
371
684
678
513
624
753
648
700
472
796
509
692
619
634
477
727
711
681
615
554
666
697
678
617
605
462
608
588
632
652
785
492
596
393
817
666
668
683
617
689
699
473
702
484
660
826
559
617
429
551
577
650
580
601
622
703
591
816
477
617
676
259
581
742
602
558
524
635
614
581
694
631
507
739
564
853
576
657
880
501
637
630
654
700
510
660
387
732
553
645
662
584
755
576
628
584
584
588
554
584
713
599
599
689
699
489
466
616
563
641
594
614
581
441
792
590
593
624
551
580
525
688
482
511
640
594
454
733
765
623
509
449
497
612
555
690
443
528
603
775
416
532
434
568
476
588
704
579
693
730
666
566
667
511
484
489
408
655
678
646
815
644
463
553
662
612
535
795
409
742
739
841
525
721
749
660
469
461
703
647
664
736
634
685
602
625
702
677
494
514
519
368
545
769
655
634
651
485
771
703
500
439
769
520
745
511
586
607
528
639
685
534
650
635
627
594
520
778
536
645
502
709
550
547
716
666
584
588
569
619
632
484
629
530
777
541
465
565
600
402
659
329
724
711
570
623
504
811
674
592
572
675
650
511
472
688
527
715
553
584
505
681
742
485
559
662
427
564
550
581
545
660
545
680
697
653
758
639
655
725
455
614
580
783
378
550
578
534
537
804
564
521
509
555
507
560
520
396
607
582
639
681
574
507
477
601
550
520
645
700
669
510
624
644
706
499
676
562
570
605
708
719
970
652
630
691
539
543
685
562
610
719
601
582
758
656
627
566
710
449
786
488
598
500
478
612
737
595
583
643
583
604
627
501
678
619
504
537
537
522
524
583
738
603
674
791
695
669
468
432
580
701
551
567
581
571
631
634
686
669
562
634
485
692
818
382
674
824
529
520
494
583
628
538
487
628
808
847
519
839
419
760
585
495
478
693
497
680
834
584
590
937
611
564
526
521
705
584
690
724
550
628
722
785
578
655
651
627
408
463
554
760
608
641
632
556
676
661
601
578
738
607
632
593
600
752
514
603
432
656
594
673
745
729
672
654
553
540
450
598
612
464
554
674
643
619
476
664
586
578
574
527
498
554
552
687
450
865
511
538
481
618
613
575
600
580
606
620
547
508
531
605
432
726
562
571
570
777
727
619
439
627
606
624
580
620
793
706
723
565
534
526
525
497
659
459
283
346
532
617
591
730
590
448
606
603
819
580
570
592
513
622
605
612
515
677
501
742
591
629
752
630
480
633
517
533
577
686
490
499
538
710
458
594
566
614
652
456
465
532
677
623
675
576
661
623
616
665
643
575
598
511
751
752
376
694
565
639
673
603
496
668
553
530
560
699
609
683
573
650
641
589
667
550
585
610
552
538
629
535
532
554
490
441
736
532
597
533
528
764
560
487
706
720
569
689
602
597
664
843
766
560
508
684
617
439
458
402
681
453
708
775
467
468
421
669
568
734
743
549
700
572
485
629
674
539
632
431
596
525
750
617
536
383
609
582
866
616
771
558
618
503
656
597
528
423
646
593
708
745
622
683
508
614
592
421
693
701
621
526
679
547
512
579
563
607
492
496
648
631
556
708
568
569
506
582
459
756
593
531
459
632
536
610
706
581
487
478
607
627
769
475
625
629
619
411
644
685
621
431
527
617
539
642
692
554
779
576
322
565
552
594
620
524
683
450
835
460
543
516
539
594
539
522
596
700
574
445
762
839
669
671
461
666
616
536
472
661
518
534
477
561
607
653
391
455
589
524
684
692
477
566
431
743
597
537
721
626
594
691
664
451
632
748
607
717
588
685
409
428
594
662
608
572
683
568
834
623
659
642
544
534
480
746
524
657
645
603
564
571
832
673
765
638
552
564
688
466
566
505
822
710
625
387
477
697
553
693
675
680
527
651
599
683
605
736
729
608
563
608
723
639
528
854
597
591
398
468
763
603
779
606
627
582
766
655
668
536
497
631
573
493
754
520
415
602
695
607
657
652
556
641
533
531
667
597
524
408
543
747
543
612
339
544
524
514
474
491
654
563
670
592
582
466
685
457
637
712
417
597
443
675
631
555
614
535
644
554
487
717
642
763
760
543
464
531
662
605
697
438
630
704
519
556
371
669
569
729
646
603
607
616
426
626
656
752
691
582
534
794
727
574
485
547
606
626
550
672
626
438
525
776
671
530
552
625
604
813
457
361
551
571
556
542
629
577
646
436
723
504
331
637
624
585
769
420
670
580
483
562
532
722
694
532
640
580
645
510
595
483
583
592
644
554
380
713
442
539
547
632
570
567
594
564
406
416
564
544
629
553
556
383
601
670
462
736
684
650
603
673
710
665
671
740
491
556
598
620
555
600
687
525
586
564
600
436
628
680
527
566
758
692
465
526
563
651
505
566
622
676
625
793
607
589
566
605
578
530
658
591
658
751
575
511
546
609
732
478
629
335
567
565
745
502
698
625
457
615
661
711
683
687
816
667
572
543
560
487
783
544
581
709
632
503
504
800
620
713
505
656
699
646
624
546
743
427
527
533
582
399
520
326
554
698
471
591
786
555
511
691
611
454
692
669
559
637
705
612
505
702
649
685
559
519
660
623
784
537
413
669
628
509
557
609
411
341
503
914
421
566
646
678
663
605
618
645
535
491
587
763
659
548
624
482
608
816
844
635
568
519
440
598
401
521
736
680
654
642
520
651
572
487
522
573
630
666
410
608
439
588
858
728
685
606
665
447
683
508
588
398
778
618
760
718
425
603
795
607
507
557
425
630
430
573
528
546
714
735
623
781
687
754
583
756
579
574
716
724
549
415
615
901
692
649
764
471
498
761
527
711
696
292
517
605
536
753
613
595
563
700
629
537
646
655
603
679
640
839
501
590
595
469
548
632
757
545
696
625
485
551
604
657
412
726
628
546
590
701
552
611
526
805
588
591
677
541
623
580
677
679
800
609
732
566
735
643
489
516
565
522
794
552
463
412
623
656
552
678
651
634
598
731
634
546
611
518
556
687
645
578
637
649
594
592
629
704
692
538
737
378
625
705
731
718
569
510
643
612
524
653
598
502
710
538
615
472
563
482
514
651
507
446
614
528
645
559
725
594
498
502
659
446
545
587
477
554
730
445
604
441
550
580
633
555
556
594
545
552
511
522
548
492
537
849
683
477
476
549
637
584
692
569
751
507
617
661
559
590
504
731
691
884
648
698
530
627
624
478
485
513
435
564
514
510
695
531
821
563
559
356
562
685
581
718
724
626
636
765
531
573
562
724
529
574
535
597
623
552
443
478
632
602
784
602
593
765
688
626
587
553
534
445
624
674
581
542
649
410
670
767
638
737
812
585
531
617
800
588
703
771
679
692
571
425
481
661
665
582
546
634
536
579
488
564
693
634
636
566
801
649
445
547
447
722
564
644
533
714
865
524
590
512
641
584
654
594
706
514
632
599
536
606
769
764
663
532
587
585
476
587
668
447
409
484
682
695
741
600
810
504
559
386
635
717
690
661
732
622
817
561
591
517
550
452
601
547
606
553
523
591
596
582
604
598
587
658
706
643
478
577
457
637
734
652
520
614
582
471
570
473
578
694
585
625
570
634
505
616
581
532
548
530
521
474
594
600
757
416
548
525
591
487
422
602
647
638
599
717
696
499
648
543
427
684
603
793
502
517
615
526
651
599
535
698
590
715
686
307
600
655
502
710
568
619
636
551
724
527
599
526
704
521
372
655
471
642
465
596
600
696
689
659
481
626
622
433
460
674
663
567
578
637
585
535
836
491
554
730
504
589
336
675
561
726
615
523
530
735
532
795
716
511
596
568
541
625
701
546
430
675
517
562
597
757
614
586
525
357
681
389
545
650
595
457
532
611
683
611
544
570
618
498
801
391
714
570
595
702
627
579
697
742
502
587
678
467
610
467
529
723
767
448
531
565
531
530
556
738
799
666
613
816
710
580
633
438
802
676
628
423
698
711
482
627
402
751
746
658
608
754
704
431
635
500
503
609
524
671
549
432
530
653
540
675
686
601
579
549
510
735
602
644
860
514
611
662
754
516
583
689
488
381
493
572
719
706
693
578
678
581
374
462
628
751
502
447
439
599
546
382
731
492
619
549
587
609
537
673
549
727
594
816
622
686
542
569
616
467
577
525
615
622
606
431
604
591
520
545
642
656
396
657
330
560
409
832
494
576
607
613
681
621
597
593
560
758
611
585
606
345
593
558
657
409
744
541
687
460
633
633
699
549
667
508
415
496
870
531
697
687
418
623
511
445
474
410
532
643
661
663
463
453
683
784
555
601
636
787
606
432
641
719
559
464
503
559
524
699
669
716
577
550
550
808
422
455
813
577
453
581
635
548
630
707
727
627
751
620
693
565
419
553
483
485
638
608
598
439
484
585
631
705
507
468
698
484
702
516
652
728
581
597
613
647
595
640
534
637
837
468
633
693
455
436
653
591
517
515
624
757
543
724
686
518
611
522
550
517
593
617
444
555
498
707
507
523
529
511
663
582
554
579
539
391
750
507
550
670
528
480
535
566
366
680
575
502
729
452
571
838
536
525
508
584
612
564
433
452
405
546
458
638
702
572
645
751
650
481
659
673
465
692
619
631
828
759
628
476
616
559
621
388
827
564
590
649
434
406
601
581
460
547
651
633
406
756
507
439
644
686
599
564
335
718
688
610
700
607
791
554
732
696
464
744
743
633
686
558
474
655
669
554
617
596
650
575
702
432
733
535
624
842
717
725
629
630
672
568
625
665
651
548
673
622
714
548
465
460
398
522
655
644
643
691
562
616
651
670
559
642
717
440
510
702
589
552
504
561
540
664
892
574
555
624
484
579
601
648
631
561
587
610
660
816
551
676
448
366
611
621
430
694
612
532
680
518
570
449
713
860
823
825
841
744
588
725
561
649
679
523
430
723
610
469
606
737
741
485
568
478
662
418
563
444
592
537
531
524
597
804
463
523
755
593
530
546
609
619
556
565
643
551
441
731
514
667
609
692
646
520
630
640
632
642
606
596
591
436
623
562
607
588
505
490
535
538
811
591
604
662
494
488
523
588
753
665
560
569
741
586
799
555
586
657
495
595
668
506
518
416
480
534
704
738
673
642
696
406
767
629
398
665
710
741
610
668
613
622
536
713
492
789
577
684
489
582
450
549
602
536
706
550
594
637
523
702
764
620
533
615
621
431
605
758
592
575
626
503
499
561
592
638
560
491
669
443
639
581
589
563
732
516
753
473
545
667
706
402
543
472
678
549
706
529
358
666
588
596
655
505
554
741
582
858
674
618
646
567
549
432
602
602
658
496
590
350
552
751
514
688
567
614
530
645
550
734
554
704
724
922
672
739
623
752
635
430
645
722
584
645
557
524
727
573
498
394
450
462
414
422
617
511
656
826
538
595
518
651
562
706
695
530
546
577
753
606
692
536
510
609
472
552
595
670
689
533
651
532
666
582
653
347
489
504
536
610
579
379
705
590
618
624
750
550
556
628
724
496
682
434
633
651
691
612
633
641
592
652
689
620
596
463
706
551
867
539
584
831
561
465
638
624
726
450
601
515
638
598
552
585
573
538
681
630
597
702
396
770
707
595
585
720
522
587
501
510
659
696
709
471
626
734
438
808
403
725
490
694
647
739
487
628
629
590
652
522
494
435
576
557
511
616
610
613
718
690
469
739
457
695
617
630
635
683
648
647
683
500
507
694
526
733
713
545
628
591
583
549
423
738
513
706
641
255
505
652
552
704
713
641
352
717
742
519
539
610
716
683
649
538
552
522
544
433
569
361
727
752
571
666
509
434
577
615
609
712
773
524
627
626
662
605
500
660
558
638
493
668
793
549
669
360
551
565
516
620
517
486
537
656
690
398
421
517
732
454
644
504
661
721
664
563
845
586
469
587
431
660
625
575
665
671
702
496
618
630
657
670
580
452
655
528
536
576
715
847
616
586
609
772
601
563
448
681
693
507
492
490
688
467
586
581
539
662
541
612
675
699
561
589
352
579
557
662
588
511
587
657
769
498
514
576
638
545
600
628
754
676
579
420
656
605
619
490
697
710
696
684
549
514
753
691
761
569
588
681
730
452
688
421
643
510
510
646
551
760
622
621
556
744
763
532
543
646
724
320
590
710
612
567
513
409
530
611
619
520
488
516
611
674
764
546
617
569
434
527
623
640
752
617
614
574
686
476
706
595
583
748
565
698
447
562
757
740
726
691
665
682
569
597
597
547
620
529
566
720
782
575
482
646
607
543
577
584
636
604
629
634
546
611
533
775
464
572
541
471
716
524
529
724
505
584
701
564
546
638
546
559
406
653
644
558
586
496
634
730
498
737
608
605
649
670
646
754
507
763
799
515
495
462
655
782
517
632
605
604
546
387
666
612
489
652
699
607
578
564
581
453
695
486
559
419
642
542
651
565
742
568
477
646
601
675
754
766
605
605
589
651
491
612
520
550
671
655
602
559
396
599
646
604
525
423
566
763
714
635
684
496
613
387
678
489
509
694
377
573
705
673
427
620
570
496
732
770
772
492
696
510
652
475
538
625
755
665
752
600
379
509
784
690
632
688
617
580
717
721
509
633
578
477
584
513
600
708
701
681
639
561
537
551
354
618
721
593
519
656
635
741
683
490
439
637
537
529
480
574
678
662
659
534
559
657
614
711
652
741
562
643
676
516
708
460
615
634
618
404
699
536
672
493
599
564
356
471
728
858
593
613
591
568
825
593
624
754
733
518
716
777
623
643
537
553
723
846
531
714
532
525
425
688
489
686
513
698
506
466
643
574
448
672
678
486
489
621
716
602
550
558
576
596
564
583
622
601
503
705
688
315
661
628
764
604
458
612
666
561
673
727
740
671
458
425
511
686
641
647
791
641
625
770
707
471
559
801
517
568
477
616
675
782
477
628
506
803
669
889
592
597
440
795
526
628
452
574
649
523
721
465
714
698
570
486
482
517
599
515
682
673
634
573
581
545
514
699
586
848
634
671
754
611
670
551
423
714
566
476
634
642
602
557
658
485
847
749
560
569
603
363
540
682
565
511
559
523
620
681
527
512
481
436
574
604
552
761
637
485
551
504
510
604
782
834
614
548
621
319
693
736
651
622
587
589
773
581
518
766
520
539
803
647
453
521
555
695
654
556
625
535
612
545
644
723
563
313
601
625
726
554
624
581
439
682
479
466
623
555
573
721
783
707
677
577
485
432
525
745
635
487
566
732
547
325
636
365
588
620
671
570
434
456
735
632
755
656
538
621
730
729
499
602
649
688
515
640
511
528
497
593
378
470
637
344
873
485
541
710
603
483
618
702
661
735
548
638
506
608
512
640
685
540
570
387
758
718
549
614
677
728
773
671
604
651
400
754
641
465
585
544
436
317
526
635
679
690
611
572
439
392
643
661
726
525
657
468
478
649
487
613
748
408
454
729
500
646
670
756
751
603
490
824
568
547
673
560
713
663
601
607
580
803
722
574
672
832
480
578
739
670
589
676
762
739
730
489
586
726
726
528
507
688
744
559
744
607
735
599
775
812
646
601
540
685
524
539
556
377
606
811
504
695
520
718
525
678
387
648
650
633
753
662
620
491
582
629
595
708
480
708
699
481
751
773
595
490
566
687
613
592
605
569
593
504
769
531
584
578
813
711
546
474
677
616
623
693
549
663
760
618
780
538
674
587
641
539
732
567
677
782
584
732
572
555
600
506
519
515
531
628
494
609
673
603
545
734
743
704
632
585
469
531
622
684
804
717
567
700
404
652
483
332
565
520
615
640
551
513
549
643
660
597
572
685
693
697
562
586
696
588
670
552
652
740
485
671
581
449
586
594
699
678
536
463
609
735
708
526
529
683
612
768
800
455
455
668
509
728
397
580
567
400
615
753
388
595
476
779
452
481
574
565
761
666
619
577
680
745
743
636
648
601
623
648
524
714
582
770
539
531
526
614
790
533
627
483
643
602
644
690
620
569
442
550
524
704
589
622
741
501
756
594
650
766
639
468
510
774
466
526
532
732
470
491
551
573
475
609
519
584
508
635
711
419
647
420
637
508
598
677
756
759
665
680
709
525
546
649
541
613
341
632
672
559
759
543
739
566
641
789
657
611
599
606
681
629
605
672
638
661
719
577
807
429
677
571
449
720
549
483
616
585
599
505
688
623
540
588
493
519
462
584
583
660
606
612
753
483
560
728
568
572
414
794
441
487
599
766
556
588
602
672
573
554
631
415
537
549
728
648
628
484
589
492
594
465
504
690
510
640
749
411
508
550
662
714
570
591
564
555
492
610
648
741
603
709
464
600
573
588
642
611
611
665
521
536
810
618
495
801
676
754
614
515
630
708
518
676
541
718
525
603
754
683
570
633
600
664
689
615
633
624
417
596
480
770
668
687
706
636
574
342
630
572
468
563
469
648
505
571
577
524
561
664
706
683
668
719
580
562
677
433
656
638
437
578
541
592
602
456
550
726
613
655
632
463
699
604
704
812
654
635
751
655
615
668
750
590
726
641
616
667
518
610
847
503
771
637
602
584
595
662
495
370
714
470
589
716
609
594
542
723
579
499
489
632
535
663
325
521
599
532
662
478
523
581
615
595
792
680
456
545
676
725
686
598
629
641
693
586
621
716
774
510
551
500
531
600
487
582
617
715
657
609
630
637
572
510
656
533
622
604
580
544
692
522
705
450
444
488
703
679
627
700
550
485
667
800
528
521
744
502
530
613
485
518
685
612
672
551
549
706
523
571
626
719
406
845
499
637
585
521
611
681
743
447
562
468
586
688
648
686
492
749
757
502
519
688
540
558
654
633
379
847
481
757
538
577
767
660
391
585
504
505
553
659
603
776
398
589
476
568
609
640
570
892
527
617
516
636
621
555
594
480
475
665
566
521
559
687
410
652
660
698
685
803
702
684
604
616
574
456
465
756
645
472
644
747
773
526
497
705
654
466
648
549
450
578
763
650
432
683
556
712
333
570
627
501
466
706
451
679
506
751
590
583
508
493
511
679
527
763
532
505
527
586
555
497
434
623
671
518
717
750
467
592
701
581
643
510
486
555
744
590
540
588
592
627
521
607
742
592
552
475
470
795
539
706
746
792
550
644
498
660
629
579
601
477
411
317
556
542
601
457
434
742
520
488
434
611
642
505
603
503
651
540
673
479
517
595
496
643
747
499
610
516
486
582
408
519
585
697
597
678
623
628
451
495
514
697
535
680
361
625
488
603
854
619
531
491
567
654
467
509
736
616
721
659
639
604
599
660
651
531
629
604
583
648
687
660
539
751
748
556
646
571
639
469
595
650
636
724
542
613
645
577
309
588
658
476
413
642
803
618
582
589
609
740
620
574
493
451
561
547
520
618
559
643
594
510
660
286
551
705
575
590
503
792
729
581
646
593
593
716
793
573
807
521
601
686
659
597
703
596
572
376
630
507
590
632
570
651
742
630
811
678
359
699
540
699
301
459
626
539
525
589
644
722
614
533
435
625
657
555
618
683
655
600
436
573
627
658
626
558
504
517
540
611
686
630
470
650
347
648
539
458
574
469
544
632
531
805
532
494
830
648
444
589
588
606
638
722
619
461
426
550
597
566
727
551
686
682
462
643
426
801
646
690
520
479
741
524
424
511
646
466
682
579
681
729
719
503
659
462
603
581
679
745
655
572
558
686
805
498
560
641
520
564
698
678
585
438
550
603
822
556
601
566
523
571
567
629
366
714
634
543
593
591
679
586
605
700
721
666
550
627
630
678
535
539
484
436
532
484
512
600
731
745
564
639
693
649
660
471
710
477
707
559
547
483
838
644
711
613
711
755
621
531
725
580
574
658
613
830
644
608
571
488
603
521
707
594
684
510
305
683
724
500
687
588
614
674
653
562
462
587
624
426
466
729
571
563
750
561
598
623
746
514
561
594
788
566
797
571
682
224
631
727
638
607
534
551
676
636
620
685
627
774
569
508
452
688
683
533
639
696
548
602
476
663
563
592
474
626
550
537
601
394
420
483
540
608
689
483
595
646
558
626
782
413
514
709
549
465
485
623
505
552
595
629
733
507
592
653
585
624
578
698
563
606
500
452
391
621
645
602
629
499
546
638
632
606
430
601
621
519
725
331
527
721
575
627
630
701
474
574
634
733
486
653
685
569
521
722
529
580
524
535
483
821
472
691
666
506
533
547
681
657
733
664
542
554
631
522
662
636
613
718
501
613
631
594
523
540
609
511
508
425
558
675
485
466
637
678
636
521
695
495
719
507
568
654
569
542
613
650
587
521
562
559
612
514
819
747
528
407
555
788
382
472
804
604
667
811
673
416
561
570
701
637
527
562
527
647
481
359
653
655
548
637
601
547
535
539
783
519
482
606
584
673
511
672
625
659
728
509
691
665
664
608
576
540
649
538
584
451
591
616
606
605
561
608
551
606
658
621
598
675
648
582
433
706
760
612
599
548
650
619
406
670
503
554
626
627
547
683
494
796
648
796
771
571
632
549
596
525
771
576
652
707
663
550
456
703
581
557
598
631
653
542
707
783
763
525
601
519
446
601
587
557
599
578
440
471
595
453
646
452
563
687
524
806
617
576
608
786
758
667
683
451
532
745
700
600
562
532
723
609
580
440
677
475
742
562
570
491
401
817
557
501
546
495
586
582
831
538
772
441
768
594
611
474
358
648
487
515
541
792
546
833
763
657
582
591
649
759
645
857
495
595
687
697
626
770
736
695
549
571
537
626
381
549
662
602
609
498
599
371
392
631
539
517
629
722
594
363
467
691
607
665
404
639
518
640
491
697
562
562
662
560
625
717
618
436
460
514
681
463
583
731
640
677
661
591
561
431
599
404
437
614
589
604
686
515
455
470
672
517
517
734
743
565
534
728
588
648
570
535
658
565
637
632
634
461
732
568
603
641
484
571
775
712
564
516
378
686
626
450
582
614
612
566
525
630
510
695
667
534
600
644
607
584
550
620
619
605
574
749
608
578
657
510
473
725
468
528
486
588
808
510
592
572
546
598
562
545
635
428
531
589
634
870
663
490
586
699
581
712
348
564
538
507
643
646
627
596
456
714
529
615
611
780
438
485
897
592
570
518
714
482
607
585
534
515
583
739
432
572
547
535
720
581
628
485
700
513
500
482
623
601
668
637
588
403
593
910
631
681
573
398
765
449
673
619
578
303
654
658
602
571
500
484
527
515
623
709
696
664
556
476
413
548
749
483
814
716
740
679
635
551
603
453
472
544
515
674
627
595
534
672
622
587
547
371
588
737
493
681
519
398
498
527
677
636
450
567
745
716
651
441
508
556
454
698
629
864
761
710
640
645
681
723
786
547
640
397
552
681
664
423
555
564
337
431
601
451
630
603
483
584
593
559
681
672
722
583
649
608
579
641
599
603
584
612
725
503
603
585
768
468
680
754
655
552
606
600
684
761
572
567
676
612
656
730
646
668
640
562
761
543
725
686
496
532
667
651
651
574
600
755
725
767
884
607
619
605
676
599
557
638
621
728
580
634
521
639
488
694
486
506
617
655
596
674
619
311
561
618
598
569
541
284
751
549
474
612
552
527
463
582
566
654
672
488
607
648
447
695
647
721
650
448
597
516
424
377
510
711
587
776
721
605
631
524
613
640
458
546
468
697
572
447
502
573
600
531
574
650
615
649
753
647
405
679
673
528
614
628
675
511
552
470
477
398
715
502
607
567
556
642
627
781
542
443
681
566
598
751
399
424
573
518
754
657
742
671
672
521
892
434
720
561
440
742
631
537
421
534
481
423
710
531
689
564
419
545
510
538
442
329
594
552
646
635
456
546
570
667
565
613
548
788
601
488
489
578
761
469
500
653
573
538
596
656
722
501
550
791
495
625
595
478
704
694
525
419
540
373
758
559
655
695
708
623
496
545
522
672
508
736
516
481
643
781
722
495
510
391
680
572
643
741
806
732
725
742
708
658
672
758
589
701
589
508
543
732
396
488
597
454
666
589
665
448
552
777
796
616
623
742
485
475
630
464
532
550
619
625
658
560
774
488
497
535
632
815
624
453
620
601
547
533
497
667
575
525
832
609
587
517
706
552
550
792
642
687
480
580
685
729
654
506
806
632
572
564
520
534
655
775
711
837
571
413
744
726
455
781
695
760
600
423
362
742
725
561
582
657
574
673
584
637
725
637
600
530
651
414
557
645
386
600
450
638
739
515
573
571
749
540
645
562
739
480
582
625
610
532
562
606
523
640
773
437
709
740
638
466
428
512
557
563
651
546
785
613
553
598
655
683
605
570
543
735
586
744
644
629
490
697
615
558
658
604
651
706
547
595
527
623
493
377
632
510
788
706
618
678
475
438
554
610
595
678
484
579
547
693
795
675
624
857
714
599
545
577
653
505
685
575
555
536
642
594
665
578
633
492
612
703
618
454
654
427
581
510
556
578
853
625
498
801
630
460
516
632
576
627
565
679
619
604
571
611
471
610
736
613
656
781
483
653
700
632
598
709
617
618
680
495
568
588
730
607
656
628
595
572
662
624
530
543
582
610
601
809
585
504
546
543
635
485
620
688
548
681
482
390
742
668
543
641
669
566
698
660
681
747
623
582
759
613
578
608
586
848
574
591
524
612
702
576
597
510
441
517
600
663
657
608
492
472
492
575
617
625
540
751
503
655
548
726
570
590
578
670
673
622
701
517
586
559
651
554
622
848
473
621
631
633
495
712
618
664
658
893
847
578
535
659
403
582
550
509
694
616
374
703
409
641
521
575
579
556
528
495
473
492
537
579
528
347
548
710
465
547
635
568
515
722
485
571
657
593
760
593
642
623
804
455
724
623
616
647
455
754
697
403
670
543
657
689
554
646
587
776
396
498
827
409
715
565
622
631
676
582
565
655
599
502
501
637
559
696
467
661
724
640
625
766
681
820
468
672
483
498
692
591
491
625
712
614
628
565
691
527
613
504
660
579
592
546
462
638
595
522
616
772
553
650
565
719
530
629
554
590
775
655
605
509
604
656
514
430
842
569
502
711
508
742
537
549
574
692
570
527
738
511
514
688
553
801
545
665
448
420
700
445
726
593
672
429
278
505
488
279
448
601
694
542
508
685
639
737
567
514
643
654
515
611
528
783
397
600
589
499
516
649
608
454
491
643
613
748
581
663
776
642
733
644
628
440
749
546
387
675
603
509
447
602
446
581
619
669
644
438
407
592
746
853
525
505
659
541
672
630
539
555
678
715
715
657
658
679
417
595
518
704
465
580
422
647
593
712
506
615
763
794
635
527
479
794
673
562
536
522
727
598
577
508
612
647
622
541
726
683
465
346
626
604
494
544
581
512
534
622
535
646
583
588
633
660
582
757
788
661
560
667
647
628
662
698
648
612
440
641
361
675
823
428
562
505
549
544
643
433
646
542
623
693
611
440
734
558
559
546
627
468
608
578
525
743
540
816
588
542
601
541
602
562
624
554
568
607
550
580
759
664
648
270
607
674
434
536
497
839
564
455
513
755
666
598
552
701
730
654
480
602
716
603
577
534
596
522
655
722
608
497
648
533
656
518
655
489
718
692
518
535
626
473
656
692
680
636
555
422
609
635
699
746
838
502
563
628
583
738
648
522
560
738
587
576
567
604
468
638
492
731
564
593
470
574
735
545
542
626
632
695
713
661
519
616
633
581
496
632
598
619
589
547
599
570
527
588
697
649
511
694
642
618
625
542
665
589
612
449
574
621
601
602
412
713
587
568
730
599
604
690
681
492
590
660
734
663
670
639
702
555
654
664
817
539
637
620
594
613
682
688
674
487
584
657
732
495
551
645
559
655
657
616
730
660
553
589
460
653
583
683
506
616
510
428
663
530
491
639
589
610
749
578
591
583
829
577
696
674
751
527
676
567
604
598
585
680
479
651
559
651
814
691
665
546
654
386
624
575
523
694
737
780
413
852
405
592
572
728
649
646
453
559
393
420
632
833
539
615
710
477
653
602
626
533
468
522
592
494
667
478
684
493
666
692
712
722
691
632
642
392
700
459
695
568
751
715
655
595
720
850
600
453
465
482
689
523
836
723
629
628
528
491
761
722
540
594
635
703
428
653
690
622
667
645
561
791
681
670
580
556
649
591
672
494
678
615
646
553
637
560
732
662
615
532
665
791
688
554
603
832
634
495
562
509
612
548
564
563
608
571
688
516
479
666
621
700
637
623
411
465
616
630
546
587
634
656
512
619
729
550
662
793
581
431
726
630
635
678
708
607
569
770
634
448
564
592
683
663
587
521
578
491
495
399
663
616
626
615
759
435
639
658
503
691
546
545
570
431
675
744
597
709
519
580
522
784
810
676
354
653
545
450
752
608
530
638
711
739
579
683
524
527
492
620
740
603
518
577
494
459
547
684
568
581
765
704
588
440
963
544
560
486
762
653
612
687
576
714
564
607
639
635
488
773
585
544
648
608
463
492
561
715
448
436
490
540
638
736
422
494
362
678
666
636
540
461
607
668
570
664
274
615
720
834
580
459
563
808
593
610
545
561
607
422
633
621
660
483
607
524
740
487
526
670
442
545
605
543
667
647
550
465
519
587
385
752
625
557
753
411
535
698
660
693
651
742
512
560
649
635
775
387
636
674
570
499
628
614
518
569
610
606
656
524
574
482
731
718
474
544
493
688
533
644
640
623
457
656
599
601
520
668
582
288
579
577
467
530
506
608
465
694
691
548
566
388
652
720
774
626
647
530
509
471
617
535
663
531
610
649
760
561
712
406
834
687
471
587
740
580
403
572
575
698
580
439
571
625
681
640
727
726
660
637
658
530
522
668
512
524
712
797
640
537
660
827
601
720
545
615
566
527
556
414
565
540
674
671
473
647
716
627
708
649
689
567
524
597
739
564
642
614
338
656
655
635
558
602
754
684
667
554
603
487
692
712
645
722
617
670
672
515
536
484
477
784
612
593
643
614
622
565
409
690
667
558
771
791
616
616
457
508
675
684
585
536
260
590
637
564
388
760
557
625
543
527
561
449
688
618
561
426
691
515
711
506
608
518
679
629
662
673
507
632
700
657
584
514
739
623
646
571
482
548
681
630
498
633
510
610
691
598
725
655
511
601
608
568
600
571
433
651
487
541
569
503
551
611
659
759
600
560
534
758
631
598
464
611
806
620
637
710
648
446
613
602
568
618
630
640
645
552
568
616
749
548
669
705
623
720
630
650
438
622
553
636
587
533
588
584
364
615
544
557
507
579
615
607
606
708
598
348
660
486
533
609
650
510
617
542
634
579
596
555
548
713
617
685
822
496
487
675
554
830
354
560
593
663
450
577
508
425
559
659
421
570
607
772
587
597
492
756
563
578
795
628
525
580
692
582
447
802
547
901
669
485
516
516
583
551
668
701
653
426
729
453
685
637
462
619
705
699
779
594
484
574
690
425
592
538
756
504
559
598
719
579
668
792
667
695
712
505
476
506
474
461
662
679
631
644
667
592
389
509
440
549
654
671
503
444
565
637
742
579
568
627
590
721
637
540
618
684
516
542
673
672
666
528
473
623
631
342
517
634
727
576
611
647
733
757
736
861
523
472
668
538
690
558
453
491
610
643
438
670
681
601
718
694
456
466
551
650
552
508
702
855
562
613
782
695
730
488
634
550
535
446
693
646
438
565
631
580
707
613
699
554
527
713
686
685
512
498
680
480
517
671
609
574
383
703
472
484
693
418
578
510
690
406
728
518
664
741
589
541
610
744
566
644
669
797
449
524
658
582
587
390
514
729
533
771
512
653
613
722
502
829
553
681
512
743
586
739
619
360
566
418
585
616
800
405
682
601
673
688
563
677
541
616
628
552
689
561
568
426
388
766
486
564
633
671
567
737
757
660
564
352
479
531
522
542
589
467
722
488
498
599
433
607
688
785
486
621
507
424
675
721
604
437
583
650
644
670
664
605
630
575
574
482
530
541
522
624
463
536
728
643
573
661
543
647
748
647
633
482
500
525
571
638
658
466
489
568
581
666
600
588
467
592
610
541
499
613
540
757
610
606
546
354
543
591
420
734
576
482
495
849
433
632
588
443
549
542
621
686
668
496
792
518
605
731
668
670
522
606
601
577
644
730
549
621
578
420
683
536
643
645
757
565
623
636
405
589
654
517
452
732
468
708
608
590
702
497
680
541
434
548
865
401
546
750
464
636
613
748
658
619
582
836
532
638
551
379
630
587
581
480
713
564
667
618
572
475
620
550
282
308
707
790
540
508
830
842
696
649
561
717
606
741
732
726
656
560
634
553
544
500
710
589
604
616
564
459
649
690
658
506
377
540
444
598
509
549
640
613
678
587
771
513
670
601
622
702
621
760
571
655
491
774
544
558
521
430
380
682
678
467
639
496
618
640
510
544
680
628
556
536
873
511
505
649
560
773
736
685
650
539
664
603
354
622
752
716
808
572
529
420
765
513
418
564
556
542
638
648
492
681
567
538
661
780
664
544
719
765
779
607
553
613
641
536
456
745
551
507
435
621
440
535
665
557
712
583
486
544
717
519
735
765
734
492
691
581
737
735
605
596
499
533
616
689
646
633
634
754
560
766
569
585
719
608
614
692
696
436
816
670
454
741
573
631
691
689
807
637
631
693
541
658
395
686
530
779
434
822
531
475
736
649
614
608
560
692
731
596
645
641
480
661
640
514
588
426
642
682
624
424
536
554
607
635
466
438
659
425
470
602
586
321
671
452
528
571
542
607
648
696
487
705
483
526
618
561
374
659
512
451
599
565
597
603
641
520
538
580
586
464
476
660
626
502
467
616
738
713
427
575
601
675
662
563
718
528
513
571
578
702
436
450
554
480
538
693
571
373
605
624
692
640
619
746
393
669
527
476
660
551
548
666
577
491
570
575
633
561
617
407
528
512
654
543
729
699
453
722
493
419
559
465
562
645
586
496
570
552
744
646
658
595
584
687
439
632
740
580
562
575
472
589
566
557
582
485
581
555
793
588
766
532
505
566
640
468
730
708
686
777
605
529
567
566
535
439
606
736
486
505
734
486
601
649
635
376
631
644
684
832
601
588
502
721
662
716
490
810
746
546
564
572
580
483
628
713
507
504
565
799
616
553
570
629
375
763
685
574
752
791
650
584
653
757
546
710
597
508
469
542
568
558
659
644
462
503
583
471
849
626
705
400
579
618
543
697
728
578
650
763
570
658
583
510
689
601
350
529
470
534
452
640
525
550
369
727
743
525
799
658
727
647
591
646
645
600
481
576
706
721
630
468
484
594
619
642
552
600
602
647
491
747
638
427
550
491
467
546
602
767
564
644
562
578
551
715
743
510
487
517
678
528
687
688
572
543
673
609
552
788
749
703
772
734
523
578
639
505
558
659
619
674
666
664
524
637
660
628
657
725
561
743
443
762
599
537
550
539
461
529
670
662
545
609
366
576
639
536
630
669
669
486
594
654
723
525
632
605
677
631
796
487
508
640
515
461
635
448
566
575
522
506
766
824
777
772
677
680
700
553
437
630
683
600
614
736
584
562
639
459
593
651
581
644
429
523
737
721
474
671
703
567
683
657
645
503
624
667
609
599
658
691
641
787
759
537
536
635
672
466
685
440
525
856
380
753
642
496
619
500
464
588
790
654
549
558
502
656
590
597
667
574
605
371
744
599
621
523
485
509
580
674
470
496
580
592
560
637
625
709
652
512
660
623
661
555
609
749
755
689
689
649
670
510
396
711
663
612
657
546
534
575
475
651
534
706
511
800
472
770
665
574
626
655
619
508
619
827
619
527
752
503
517
531
677
655
540
670
696
700
695
669
742
501
520
392
801
524
673
636
528
479
560
702
649
676
514
491
402
582
642
585
600
628
636
477
554
638
591
511
645
799
568
566
504
626
686
523
575
766
498
591
670
670
551
508
680
628
677
652
657
690
554
657
529
698
857
549
591
597
469
520
596
656
643
506
499
509
623
550
531
613
566
656
776
768
475
506
516
504
602
499
433
486
652
625
745
390
472
603
650
633
667
694
467
495
594
638
659
604
595
666
594
622
640
562
544
627
591
591
542
534
641
632
628
364
659
598
573
582
858
577
513
454
515
651
548
721
644
611
653
578
610
623
441
498
478
626
791
600
576
496
810
451
650
676
603
724
707
783
614
652
732
583
732
636
611
648
581
662
702
