523
677
511
629
595
512
469
619
581
588
590
781
857
593
771
655
550
660
685
524
668
635
597
519
508
475
484
506
611
468
659
611
665
593
659
555
736
518
404
732
503
528
700
714
701
452
857
561
430
642
687
499
402
598
693
562
542
753
560
489
367
564
482
473
411
576
559
660
687
672
714
543
697
680
644
465
621
763
510
502
465
513
611
501
589
611
507
668
755
446
543
461
549
545
503
428
623
389
658
698
560
748
448
574
610
499
714
638
658
630
448
593
734
359
676
757
631
747
647
611
692
759
578
632
471
513
613
643
538
568
741
773
597
485
716
647
377
450
583
539
584
554
665
722
610
443
471
484
570
559
610
487
558
532
696
672
540
400
573
548
681
618
348
601
703
605
431
536
647
573
630
598
607
551
693
584
488
716
679
597
450
515
535
536
552
570
599
515
575
663
720
532
644
637
622
472
589
575
656
657
488
485
375
638
466
634
665
380
611
597
568
480
563
732
575
684
431
505
570
566
612
633
586
560
729
581
552
468
593
801
620
764
652
574
737
645
627
729
640
565
607
927
495
395
648
502
703
604
567
625
667
539
521
451
640
573
720
649
618
305
552
539
679
705
506
592
694
734
594
585
616
537
521
598
762
660
749
726
615
522
729
524
714
701
451
698
409
565
438
613
742
556
440
699
683
511
592
522
657
602
529
502
590
473
701
644
483
522
543
620
648
673
551
568
586
524
541
544
651
694
577
484
739
648
774
744
608
543
513
590
672
659
541
654
531
757
548
662
506
559
609
678
716
671
656
648
762
623
517
621
584
660
561
673
636
569
575
494
545
617
559
401
489
529
721
682
612
463
802
577
556
471
485
645
487
696
576
574
627
612
506
563
590
475
628
707
560
643
625
641
580
687
784
377
625
694
580
535
488
756
518
515
469
435
613
599
660
605
463
586
666
624
532
618
634
535
728
584
632
635
592
416
592
528
622
644
531
554
767
499
500
642
650
589
650
539
702
594
743
479
596
394
666
801
624
497
547
562
637
426
638
695
630
741
582
595
757
550
654
745
518
759
569
592
566
750
704
661
700
660
747
607
720
403
500
700
638
483
610
769
608
649
606
488
542
540
548
669
696
560
545
470
756
579
521
551
623
648
530
612
521
677
605
630
785
662
590
473
597
568
745
543
547
652
657
623
404
454
535
661
655
515
466
517
554
500
714
615
522
596
685
507
643
689
715
584
509
823
473
633
586
840
589
624
614
695
622
593
587
606
731
509
600
595
642
740
608
612
499
336
616
404
674
695
742
587
392
527
610
484
563
475
614
628
475
582
594
293
493
697
509
835
526
536
638
629
501
573
629
381
658
626
702
443
622
668
717
605
495
459
811
505
490
590
519
612
593
764
497
694
413
558
626
585
589
528
629
759
625
616
460
609
673
648
631
712
601
555
495
532
635
716
577
595
622
670
671
609
737
714
394
581
534
708
909
589
715
859
725
620
809
511
656
399
683
534
550
442
547
521
562
597
588
627
575
429
573
799
857
556
676
603
640
654
794
506
773
471
601
654
692
643
605
487
609
564
642
458
574
619
518
434
630
703
644
582
612
647
644
589
596
550
601
573
534
568
513
834
577
600
624
546
765
684
629
651
532
464
658
507
333
557
606
581
718
510
646
653
508
595
642
534
701
780
484
478
569
627
474
648
572
557
516
472
715
562
530
464
503
584
636
686
622
574
694
552
500
686
665
445
618
532
631
456
743
655
558
685
593
459
697
588
543
609
574
570
447
513
454
569
490
834
593
619
636
607
577
560
508
587
734
623
656
747
617
690
543
578
498
561
689
495
626
682
685
380
631
511
521
569
466
364
584
538
790
573
513
626
491
646
527
454
654
505
644
489
580
449
459
477
746
477
652
472
733
810
637
468
676
674
641
521
505
664
656
689
740
474
637
479
454
683
530
676
644
609
672
698
604
444
624
642
706
773
657
539
551
674
730
448
600
588
696
599
590
597
813
519
567
570
697
676
593
582
619
747
718
614
778
619
605
430
495
666
605
626
603
484
593
637
686
492
690
606
833
596
516
573
562
584
626
519
565
512
547
392
642
579
608
575
609
665
685
678
778
583
799
669
739
620
436
669
392
474
746
724
751
534
500
569
721
534
580
758
696
514
691
655
817
630
746
481
422
464
765
652
442
462
599
746
571
521
505
639
679
519
626
683
803
561
713
557
704
561
489
621
587
597
617
607
630
491
535
622
480
621
667
609
646
498
690
585
608
561
537
649
585
755
441
432
430
648
559
697
550
626
573
530
613
555
557
549
532
440
446
629
543
622
452
663
721
653
696
534
546
569
651
643
593
430
485
734
573
571
579
653
682
447
510
606
778
693
745
659
558
578
670
541
701
521
626
570
557
497
831
525
649
489
635
646
579
777
669
430
771
544
542
463
755
593
698
493
393
683
597
424
513
633
574
731
706
529
584
535
618
635
668
595
717
692
514
416
676
757
557
593
326
455
621
822
629
762
635
486
543
628
546
725
753
636
691
504
544
575
677
558
635
575
744
742
565
639
696
846
789
520
552
771
594
643
644
583
672
590
522
709
696
439
580
642
637
579
711
480
677
482
672
550
671
720
530
393
596
563
512
706
475
614
846
659
603
620
729
350
662
695
507
457
479
536
521
593
474
554
532
543
685
643
449
601
531
442
698
733
684
664
438
663
616
518
757
653
730
670
724
564
600
608
595
532
493
630
577
490
829
681
587
818
551
564
693
631
574
639
347
503
499
771
748
477
463
731
532
826
605
680
578
709
819
656
664
758
638
808
826
587
717
723
547
579
635
586
906
551
640
682
670
591
672
484
489
626
437
521
567
561
681
502
452
752
498
639
539
431
470
521
628
522
485
550
682
735
491
551
605
499
469
761
575
541
662
447
723
730
622
459
627
445
591
589
638
716
614
582
666
706
746
748
556
731
631
473
439
682
647
515
646
633
685
552
528
696
673
568
461
682
539
623
596
431
811
727
549
654
570
618
538
489
571
739
694
529
557
591
511
652
781
469
440
585
540
690
790
482
624
538
527
602
440
520
526
508
538
456
726
646
709
648
622
702
464
506
540
551
585
691
488
543
564
677
613
533
803
396
554
573
552
597
747
720
754
595
557
691
735
635
592
514
482
585
521
604
547
579
503
690
562
563
623
704
648
589
556
571
522
654
606
643
381
322
467
604
718
529
740
577
730
672
430
605
473
661
375
641
596
633
759
607
524
685
527
699
563
681
507
775
434
583
633
652
602
479
589
637
475
573
774
534
429
710
587
677
377
656
732
640
536
478
506
566
417
558
487
562
564
525
536
604
796
583
563
518
471
547
561
755
485
571
702
664
781
760
565
588
549
504
746
672
636
638
624
658
614
491
520
492
674
652
432
560
496
568
708
615
680
579
584
567
615
746
680
632
670
745
766
538
438
640
549
839
738
464
759
489
740
787
734
486
725
592
628
578
662
759
534
479
508
470
589
546
575
718
863
692
606
762
435
562
738
477
561
519
562
628
597
649
707
640
708
628
580
554
654
454
519
584
498
310
503
593
620
554
666
655
716
636
586
619
611
507
647
628
610
699
627
535
686
536
517
551
518
618
646
598
520
568
592
582
579
766
580
601
681
780
559
538
449
700
655
526
729
569
633
759
553
717
566
741
502
570
545
563
550
810
543
561
568
677
559
627
639
483
734
517
463
597
581
405
467
567
573
653
490
609
665
525
551
545
661
700
624
626
665
718
692
798
497
847
561
579
456
711
610
516
643
551
520
724
682
600
742
494
580
578
608
520
627
659
634
478
665
542
654
748
618
606
727
559
538
523
469
627
628
729
425
518
649
583
491
726
643
561
608
637
617
629
489
709
681
581
665
518
553
543
677
511
600
641
633
446
464
526
665
409
664
587
660
531
668
580
528
640
702
670
735
683
662
555
694
806
681
498
506
511
558
751
551
666
607
654
647
642
800
588
422
678
407
722
698
689
749
657
695
467
449
668
598
562
618
543
687
568
779
676
578
569
646
680
520
454
616
622
715
788
600
499
615
686
580
857
787
748
544
570
603
703
454
521
654
589
587
749
551
663
780
531
456
652
571
691
520
591
607
626
702
406
549
574
525
630
482
689
664
868
728
510
461
681
700
589
435
579
596
561
739
561
397
656
644
683
539
745
597
609
726
729
776
601
540
552
633
759
579
717
510
484
462
682
578
573
696
641
697
769
398
751
528
620
727
701
597
700
717
805
614
439
566
526
492
529
775
498
664
689
649
480
449
383
583
626
426
454
582
569
623
511
779
517
601
696
484
674
524
425
514
699
662
501
529
411
725
775
576
559
612
471
586
661
576
524
603
647
673
622
576
687
776
525
644
637
500
705
437
621
462
481
502
728
525
687
594
508
715
543
567
393
703
600
706
530
511
888
391
799
536
461
514
341
562
620
439
487
512
619
489
456
599
421
507
513
731
519
667
393
644
594
671
629
713
688
737
556
623
567
682
758
762
608
501
828
529
532
761
626
579
547
707
648
550
821
694
664
491
641
638
671
528
609
586
549
635
690
759
644
638
666
506
725
652
780
635
665
531
427
508
674
542
738
587
473
636
521
453
578
500
851
624
571
472
523
632
475
554
604
678
735
678
578
530
561
587
518
720
668
577
474
495
427
469
586
560
733
579
573
740
370
569
487
510
487
579
680
715
465
455
626
527
643
432
543
629
544
510
571
753
402
581
530
722
547
415
697
617
543
730
527
808
525
501
530
534
534
579
664
623
502
617
736
612
626
741
743
704
640
553
559
640
590
766
554
692
605
639
630
558
545
617
629
771
476
823
590
690
608
517
860
453
718
534
530
539
449
556
615
639
704
530
550
503
531
747
494
644
501
510
578
446
670
581
633
748
686
571
756
566
645
382
541
446
555
557
749
426
540
514
519
581
765
477
655
460
579
637
448
703
586
741
623
634
654
481
733
664
664
700
689
480
621
619
552
461
672
611
667
696
507
455
519
625
751
705
464
474
569
779
614
465
749
736
444
500
522
644
554
612
648
590
597
631
645
637
710
471
561
478
767
533
609
545
672
593
468
539
466
523
643
553
522
431
736
615
623
605
385
787
520
558
675
688
467
413
619
570
554
474
631
602
687
800
682
558
555
502
495
611
699
556
580
578
598
586
571
515
615
440
809
770
725
679
683
508
620
676
487
573
640
535
299
570
588
679
476
686
710
466
681
522
573
625
602
442
550
523
721
587
617
623
438
407
676
616
674
567
576
698
496
716
549
691
519
603
705
626
705
616
586
609
707
548
683
824
519
466
585
732
648
618
493
425
485
562
720
598
661
614
654
592
445
564
505
655
652
659
535
692
540
666
464
637
746
801
505
542
757
365
660
434
770
630
524
581
665
578
718
661
695
517
715
587
526
357
594
618
576
540
520
578
535
540
741
746
495
585
489
679
694
576
434
655
433
629
608
492
470
705
563
642
641
738
622
287
555
500
690
600
688
712
438
728
708
517
603
560
752
753
506
524
686
562
561
669
622
526
451
656
683
605
518
607
520
705
629
555
726
559
826
515
645
488
662
618
563
739
703
497
636
525
469
462
714
571
624
657
596
604
513
510
499
472
686
405
613
629
601
699
673
598
675
697
550
512
613
567
637
581
581
722
565
566
435
680
484
633
660
750
579
604
570
638
703
560
512
551
468
550
598
680
664
541
764
686
540
556
636
644
688
583
574
414
523
555
531
641
645
572
580
497
697
657
412
552
715
428
461
707
642
679
563
641
639
696
619
665
638
596
739
650
507
710
620
473
634
603
646
661
598
721
675
743
602
541
536
526
751
635
653
548
475
536
347
603
552
412
569
661
577
571
509
508
532
720
624
595
511
623
724
594
643
542
571
835
591
614
546
694
652
784
480
604
540
454
500
605
486
443
527
449
595
641
485
527
644
789
382
714
651
846
525
676
477
651
693
795
661
624
730
517
502
695
642
644
578
675
518
753
575
663
692
619
772
590
558
605
667
465
797
492
636
559
385
568
582
549
296
371
685
763
745
559
567
666
740
521
639
515
651
683
589
535
591
612
736
679
589
694
517
639
668
495
611
419
638
506
598
761
828
699
633
644
708
650
586
578
677
605
500
726
593
656
592
381
861
532
603
805
688
536
599
658
473
773
593
742
562
592
624
502
645
585
613
614
655
776
504
675
734
606
453
664
634
578
441
542
628
517
735
729
589
659
661
627
500
473
785
675
700
469
537
704
610
652
599
694
622
562
345
666
658
483
592
531
676
585
535
626
559
733
657
508
642
566
627
563
668
747
479
506
600
510
488
652
629
572
617
567
651
668
517
666
693
588
787
458
585
594
504
700
427
669
550
463
457
455
612
601
404
861
676
652
527
573
651
535
436
588
570
598
734
668
771
608
480
588
524
635
471
545
480
560
518
683
587
614
547
556
534
506
641
712
666
343
665
517
554
672
391
629
523
541
559
559
659
400
461
435
549
609
519
703
556
600
492
521
791
612
487
497
674
565
571
642
553
430
480
645
704
805
463
470
520
480
630
592
568
381
596
722
358
536
637
591
652
437
461
588
530
660
480
713
663
556
646
463
664
706
520
734
527
737
660
568
640
553
622
754
731
746
701
593
681
526
337
655
665
393
587
652
438
764
492
717
718
647
609
698
731
623
497
594
532
485
642
548
635
539
683
587
467
780
474
837
504
642
618
642
756
463
520
682
648
700
744
473
564
715
581
385
596
520
743
614
671
576
769
368
705
614
686
566
695
656
415
633
518
645
563
669
580
699
606
588
540
632
427
679
509
574
706
556
635
415
654
395
686
704
477
544
583
791
527
520
563
501
637
674
430
568
641
555
707
542
417
678
747
350
579
559
509
718
664
262
522
639
606
622
715
601
593
773
570
514
550
414
616
573
612
592
800
590
609
560
719
486
543
715
302
381
546
693
581
642
539
608
602
370
681
520
480
772
634
584
495
719
589
401
583
615
536
527
603
562
528
558
522
604
826
841
297
587
781
732
549
694
684
577
322
506
680
485
549
696
636
454
609
745
611
523
428
541
542
596
486
624
452
590
508
630
531
635
633
611
740
578
610
678
676
547
691
579
536
675
608
739
493
246
809
533
675
557
706
611
593
584
512
591
415
820
419
559
398
615
681
738
692
663
631
543
563
556
513
612
479
522
542
601
645
699
657
548
528
598
461
574
575
531
564
566
713
672
694
561
651
591
639
223
455
556
680
650
715
618
622
670
771
639
546
548
676
505
530
363
696
595
618
617
583
758
573
791
594
680
608
450
648
611
627
602
579
639
525
622
597
487
699
639
541
365
686
577
481
687
646
728
593
564
525
635
475
588
401
636
585
521
733
677
618
682
591
651
553
588
677
593
585
389
599
416
598
608
440
471
583
698
613
631
464
575
572
634
553
679
762
643
635
567
689
632
470
483
494
625
676
657
603
799
646
616
668
641
560
724
631
593
548
450
536
572
726
556
626
658
556
772
665
633
533
719
505
721
711
698
602
695
655
472
757
700
620
600
366
603
647
551
557
499
649
677
641
700
468
660
563
609
706
680
631
763
600
713
677
629
591
759
417
606
637
555
583
678
403
644
625
535
784
587
564
439
540
554
655
499
646
625
693
601
628
641
596
625
710
479
827
649
600
701
669
717
621
542
339
552
548
432
526
488
652
446
555
753
588
533
554
694
658
805
577
528
542
726
685
560
536
739
625
547
690
612
670
538
573
718
643
632
610
478
573
629
525
814
403
727
679
660
424
579
756
355
617
582
567
437
638
668
594
688
487
682
689
575
675
717
584
532
462
525
655
613
428
512
599
692
515
570
472
711
426
459
654
660
505
519
550
511
666
696
431
710
571
710
542
350
570
667
759
613
637
806
590
446
589
569
650
445
495
588
639
619
667
637
719
676
448
731
439
554
697
773
488
543
699
572
565
655
690
576
633
573
562
696
555
682
632
518
543
608
652
584
534
743
677
490
619
523
274
732
501
611
602
536
612
558
516
550
598
651
691
465
523
551
643
619
503
618
706
528
724
469
791
581
683
697
716
631
664
688
549
646
541
673
624
628
519
645
606
596
517
621
472
586
469
675
572
611
430
628
626
801
612
549
484
637
608
537
665
536
609
467
606
461
469
587
548
629
625
664
434
710
699
482
530
501
487
543
689
504
512
589
563
802
743
681
352
673
754
648
662
541
632
557
537
559
569
516
650
490
782
508
525
518
451
692
701
480
565
633
787
701
809
468
551
511
738
587
587
494
739
482
625
635
663
776
725
628
570
672
517
649
715
475
525
567
641
627
524
477
750
560
572
375
589
638
547
725
654
607
751
616
638
687
625
595
598
451
576
788
557
505
585
579
543
778
588
684
494
541
665
764
539
806
683
577
274
491
562
678
632
427
610
537
565
775
728
622
535
664
545
534
552
609
728
639
402
544
513
422
557
701
739
597
561
693
554
653
470
547
573
701
524
575
410
705
560
589
460
684
545
456
573
582
544
525
830
736
616
637
682
548
634
684
623
604
714
580
624
472
725
486
764
621
506
747
524
646
743
649
828
609
580
679
669
709
626
762
452
470
569
631
534
660
622
749
597
491
706
698
613
613
515
510
621
624
379
613
717
653
550
526
673
525
731
791
583
437
706
535
755
585
398
515
512
599
494
640
646
657
532
709
465
614
762
756
633
583
671
576
564
522
513
742
643
666
597
546
696
363
559
611
630
451
486
530
578
691
468
513
629
693
467
588
594
489
532
729
662
572
748
666
614
528
509
533
740
564
582
447
696
664
712
628
486
644
499
532
647
612
334
642
576
727
557
490
677
827
609
552
651
592
717
619
604
659
470
756
485
511
679
530
658
627
490
514
514
500
710
831
657
578
575
777
692
688
487
473
641
605
799
537
486
702
546
424
570
624
649
770
686
606
813
574
518
458
728
738
557
645
683
567
621
577
723
624
471
566
472
526
549
652
500
568
544
474
506
540
492
547
571
694
410
651
482
569
653
489
487
617
741
494
358
426
498
536
502
505
516
794
670
716
579
573
556
701
594
560
586
701
541
648
441
674
520
640
468
457
596
597
707
560
636
653
542
527
534
524
707
592
697
663
658
436
560
523
672
657
572
639
446
602
710
649
503
464
436
523
666
679
582
819
522
727
655
524
820
438
695
534
683
593
729
445
707
613
580
753
477
627
586
623
500
542
675
579
414
592
689
482
687
411
720
472
474
588
552
734
620
544
664
705
577
537
527
548
505
608
537
599
684
657
648
456
594
599
632
614
404
510
513
695
593
441
553
589
556
568
697
531
581
484
501
606
693
727
661
664
732
563
568
544
716
653
605
645
650
623
521
481
524
738
782
531
638
578
502
581
612
629
477
554
687
452
721
572
637
659
605
560
572
689
501
449
493
623
627
556
713
472
752
598
457
550
654
534
625
690
680
374
736
588
725
816
598
541
560
666
538
530
754
656
565
581
545
648
643
664
599
607
785
652
759
473
611
581
516
768
519
589
550
669
590
630
704
679
437
580
662
808
627
631
702
537
522
689
545
698
820
450
608
715
662
730
757
500
492
607
473
549
442
638
714
685
637
770
529
471
502
598
534
618
620
682
494
575
682
784
541
585
731
648
775
723
573
745
550
596
678
723
666
666
834
462
647
480
782
480
609
581
491
520
669
514
575
702
562
641
438
397
675
500
496
570
416
505
812
648
550
696
639
682
701
536
543
798
503
571
557
527
728
574
602
672
705
506
666
622
480
755
578
560
447
663
691
546
616
647
757
504
627
659
419
507
698
556
580
618
623
483
613
479
547
602
587
496
598
665
577
598
655
644
659
479
630
697
637
574
766
455
623
811
716
581
586
592
620
653
538
578
619
660
522
718
580
628
713
582
518
666
559
495
549
650
693
472
674
661
494
543
431
546
504
661
376
481
410
581
620
537
523
552
505
675
764
556
569
477
737
694
653
597
546
709
525
472
523
687
630
601
694
733
525
606
690
668
670
622
617
655
523
519
544
481
712
592
648
615
512
691
494
682
599
555
623
553
619
537
773
516
506
727
742
548
625
561
726
551
518
652
585
629
576
645
790
597
732
702
723
471
684
527
558
721
713
620
441
610
641
727
505
572
509
335
700
652
526
511
692
554
828
456
541
468
639
560
558
578
640
450
535
636
503
430
547
797
477
595
538
431
686
423
505
359
491
664
455
494
725
607
708
567
536
883
521
639
757
544
660
633
771
341
712
627
672
855
488
673
689
749
716
779
491
662
457
693
707
780
583
606
666
682
632
488
650
578
708
662
685
458
532
569
511
706
550
567
645
638
602
613
667
553
508
780
564
536
505
782
531
573
579
414
523
570
688
474
504
677
755
627
597
580
696
488
649
699
424
873
472
686
652
396
464
760
386
668
565
765
590
614
720
690
467
708
552
743
576
521
564
711
556
680
713
411
646
811
730
591
489
643
449
543
520
583
449
657
509
669
638
736
674
702
564
522
590
641
390
639
544
669
502
626
619
618
679
575
644
603
608
857
572
413
513
551
617
573
621
682
614
708
731
625
709
767
758
678
671
478
401
633
559
767
609
541
567
378
724
501
826
497
541
627
665
363
636
373
794
349
573
502
732
698
529
749
620
553
702
651
616
640
662
563
628
342
704
644
480
602
571
399
647
784
585
621
741
514
625
472
567
638
537
506
668
536
691
575
565
636
832
688
724
609
685
627
413
624
800
493
597
484
582
435
259
621
447
722
601
669
587
635
719
552
593
562
560
516
665
470
644
643
686
462
577
486
406
579
603
640
467
754
537
549
576
519
649
602
674
544
625
516
584
637
610
662
635
540
460
614
575
581
561
594
574
521
750
566
528
624
663
571
617
478
665
558
558
667
597
718
652
687
618
717
635
537
703
499
540
542
614
497
544
654
623
623
569
507
563
577
707
565
630
574
565
604
605
600
567
540
624
558
716
536
677
723
736
626
558
493
645
394
522
652
571
491
689
478
604
513
686
748
508
564
795
698
567
479
680
678
592
436
699
605
666
411
739
702
693
519
781
588
655
551
686
559
812
496
678
485
518
720
474
704
422
720
703
648
609
545
600
561
568
535
486
780
723
685
622
591
621
640
564
636
722
639
687
497
571
513
617
525
715
479
568
645
367
675
428
511
657
577
568
776
654
449
604
718
685
592
656
635
463
525
536
500
604
624
526
620
517
750
795
596
700
608
565
543
635
587
667
859
611
718
598
543
552
590
502
644
579
617
742
799
592
433
667
521
497
459
436
738
647
779
499
673
628
746
609
578
626
599
460
555
623
786
676
532
588
666
885
688
422
617
730
547
726
625
646
684
543
648
618
821
409
369
543
567
513
537
532
525
678
705
554
450
534
572
563
618
576
546
681
625
662
722
715
590
547
779
433
401
525
634
561
594
456
613
430
505
636
650
607
606
662
563
777
539
505
687
499
705
434
617
579
543
691
621
605
541
623
563
485
496
716
561
556
528
648
585
765
674
543
601
376
360
641
617
538
459
660
544
649
523
558
534
639
606
433
718
762
622
746
647
445
585
682
377
489
615
540
576
625
511
559
552
661
470
629
560
594
551
712
491
495
504
688
409
479
480
572
642
608
596
506
779
691
509
660
554
532
728
510
544
401
444
485
681
454
651
560
619
632
670
681
566
424
759
659
459
562
509
489
468
598
609
598
659
631
570
697
614
699
656
674
567
597
621
582
627
589
525
610
530
644
530
583
663
696
578
655
571
610
518
654
786
433
620
663
694
576
587
661
716
566
715
814
532
713
515
665
465
526
539
671
653
543
658
578
661
598
456
611
526
636
518
578
569
531
543
489
445
469
477
604
493
453
531
670
503
543
506
535
308
620
628
358
639
595
741
516
795
500
697
487
662
559
611
477
644
542
453
509
357
581
492
666
531
693
616
531
633
605
335
703
627
535
511
540
467
674
454
649
554
867
627
790
508
516
606
602
637
669
664
679
775
675
758
551
566
538
390
527
625
617
696
503
719
701
625
516
615
705
540
626
636
695
796
702
654
904
606
532
557
643
521
514
702
460
623
550
533
602
662
535
440
701
643
732
568
606
401
514
424
532
521
729
594
519
592
626
687
592
491
581
648
680
775
512
626
713
442
582
712
620
370
502
603
563
582
481
655
534
592
722
643
796
569
523
453
593
713
484
494
659
578
671
784
519
448
445
563
673
669
587
634
616
656
621
802
577
530
440
580
763
677
678
747
478
669
633
353
541
675
606
779
587
778
508
537
476
691
573
465
531
451
795
512
651
637
634
548
660
499
515
454
491
693
653
572
619
513
615
656
695
646
453
879
567
673
569
443
670
562
666
803
682
653
618
519
645
661
684
408
442
459
472
608
620
620
500
664
542
631
759
611
692
628
560
601
652
472
592
557
585
583
475
674
583
551
594
687
638
703
580
680
555
643
683
641
491
632
585
839
598
705
687
487
800
833
451
629
567
663
557
685
577
665
489
509
633
536
706
523
755
650
568
607
630
661
738
695
402
614
685
643
569
640
528
745
617
606
665
709
440
673
642
663
388
705
666
591
475
631
603
664
704
612
595
643
640
480
506
632
685
600
646
666
520
576
574
570
571
565
448
627
504
694
638
429
592
619
599
746
576
502
295
436
623
777
617
351
588
515
656
574
520
543
572
713
492
456
591
380
700
666
572
663
595
566
535
585
748
598
601
542
648
427
562
688
414
526
702
569
731
614
719
556
494
598
514
531
667
577
841
668
457
502
556
534
494
638
550
614
677
528
610
755
799
657
704
591
711
612
566
644
641
631
546
556
695
579
735
660
683
792
545
551
684
651
544
558
600
477
653
580
514
690
685
457
661
688
648
544
603
488
483
618
598
443
437
560
496
534
516
578
567
605
494
488
650
703
624
765
666
572
733
534
614
801
500
666
566
638
703
561
652
636
492
614
639
501
689
666
536
555
362
650
729
610
655
614
515
641
591
602
587
583
538
587
694
578
618
559
717
480
528
731
610
595
739
515
729
797
644
584
464
566
863
616
557
573
454
587
463
675
666
498
622
610
492
605
638
643
727
587
617
526
519
514
519
577
577
835
557
482
511
635
661
685
605
674
754
609
601
593
757
571
756
768
624
709
525
673
515
625
657
866
628
631
382
497
591
587
650
610
689
639
568
714
599
580
695
541
569
572
729
659
605
681
593
511
803
475
547
579
540
391
713
407
457
508
600
436
545
387
494
652
606
674
503
571
651
687
434
812
678
709
604
538
717
686
698
515
462
717
700
571
637
608
633
557
551
529
589
499
611
387
479
577
472
521
505
610
534
560
747
699
620
720
666
691
717
537
514
710
832
612
613
501
510
471
562
703
529
526
519
622
520
500
677
463
530
625
636
584
844
659
451
551
529
539
516
644
577
407
619
624
744
643
659
573
670
644
553
623
645
601
661
471
428
531
700
592
733
450
487
526
629
578
619
519
683
764
606
492
648
708
572
451
679
575
640
713
691
820
641
714
649
619
678
496
446
601
458
464
554
609
591
470
680
584
689
559
727
515
653
784
688
673
376
581
749
583
535
623
654
596
597
571
706
669
417
495
569
653
685
589
575
642
555
584
816
543
681
640
584
512
550
548
544
564
630
587
685
669
629
548
537
730
463
413
624
585
526
684
465
479
622
645
586
654
737
483
577
576
499
659
582
569
596
576
621
542
677
578
679
654
510
520
569
790
686
712
672
510
600
688
531
587
614
833
769
529
415
622
552
607
638
710
654
644
678
542
606
585
553
542
429
584
576
707
647
717
732
540
801
834
500
637
573
499
690
399
520
518
493
698
644
594
591
648
640
545
485
451
502
523
798
546
636
353
430
696
642
328
406
618
698
531
631
820
660
629
561
631
482
575
698
534
695
665
614
651
702
739
626
755
766
592
759
505
623
529
709
439
641
740
698
546
695
694
568
703
790
627
646
565
544
538
673
771
383
643
636
612
489
614
596
393
426
498
812
661
702
606
595
605
561
691
581
576
751
356
532
538
468
387
613
505
677
543
681
472
326
619
825
643
604
719
769
549
717
544
509
685
487
492
471
717
529
568
628
593
622
646
519
497
578
636
635
604
455
641
554
586
374
473
518
580
469
672
777
474
493
648
551
678
669
615
673
581
706
417
666
754
537
675
716
439
405
519
766
421
355
674
642
614
790
669
543
664
624
692
606
612
600
701
704
640
396
556
607
380
724
568
750
535
550
617
620
502
584
608
506
641
643
606
597
736
691
593
671
576
551
662
473
718
460
666
566
587
524
686
654
595
680
568
642
731
509
730
562
577
518
592
674
357
624
809
674
448
634
581
757
470
476
465
704
692
596
515
774
534
578
600
335
663
540
577
604
721
615
654
468
619
532
671
504
783
773
622
606
419
575
611
615
643
601
638
661
702
749
615
705
592
555
609
649
619
641
629
475
486
594
586
734
663
450
560
445
701
583
477
594
604
771
561
522
892
666
750
940
650
746
659
562
713
534
521
620
667
824
677
530
550
476
490
461
778
497
548
675
543
496
722
761
645
619
602
621
672
582
512
645
623
473
699
598
617
584
592
524
488
530
577
543
663
537
624
414
641
613
585
574
642
512
698
613
478
633
665
569
444
601
659
477
655
615
796
553
468
487
725
479
611
644
731
573
660
471
636
596
602
624
325
643
690
433
592
759
538
486
643
473
787
593
545
557
556
602
651
471
837
494
478
599
447
635
543
726
451
742
662
570
501
548
524
527
662
577
523
559
735
515
419
668
523
740
751
563
733
667
625
684
443
592
707
706
648
511
540
666
595
549
728
533
583
560
487
637
698
732
643
666
489
608
666
690
761
635
523
659
674
622
709
634
649
415
688
716
774
493
593
461
630
622
502
394
594
773
605
673
643
697
564
545
657
563
583
740
668
672
343
630
869
547
582
523
559
621
674
395
495
637
730
582
757
605
634
693
521
773
526
812
737
574
593
671
556
731
539
614
615
725
659
535
462
629
537
594
626
440
640
651
706
622
645
653
810
519
572
376
460
571
568
564
619
665
749
582
706
740
694
658
834
628
661
515
420
519
627
600
669
508
759
672
467
646
509
733
477
708
535
727
663
557
714
603
597
487
692
501
620
718
695
506
593
486
611
712
748
592
500
378
522
539
515
590
590
617
596
611
564
566
722
573
501
608
532
665
625
627
691
523
566
692
555
464
605
736
572
523
683
554
555
630
526
675
610
639
617
674
552
414
620
445
761
735
686
594
806
506
418
576
573
578
688
528
589
455
537
630
673
604
518
509
642
418
735
595
682
584
396
737
654
481
765
778
673
544
396
715
590
756
626
640
628
716
640
702
380
571
658
789
617
704
594
494
553
559
536
603
651
642
590
720
554
648
771
669
641
594
636
718
734
509
732
711
665
755
641
543
460
546
504
745
748
584
391
488
613
752
738
807
633
485
730
586
638
521
375
533
630
504
634
472
789
610
778
675
534
750
591
749
688
578
694
667
545
855
515
580
729
650
839
548
721
668
501
486
687
615
682
733
478
607
688
643
649
873
507
659
485
624
635
554
466
551
744
765
582
805
605
624
627
612
584
713
569
428
541
544
443
569
732
488
628
596
623
591
609
494
370
672
591
697
709
745
605
571
594
608
368
732
491
619
462
686
570
580
523
298
433
686
625
606
555
517
715
753
628
603
752
781
615
405
619
707
725
802
541
458
597
587
709
796
612
518
499
573
731
610
717
607
544
681
779
615
587
587
659
529
597
426
586
515
491
590
610
652
433
680
710
592
537
613
559
561
741
486
522
568
499
569
762
546
546
667
663
631
660
575
834
500
842
718
504
800
546
623
567
431
751
462
601
648
553
555
739
803
651
497
575
628
500
785
743
637
729
647
758
570
543
599
600
707
691
538
756
699
576
517
654
650
354
573
647
677
667
436
501
541
661
773
562
716
673
719
403
526
446
685
530
585
715
597
588
410
511
765
607
429
282
579
702
764
577
513
526
690
442
665
759
675
550
495
695
568
578
540
555
508
658
533
516
545
654
666
442
376
426
462
533
525
633
590
621
467
551
585
593
476
510
562
501
750
660
500
559
598
600
639
637
598
562
525
702
596
507
554
585
484
443
612
531
767
456
596
486
712
817
638
497
493
841
607
715
779
529
844
794
708
613
739
560
467
576
778
703
636
559
358
709
655
661
500
633
591
605
454
560
704
685
802
751
749
654
505
565
622
578
502
619
531
589
690
548
625
571
709
582
539
622
656
696
553
613
551
612
678
666
569
472
509
464
558
600
543
577
482
573
607
401
561
531
539
439
549
523
665
623
655
528
578
671
624
734
630
649
601
641
600
740
447
647
678
505
578
404
550
675
538
508
628
683
557
621
458
635
442
708
463
477
526
538
554
601
497
714
560
604
600
662
670
619
353
528
441
540
518
580
633
816
566
674
481
524
634
730
513
589
686
801
415
575
579
549
550
660
550
677
566
746
616
548
665
577
464
589
636
536
545
556
592
393
571
685
656
640
740
776
557
554
592
665
576
444
836
597
587
541
612
589
547
589
546
486
889
646
733
429
611
642
710
626
500
554
732
702
641
548
504
536
514
628
583
553
602
697
542
515
546
601
506
511
568
662
486
507
474
871
504
802
535
478
528
660
563
606
499
574
673
472
778
483
557
500
530
719
654
544
730
595
552
468
544
558
613
613
740
528
593
758
615
564
516
516
654
605
719
669
534
540
605
527
625
777
576
667
522
451
583
664
651
709
444
524
636
414
392
554
531
476
722
642
741
607
598
652
720
553
604
518
727
621
674
499
491
690
633
517
649
699
591
546
532
494
540
717
711
758
731
621
440
590
840
697
499
631
532
646
767
487
578
742
689
564
563
678
720
691
478
403
572
696
645
655
640
576
605
547
580
606
518
767
630
804
636
614
460
482
668
694
563
616
705
673
682
492
495
571
656
557
799
507
678
421
554
630
662
696
377
595
678
740
591
779
551
611
629
705
618
507
705
455
449
606
621
649
375
453
712
624
638
484
915
716
699
688
673
693
414
514
442
634
554
644
627
720
604
669
624
651
400
599
462
549
674
626
550
681
783
564
644
575
323
442
580
421
658
588
545
481
642
646
685
537
612
491
689
408
450
652
824
546
479
686
620
494
584
491
501
559
584
745
566
446
580
434
628
473
600
514
527
844
638
559
543
506
617
721
694
568
763
598
505
482
595
637
480
789
396
519
539
665
544
608
448
733
649
661
685
764
497
669
614
679
654
662
562
718
623
601
539
579
672
679
695
755
544
477
688
526
666
608
486
586
721
707
587
611
754
615
831
670
568
714
614
539
616
577
686
668
897
517
617
527
612
542
329
501
519
556
644
461
618
447
342
674
678
534
513
536
557
701
590
558
704
501
564
605
461
410
565
620
539
535
432
631
581
446
600
594
588
607
709
569
479
671
494
607
565
636
354
593
490
665
537
724
527
554
483
777
588
525
514
566
445
500
704
555
640
743
517
772
629
607
618
586
705
450
696
572
589
491
641
710
579
596
661
552
410
392
543
584
576
433
467
582
609
493
744
647
492
734
603
564
521
727
711
659
608
621
547
615
712
403
702
508
501
594
428
519
704
531
591
685
534
542
698
629
744
890
588
475
319
526
827
569
613
717
544
511
672
646
482
690
727
594
705
689
423
682
666
646
705
492
762
508
570
650
733
698
559
675
505
683
598
545
621
620
584
517
574
615
518
784
547
497
416
392
892
475
667
510
464
582
633
440
596
479
511
614
763
632
560
721
786
559
457
599
538
661
597
698
629
595
330
721
670
527
738
647
640
512
752
414
713
554
691
468
557
592
564
426
653
463
653
634
538
628
580
626
541
624
746
604
706
393
497
512
526
650
573
750
445
685
597
639
557
607
526
707
556
596
647
803
272
709
575
562
703
591
566
506
453
608
586
539
475
699
675
779
735
666
633
622
632
738
715
783
517
671
558
515
341
705
570
579
505
561
581
807
704
468
573
507
617
677
699
668
677
765
409
668
555
526
583
553
638
660
471
465
598
507
642
591
430
450
649
390
723
592
405
460
628
557
588
658
727
648
618
590
550
795
461
577
702
545
562
487
491
720
518
602
401
664
552
525
704
524
557
636
532
647
848
644
685
679
599
621
642
561
675
694
598
818
677
652
651
703
604
559
696
718
692
467
599
632
642
734
702
613
669
621
574
598
667
710
533
417
601
569
588
584
611
493
472
839
458
696
680
434
634
731
649
411
591
629
602
448
712
580
500
575
578
548
846
669
548
561
623
557
770
589
418
449
441
383
707
656
537
663
667
584
752
673
697
538
481
679
617
635
764
532
643
596
744
552
714
558
678
636
687
652
663
633
530
668
638
647
686
664
640
495
724
590
665
601
380
778
569
525
512
559
580
563
691
570
559
590
595
495
596
511
375
573
553
575
797
591
498
871
583
617
603
516
858
623
479
688
629
743
419
624
583
610
654
654
777
691
655
563
627
660
812
681
479
647
661
575
782
519
560
696
769
581
632
537
541
650
674
698
620
576
322
617
756
666
496
520
309
820
723
707
708
572
633
789
625
573
647
540
482
568
576
660
507
494
468
616
558
523
596
675
719
449
384
806
618
816
677
566
621
514
669
595
563
556
685
531
593
615
600
391
552
602
496
407
742
636
582
663
449
523
561
491
621
630
611
572
559
671
689
712
545
515
579
513
773
491
582
494
537
535
768
626
813
716
677
592
488
642
518
510
358
655
662
606
640
381
729
383
662
404
396
475
452
558
775
545
838
472
571
633
552
690
613
607
512
525
590
710
616
703
576
656
702
753
755
745
575
613
567
519
550
708
615
454
635
594
625
812
610
608
559
641
671
650
697
567
541
696
716
700
660
720
664
648
601
528
599
752
733
302
499
617
822
513
761
508
661
722
605
601
660
672
537
704
529
628
413
549
579
721
793
591
439
360
460
662
592
342
606
520
765
603
503
594
568
690
668
558
733
702
444
797
548
581
537
555
683
705
707
470
565
490
534
615
719
510
692
585
521
444
505
568
414
717
665
776
572
694
799
736
620
590
639
647
547
774
558
514
584
608
575
513
606
527
481
643
770
618
574
709
545
635
519
611
811
614
764
509
648
697
737
549
825
506
728
569
632
463
713
758
635
517
656
571
601
584
683
561
500
533
357
636
679
694
776
632
534
312
485
575
545
498
574
668
717
451
708
678
545
623
564
540
588
687
531
742
617
589
493
494
691
762
715
616
631
485
504
691
624
663
566
785
668
582
543
466
610
544
703
421
686
560
577
688
591
667
695
614
755
418
618
602
692
575
703
694
672
628
800
490
752
617
573
491
578
557
821
765
607
660
679
723
681
649
684
631
532
503
492
741
565
533
649
590
506
467
774
869
608
668
482
473
508
608
664
442
553
609
597
681
729
548
656
504
465
600
727
662
355
571
621
538
530
566
677
544
679
500
684
705
515
697
593
672
774
739
785
603
531
622
503
639
526
499
514
601
538
604
574
549
635
668
439
679
541
681
524
524
619
526
664
557
611
548
472
572
741
684
365
639
581
674
556
747
566
445
450
674
602
618
614
533
717
553
531
585
626
563
623
730
711
551
822
603
570
485
484
544
677
581
531
437
699
524
671
685
566
612
489
392
548
667
431
763
550
583
614
407
570
512
552
684
487
487
558
705
606
597
662
720
506
537
631
533
609
631
737
574
517
840
624
728
604
646
607
570
745
627
436
507
476
618
585
465
602
658
788
611
652
660
811
815
631
818
495
473
492
679
463
801
538
670
430
824
590
707
649
617
649
685
583
651
409
404
618
660
488
517
408
701
424
408
467
537
585
600
632
525
774
608
773
597
548
759
709
474
533
467
661
510
520
601
744
513
643
695
500
596
701
695
434
709
593
614
592
652
643
759
470
682
696
616
689
713
513
686
524
649
632
590
586
761
517
581
538
661
538
512
466
670
642
606
673
659
715
608
488
523
563
700
770
480
619
708
568
722
476
663
549
715
628
710
477
516
773
534
438
586
854
848
592
610
428
544
686
523
558
660
542
747
680
730
526
445
478
752
731
621
766
643
515
652
535
692
784
547
532
655
387
683
567
554
619
771
612
482
496
634
475
797
678
563
651
372
701
484
654
511
525
752
619
458
451
668
710
530
686
431
587
587
705
670
669
654
645
616
641
512
268
513
526
626
585
671
527
494
794
751
478
719
600
511
632
589
676
669
397
677
524
504
635
423
853
621
585
691
554
535
546
632
734
554
524
647
563
470
495
659
593
526
537
471
532
370
464
534
645
612
660
652
400
470
731
591
780
581
749
495
489
629
559
553
767
674
388
573
779
781
449
642
575
720
529
665
678
552
782
353
344
507
575
589
599
572
728
661
457
609
461
598
605
603
633
524
552
672
628
485
725
617
540
890
666
550
515
685
422
586
847
533
596
707
737
548
515
665
603
604
465
425
640
731
611
719
558
809
743
752
769
475
499
572
579
533
641
617
590
802
561
542
665
666
731
604
698
540
759
519
580
512
583
665
617
711
572
643
687
660
570
562
762
589
757
572
714
563
428
556
624
605
597
469
603
547
577
489
536
539
497
838
489
587
571
677
418
432
675
542
727
599
611
724
712
522
695
808
580
612
499
485
452
607
659
567
629
518
628
594
537
620
492
604
468
656
498
750
683
546
778
631
506
589
692
564
700
675
516
771
663
943
665
543
783
573
602
613
539
616
489
641
460
541
682
633
768
594
604
673
578
556
579
832
677
587
739
669
602
749
736
545
708
722
574
627
545
700
824
688
316
545
474
571
658
529
747
460
577
725
546
623
764
686
805
651
625
534
630
391
711
738
530
606
600
684
427
676
668
608
422
629
596
507
690
647
513
501
569
694
632
383
685
734
494
652
598
566
574
611
568
590
679
497
542
693
718
669
737
702
648
581
536
710
562
651
707
677
673
535
689
468
713
550
737
422
445
640
612
688
625
750
443
651
621
723
550
376
631
618
490
578
620
578
575
691
360
633
569
709
620
483
806
393
463
614
679
601
672
600
751
614
480
475
637
597
584
575
697
646
533
499
569
684
570
626
621
478
621
603
835
485
624
443
730
699
542
603
671
625
577
752
522
623
729
660
605
418
632
653
517
596
627
676
566
691
656
696
708
670
551
541
576
692
479
550
575
739
488
577
676
570
592
665
611
515
473
705
628
533
406
537
581
579
568
565
595
530
761
660
642
595
595
516
500
753
484
627
674
641
472
689
690
519
641
504
691
743
684
465
636
528
572
570
543
523
711
588
682
423
583
633
624
514
471
593
431
646
659
553
644
581
467
341
702
684
681
425
615
460
545
398
653
622
725
708
664
514
540
608
561
558
612
737
703
626
607
604
659
381
504
795
424
650
577
603
725
558
608
633
585
599
508
704
394
680
501
650
661
601
631
516
515
492
363
572
517
698
589
648
729
472
539
529
564
393
713
690
608
595
645
608
701
578
450
515
473
660
493
394
479
322
528
538
514
670
654
505
661
730
519
587
584
388
635
856
781
635
599
707
658
725
562
511
642
532
552
656
476
587
612
592
638
612
807
690
475
719
597
613
549
717
626
483
761
581
462
790
712
632
590
712
432
524
589
376
793
594
780
527
636
588
487
539
530
607
611
521
603
728
626
694
517
607
604
651
627
682
626
604
583
616
703
618
554
534
781
702
634
559
490
760
692
592
464
569
507
673
841
573
641
477
671
599
544
549
679
512
640
778
531
409
769
554
582
575
624
596
627
537
325
498
838
613
619
522
617
685
472
574
658
763
572
698
630
473
459
627
614
453
698
444
607
478
560
627
633
609
623
653
679
522
461
530
618
630
578
715
546
874
477
578
573
771
592
551
519
723
412
650
530
605
711
671
622
519
697
641
761
756
654
493
614
727
646
592
670
488
590
458
484
730
755
612
525
593
608
574
641
631
488
643
440
740
724
485
633
528
632
769
496
698
601
440
702
573
618
437
497
585
466
538
675
688
560
660
745
742
487
600
483
589
499
706
588
621
496
624
619
616
556
705
647
674
697
660
717
618
833
553
579
679
567
752
784
547
486
718
651
533
358
792
760
687
566
455
810
561
522
636
643
539
609
640
684
642
572
630
353
698
548
537
712
460
867
497
829
674
716
768
667
815
627
623
475
484
611
679
495
533
783
533
688
573
560
669
489
618
575
824
674
701
815
612
719
625
469
650
703
626
532
480
481
667
554
609
596
715
533
639
447
656
630
558
595
701
505
419
498
767
556
713
389
473
582
547
672
542
624
759
407
736
604
634
825
661
583
697
491
409
662
667
673
815
633
806
629
508
586
569
670
494
573
485
599
730
565
536
773
699
582
591
715
607
617
620
648
529
646
560
578
596
657
746
706
733
595
715
608
586
636
295
625
704
493
571
497
573
591
603
534
657
572
689
570
630
484
522
537
607
494
499
683
453
520
686
720
617
561
544
620
481
598
605
522
452
689
687
671
607
494
928
460
553
680
579
500
580
431
502
373
503
565
358
474
656
636
630
644
558
635
585
704
640
627
521
614
622
533
467
561
589
671
672
516
641
613
573
572
680
493
773
817
710
584
564
510
604
626
627
483
689
544
