511	689
653	749
540	666
503	562
681	539
619	639
606	506
525	673
563	631
647	577
665	539
685	561
650	623
757	644
606	536
427	591
578	697
680	688
642	662
605	618
633	675
788	739
281	547
500	575
595	679
564	616
347	578
579	608
649	833
543	439
661	713
781	534
510	621
551	696
745	434
662	741
697	558
627	556
477	645
460	705
392	592
444	707
610	622
634	615
512	593
596	684
549	678
653	569
571	486
593	584
506	699
558	499
672	578
546	418
697	730
663	614
511	620
622	498
618	445
684	727
607	650
779	590
565	502
660	779
595	572
518	537
466	555
685	733
484	693
614	323
515	521
724	722
530	552
662	664
579	611
582	522
646	562
668	619
602	681
530	599
755	508
695	527
701	600
407	508
576	626
485	657
748	562
437	692
639	738
522	488
519	626
588	508
558	688
595	580
607	551
516	489
513	381
466	711
659	481
557	616
612	706
606	597
670	468
598	630
511	645
629	469
578	728
511	537
554	532
549	674
580	620
610	609
632	665
704	476
528	607
680	527
553	856
583	707
791	528
614	562
636	772
618	558
760	570
676	697
478	488
650	831
682	536
710	506
652	803
437	623
672	569
561	569
705	553
585	693
438	550
653	778
641	707
564	548
543	580
631	713
657	527
656	662
527	715
633	650
581	631
698	421
534	433
408	611
628	580
704	655
548	602
594	617
571	699
633	603
531	646
705	554
485	593
580	672
641	697
608	678
676	812
541	682
652	661
558	569
459	692
464	571
647	566
592	428
607	536
569	530
819	656
607	715
406	552
639	646
689	444
492	722
560	692
636	569
610	534
655	564
477	624
706	657
492	580
595	636
689	436
524	451
547	447
609	492
752	728
517	593
705	514
739	478
507	570
541	562
742	409
580	655
520	681
563	479
506	490
758	693
639	416
563	507
400	452
544	495
680	506
623	576
546	601
671	536
667	694
630	568
508	558
546	542
641	523
540	430
319	651
524	520
611	599
656	577
646	640
631	703
643	619
621	499
594	560
654	500
678	492
655	710
543	513
752	592
463	836
622	736
500	691
596	672
595	532
647	567
521	666
550	505
462	502
653	607
598	627
886	419
546	624
566	512
637	557
657	719
708	492
637	687
703	646
730	500
527	544
577	721
548	540
573	686
694	546
580	617
413	525
711	592
611	616
542	625
449	544
632	528
584	480
483	633
457	635
698	687
729	719
597	681
594	694
498	623
697	602
564	570
636	671
618	486
767	538
595	581
463	600
487	586
554	618
757	678
681	765
743	780
626	589
444	713
819	592
497	415
585	808
591	757
545	754
541	721
521	730
580	648
350	707
458	621
465	673
675	582
709	791
586	503
551	518
562	524
637	635
440	710
577	445
596	716
446	724
663	452
499	752
722	486
504	506
529	597
682	538
599	402
572	445
547	609
729	676
532	742
606	425
563	635
578	638
548	561
614	548
515	680
664	522
639	410
640	642
791	659
567	623
767	635
716	483
611	683
802	652
634	299
592	629
718	569
609	660
455	566
594	638
385	502
446	554
748	735
735	554
416	593
575	634
720	563
515	507
759	554
674	485
470	553
674	443
603	750
543	527
641	388
803	558
812	602
713	497
666	821
700	668
718	626
649	652
719	544
429	743
588	663
827	547
686	603
408	648
433	666
648	578
466	342
585	491
717	584
503	526
686	614
637	531
621	640
596	509
533	413
531	620
636	672
631	662
375	499
528	680
472	628
601	557
581	785
643	660
648	708
476	603
519	592
663	673
474	758
421	559
661	540
415	679
616	548
474	665
590	619
599	604
540	571
710	483
716	547
529	777
496	592
663	660
412	522
629	498
697	423
708	525
407	529
615	747
514	573
627	622
640	707
532	737
833	585
669	690
517	585
346	646
576	419
615	765
694	544
608	617
437	840
692	620
588	786
693	588
617	665
460	702
640	666
659	596
606	509
600	713
561	508
616	323
549	443
673	717
559	474
706	619
656	798
817	679
551	690
667	335
530	665
560	523
692	622
565	531
681	443
673	770
510	354
732	711
744	671
557	642
526	726
638	620
646	481
490	639
568	469
768	596
414	692
751	596
734	754
499	726
712	688
667	742
667	680
570	667
291	580
485	610
519	682
465	434
405	495
635	591
802	549
500	794
616	676
607	629
728	584
742	647
527	595
563	463
672	605
617	699
689	518
539	598
551	638
680	696
666	681
728	420
678	720
591	482
552	520
500	735
675	601
496	606
541	831
701	562
543	607
436	690
654	542
562	677
552	680
465	505
714	506
555	626
541	629
436	479
606	781
769	661
701	605
661	652
462	523
392	538
710	507
481	722
518	571
555	657
646	534
626	541
476	596
778	614
439	750
421	750
633	676
506	617
527	582
590	618
688	553
444	528
654	676
744	703
692	423
544	607
545	639
746	709
614	677
488	579
626	723
533	735
510	600
470	620
704	592
622	467
667	587
561	531
577	636
643	617
669	589
884	499
718	647
868	542
666	552
563	655
632	613
633	664
701	545
646	605
716	731
594	584
576	638
640	621
668	375
920	434
586	615
486	511
495	580
658	684
598	436
433	584
799	555
533	395
557	512
680	594
690	605
683	608
663	383
581	580
627	531
486	662
716	502
422	680
516	562
435	775
734	544
564	504
521	631
626	580
548	643
584	633
438	524
549	595
454	661
817	569
593	606
439	679
485	746
605	557
678	619
689	647
733	594
717	620
663	543
632	587
550	568
642	445
710	625
482	669
753	487
778	516
695	606
495	767
499	441
658	621
669	580
526	721
420	555
455	519
566	617
556	752
531	620
472	751
650	737
705	621
611	621
767	692
712	527
644	651
656	401
590	481
431	511
417	670
529	545
659	494
768	689
493	692
549	600
511	688
635	784
596	693
486	677
594	618
783	550
777	450
504	604
534	612
565	602
822	506
598	619
640	578
556	663
698	475
584	527
489	722
855	581
615	487
572	608
705	553
607	576
607	549
535	559
570	721
571	490
667	580
575	573
728	547
631	691
683	727
475	723
632	536
578	566
521	687
593	436
558	718
590	594
661	499
727	621
674	545
484	509
625	409
699	587
670	556
630	586
415	720
579	425
565	634
695	552
672	568
550	484
563	599
867	574
565	624
560	589
746	578
744	480
585	813
552	689
668	567
858	446
651	648
676	610
552	500
816	464
553	697
558	629
529	639
593	547
642	596
556	553
687	570
618	542
570	530
771	396
563	667
566	579
475	678
724	489
658	666
537	581
620	701
666	544
613	503
448	819
304	791
654	711
756	783
688	679
460	585
678	470
564	603
594	576
730	646
560	625
688	745
653	528
623	596
601	700
494	494
417	440
636	750
672	577
602	646
592	629
701	587
619	565
591	602
644	463
609	443
600	583
640	636
772	683
596	539
551	708
729	562
400	607
571	578
506	485
516	691
559	486
474	427
639	531
529	676
548	732
608	656
717	642
767	570
523	497
827	656
460	632
552	598
762	488
439	726
758	876
460	656
657	703
889	429
565	486
690	608
670	513
658	610
648	654
616	677
521	769
615	645
630	659
507	564
733	671
860	519
628	851
714	762
375	544
609	509
780	594
638	447
889	808
819	580
682	492
574	732
608	504
671	361
655	640
641	610
571	630
625	650
628	614
543	651
543	499
637	715
479	525
593	712
644	617
493	451
670	559
744	472
624	628
729	483
502	750
494	674
806	380
671	652
721	695
567	604
528	616
859	607
523	749
580	626
494	482
547	650
631	611
649	661
603	665
403	488
487	571
501	685
628	687
599	801
602	787
838	504
691	728
436	618
644	399
654	301
467	580
506	652
650	693
581	578
626	429
738	697
373	665
657	512
633	581
805	669
565	580
560	462
543	862
600	534
676	527
575	575
461	541
558	647
685	630
620	580
433	578
572	690
455	445
485	613
695	654
640	621
470	668
796	554
573	489
696	690
663	693
703	517
496	542
808	766
694	674
556	790
732	744
616	410
692	614
792	743
600	544
713	553
484	529
641	617
580	523
634	502
662	429
660	556
527	660
652	591
499	552
535	516
652	710
557	783
576	613
691	605
552	492
758	495
731	629
686	455
575	604
570	627
716	627
729	699
709	612
600	692
638	498
503	640
653	568
710	610
635	667
697	661
379	619
679	510
707	678
612	522
699	456
521	536
569	524
501	559
655	425
508	871
678	742
433	702
676	535
532	652
789	633
854	584
614	658
610	819
505	456
495	685
606	392
608	526
796	708
614	625
572	438
602	462
672	624
626	582
453	372
735	536
493	700
607	547
546	778
563	521
649	721
600	469
436	463
681	601
500	687
384	604
591	539
453	632
654	677
657	733
636	742
473	474
468	519
581	640
632	616
508	654
513	513
591	554
486	432
729	504
676	599
739	562
397	684
787	570
712	592
698	683
742	734
434	712
446	660
510	599
795	667
486	611
630	494
548	579
549	694
513	604
613	610
594	384
656	642
510	334
575	675
466	630
711	749
608	536
567	711
530	585
440	686
592	531
608	630
597	599
751	683
586	587
495	721
587	617
500	561
580	603
623	544
658	524
606	543
573	638
679	831
542	600
645	552
671	636
744	496
456	635
426	616
568	709
696	695
654	555
482	637
481	586
677	628
525	539
832	524
530	607
646	582
572	619
708	388
669	553
697	555
681	689
765	512
688	827
632	653
465	504
411	578
524	584
641	501
679	659
630	699
702	610
532	562
532	468
623	558
601	729
330	659
547	487
742	409
578	564
601	563
608	634
520	475
721	606
563	560
593	784
696	554
581	552
472	813
741	442
731	648
544	391
671	652
428	691
732	471
583	723
571	676
562	511
466	452
522	607
628	616
791	566
601	718
610	709
560	552
577	611
572	640
465	597
597	516
482	479
509	533
652	583
648	570
633	564
561	722
560	768
630	813
520	606
329	707
503	517
561	562
706	537
658	629
339	602
579	508
524	619
477	506
658	467
552	543
670	493
697	580
615	523
661	625
619	653
445	560
607	498
573	608
559	511
538	626
603	666
574	570
632	587
475	600
751	674
512	417
588	721
511	597
691	683
689	491
595	566
572	475
708	594
378	553
531	824
677	480
607	749
563	588
397	688
577	489
427	435
810	498
494	547
550	660
597	495
627	653
739	724
461	635
682	659
651	631
630	572
550	555
700	561
447	624
661	603
503	575
657	520
428	574
476	572
615	707
507	565
555	646
543	552
677	621
604	693
689	626
440	598
638	531
687	673
509	496
562	652
515	537
567	429
562	611
609	518
624	577
686	474
613	565
561	603
491	554
756	688
425	577
511	575
720	629
656	555
707	642
487	477
581	524
538	806
787	586
734	509
569	467
735	562
641	708
581	390
536	724
776	591
723	668
628	624
625	622
357	616
505	624
563	642
727	552
632	652
581	515
619	593
662	744
736	665
503	584
635	473
817	475
700	627
593	695
689	682
776	652
458	485
547	581
572	686
663	834
481	599
568	669
645	736
508	642
503	660
741	498
647	659
518	585
465	682
666	437
676	600
608	510
649	466
486	495
685	580
589	706
526	570
741	648
681	706
669	728
681	661
648	559
443	571
390	591
609	516
749	663
537	632
634	528
635	679
723	366
655	505
621	541
621	698
461	519
629	765
550	794
660	482
474	422
495	454
697	715
506	656
499	507
806	600
699	584
717	519
523	606
570	673
650	493
643	612
719	641
579	633
763	544
619	592
476	570
546	409
685	586
573	714
887	582
586	685
499	509
636	532
469	338
523	656
511	504
613	508
460	713
604	660
512	724
671	668
456	514
656	516
590	627
551	552
489	636
588	613
682	603
488	562
530	592
640	687
575	514
709	670
554	441
741	567
491	513
612	615
575	669
589	346
600	583
602	622
707	657
677	509
607	625
523	706
589	444
495	515
519	557
692	617
497	647
531	637
639	530
610	663
596	538
571	676
466	723
558	593
528	671
551	919
423	577
670	530
730	615
462	505
651	670
686	415
424	579
590	511
781	670
684	635
619	681
637	488
759	603
613	481
620	763
598	419
569	642
667	675
505	663
607	758
490	630
576	634
666	724
756	771
571	516
566	701
663	424
625	356
576	609
553	565
666	782
608	662
624	595
605	584
594	424
683	610
628	771
630	585
727	582
558	623
788	644
690	693
629	619
708	595
632	743
604	830
594	633
430	521
641	598
577	643
798	649
556	681
628	487
562	554
661	597
794	549
684	653
425	583
794	750
616	416
592	752
698	682
632	608
702	638
563	493
601	592
573	706
414	516
638	601
823	717
665	539
481	710
588	459
719	672
695	517
657	680
553	544
678	500
563	546
650	520
381	666
408	697
601	615
652	622
641	427
628	409
550	622
559	504
683	532
539	552
540	556
496	520
668	722
536	660
610	587
552	615
782	594
769	450
689	461
541	604
642	471
730	423
665	681
641	764
506	608
727	566
791	689
662	598
714	425
532	494
556	466
555	636
681	588
542	555
656	675
638	669
493	584
573	544
432	534
702	666
633	683
494	559
614	642
538	668
707	642
573	476
561	576
576	639
570	604
392	538
535	720
393	571
568	622
587	759
537	670
779	536
536	484
431	601
608	462
741	559
612	515
699	470
676	707
626	694
657	578
640	695
443	507
556	512
490	535
479	694
768	585
648	474
611	552
471	545
492	597
803	589
589	587
625	790
560	620
712	708
816	504
532	574
572	718
586	769
528	584
733	511
673	625
399	544
469	584
695	515
559	538
582	716
601	470
690	487
462	559
583	681
504	399
557	737
576	593
535	713
628	485
533	813
644	557
619	471
786	650
598	669
584	652
702	539
584	561
557	678
600	604
658	673
522	722
500	502
668	601
808	533
749	653
606	530
509	458
657	559
604	575
684	676
554	624
796	559
510	520
578	612
351	681
451	619
622	599
555	597
513	593
481	576
539	733
549	705
447	610
633	484
693	476
462	574
594	687
711	581
788	666
615	527
721	535
655	585
703	649
481	607
624	696
575	641
509	831
362	728
688	640
668	683
601	597
692	710
545	465
581	657
602	559
555	662
641	684
492	560
875	487
549	541
437	654
613	514
707	496
591	639
591	517
594	665
491	611
542	599
699	513
526	619
547	703
540	625
688	550
648	465
491	520
642	646
663	574
503	718
562	520
407	725
609	553
701	482
631	540
600	473
714	721
711	668
584	538
508	531
628	721
584	658
812	609
423	640
759	656
596	487
594	529
484	510
677	649
542	628
660	643
621	654
759	739
634	673
512	543
585	358
484	664
483	748
487	662
654	601
425	614
577	536
575	373
414	534
686	576
764	524
600	630
706	643
687	630
604	637
482	799
425	410
717	668
635	476
618	652
680	630
800	607
707	499
711	664
498	466
569	643
452	664
607	624
686	791
566	540
614	568
683	743
544	748
396	639
593	483
729	531
579	663
468	526
645	454
477	543
585	635
682	706
766	747
483	604
544	613
463	612
575	603
652	410
701	804
562	577
525	578
537	577
592	650
508	781
433	716
655	466
578	530
485	646
713	711
651	737
657	631
717	633
605	562
657	600
711	536
665	613
532	530
557	564
554	682
645	568
616	539
656	802
712	812
365	500
800	443
629	618
745	622
578	395
720	500
699	565
632	471
636	700
571	609
577	627
538	612
428	661
591	561
601	571
539	820
487	542
753	816
502	713
575	607
645	414
633	581
512	664
546	669
693	643
611	699
722	496
581	684
683	540
511	661
518	438
679	721
626	697
573	475
628	857
373	645
729	606
658	791
623	617
512	681
584	528
564	525
561	727
562	479
565	495
608	639
615	659
462	717
793	691
764	482
701	520
459	511
787	752
361	824
493	694
465	659
692	635
659	582
330	680
533	448
543	604
536	722
713	723
570	622
663	596
602	643
563	652
635	437
501	573
735	721
542	667
459	535
589	582
684	533
437	564
649	624
545	676
542	524
787	455
551	662
456	596
429	573
471	475
594	643
813	522
680	716
782	547
461	761
386	502
635	581
456	503
529	666
640	453
495	599
516	629
644	684
461	490
590	559
865	461
867	525
692	687
440	638
332	656
525	520
631	521
692	649
437	585
594	381
607	437
493	625
518	568
507	592
682	634
623	781
485	497
560	661
527	577
695	620
620	435
750	612
738	549
563	514
710	537
548	657
509	531
530	543
577	528
580	756
628	597
571	578
555	573
482	840
565	596
605	776
609	605
577	731
523	546
635	693
679	632
657	697
712	708
518	558
471	644
628	833
599	607
664	627
479	686
527	705
532	572
502	627
473	544
583	503
681	480
554	704
384	400
735	641
577	485
518	724
664	470
606	821
494	588
613	641
549	660
557	479
753	630
716	631
740	636
630	964
778	776
588	475
621	505
475	573
496	615
681	739
590	536
495	622
563	659
592	516
586	439
711	585
534	575
725	599
677	746
584	562
534	570
500	657
603	718
559	684
605	615
627	687
660	634
638	562
588	590
497	671
689	643
639	398
655	618
659	584
626	613
500	544
627	562
636	657
696	666
793	715
516	579
505	720
604	590
569	620
571	638
592	750
640	698
436	507
551	606
604	524
543	713
713	673
618	613
640	516
454	437
476	501
822	520
628	559
680	745
419	488
629	343
505	626
698	371
619	587
632	559
590	643
586	675
600	725
460	395
773	616
579	572
513	693
722	672
598	760
555	581
642	556
341	469
594	513
550	489
453	592
845	685
505	600
623	629
585	641
708	521
515	622
517	597
448	747
682	717
574	534
651	621
620	459
593	508
663	592
629	552
504	495
662	468
508	549
663	513
769	714
585	655
524	528
605	641
640	626
763	794
681	644
638	492
464	595
743	471
669	563
787	667
647	532
580	659
550	705
694	635
689	634
619	535
634	598
681	659
599	597
706	607
539	536
633	551
395	538
548	535
670	562
486	609
688	629
657	731
594	456
447	519
589	600
407	566
667	609
484	604
601	702
521	463
594	648
582	630
672	444
538	550
547	591
336	750
430	703
624	470
505	420
692	488
569	843
403	612
638	426
731	521
585	610
652	670
667	671
546	397
637	562
679	527
643	606
584	629
583	527
583	537
544	533
557	694
486	548
524	644
607	710
816	649
651	645
624	761
394	698
470	554
479	864
734	567
564	697
568	756
425	459
657	612
653	677
707	648
696	424
493	500
612	720
701	472
518	550
407	564
564	755
511	609
476	602
853	740
630	672
734	425
599	650
561	669
687	623
518	570
670	587
653	715
417	619
611	752
524	530
614	487
612	587
654	652
553	706
667	781
388	672
610	651
722	635
542	755
743	608
543	465
555	509
684	515
576	587
747	593
724	682
612	659
430	589
534	722
677	408
510	721
476	624
695	639
545	543
783	849
654	690
543	511
477	561
604	500
543	648
490	682
515	557
591	577
796	466
734	696
567	585
613	597
866	661
539	570
615	762
723	575
650	762
816	693
576	710
493	640
701	542
607	649
752	509
528	341
501	554
567	586
674	718
749	645
591	604
543	722
505	628
652	646
554	661
419	756
682	603
635	528
497	827
614	734
639	562
581	779
376	635
579	606
521	789
676	666
562	562
650	654
368	593
624	608
637	542
658	701
591	575
551	586
605	442
708	623
492	681
586	667
728	623
644	649
753	641
565	585
508	651
506	688
626	802
483	621
635	648
770	590
679	658
499	677
577	572
473	520
639	428
691	519
652	436
358	581
675	442
704	553
505	620
617	570
708	479
558	621
528	688
561	765
596	509
659	562
540	744
525	553
788	565
556	519
535	496
509	715
533	625
711	595
548	526
625	577
616	709
706	532
822	611
617	568
481	545
623	595
702	751
569	649
590	613
521	687
564	523
587	642
528	698
581	627
798	556
499	656
672	762
570	535
509	647
624	608
586	831
452	611
728	498
520	424
827	617
587	712
650	593
725	630
742	549
771	520
588	541
791	380
605	752
743	484
639	742
397	492
641	739
621	585
590	669
471	762
900	738
553	723
660	566
643	759
539	641
489	813
611	656
757	619
494	453
510	575
508	470
712	648
481	527
611	559
428	540
910	727
709	628
543	486
796	641
656	684
528	494
446	565
637	598
556	725
612	524
680	648
689	644
544	611
665	647
798	707
716	729
606	439
495	463
463	779
582	399
481	644
623	718
513	790
737	514
687	393
653	473
574	665
550	536
724	484
300	727
617	648
466	673
807	708
586	672
447	814
551	697
691	720
576	705
503	751
509	615
752	655
573	568
748	576
627	672
588	533
594	625
583	510
510	588
689	577
520	589
742	562
557	506
598	459
637	511
800	774
564	604
457	525
718	698
544	639
506	539
664	579
563	631
619	541
575	489
628	669
499	519
644	526
636	602
633	647
535	576
757	656
660	526
669	740
364	508
623	561
689	613
679	639
407	623
759	508
577	487
548	656
622	418
513	577
606	576
605	516
708	417
661	671
640	740
623	396
631	516
321	513
705	665
543	750
495	655
620	602
580	624
551	596
612	523
666	446
623	458
570	698
378	560
634	543
357	540
449	581
607	497
350	558
638	451
587	542
688	549
610	501
589	614
811	399
536	737
662	656
726	601
685	758
574	752
539	487
660	638
688	782
740	649
392	683
631	708
790	571
646	475
565	359
507	661
572	489
635	700
618	677
525	527
529	544
700	672
579	720
605	717
711	648
700	691
488	702
646	584
547	717
580	548
842	560
689	858
668	706
529	762
772	810
571	614
662	621
621	559
628	552
613	475
616	584
669	522
488	719
507	527
513	630
766	790
764	454
547	449
478	780
628	513
657	539
555	606
691	815
517	691
615	640
516	387
591	581
484	549
659	569
698	550
619	642
756	563
505	751
483	536
530	754
659	567
600	667
846	530
528	731
591	549
696	701
618	678
717	536
436	702
591	688
506	657
547	720
746	653
634	685
651	602
747	583
647	613
620	515
469	657
597	669
643	735
597	578
512	550
533	440
518	583
610	555
481	526
745	607
618	581
630	561
575	780
485	555
756	594
517	559
560	611
831	540
645	791
546	552
804	432
606	740
541	638
546	520
334	575
670	618
588	579
571	605
604	629
612	524
571	484
515	707
683	748
606	716
510	531
649	625
742	614
419	512
512	477
577	586
576	601
604	683
723	550
615	489
465	628
391	667
767	533
431	490
642	672
503	473
791	645
766	675
564	513
354	612
572	687
637	649
473	730
564	567
542	575
675	538
615	595
640	803
718	643
634	558
427	752
719	660
621	481
651	625
571	622
658	627
453	589
651	542
585	541
469	689
534	421
646	571
631	544
577	462
722	596
599	668
583	578
671	675
530	642
609	419
735	679
499	702
785	732
593	599
646	547
625	781
567	477
740	633
660	505
676	644
428	526
755	458
513	521
674	539
568	668
654	352
405	766
487	450
669	737
496	679
671	662
476	681
898	432
495	623
511	686
589	733
397	591
641	670
585	634
683	685
842	808
694	449
586	655
546	610
561	828
545	417
645	572
606	579
787	492
558	563
596	607
524	798
606	562
808	476
716	599
518	606
710	619
659	646
698	572
595	534
491	641
629	531
578	720
778	705
659	490
580	653
684	609
417	630
770	829
721	621
538	803
600	417
603	455
612	586
496	629
611	675
651	870
592	553
424	537
491	654
604	509
580	644
716	638
740	598
537	382
439	532
455	554
614	522
527	634
563	433
701	573
749	574
419	527
757	498
686	535
626	603
605	632
587	615
664	559
588	533
576	373
684	583
741	624
729	642
674	597
520	431
610	852
505	474
469	554
586	445
644	707
472	523
739	555
467	633
625	452
489	501
720	670
611	481
743	497
438	634
486	657
589	691
607	594
506	504
655	696
666	635
509	589
585	611
520	718
504	594
480	749
716	586
768	557
677	667
552	452
531	689
492	610
574	486
598	436
691	611
819	571
498	706
701	750
477	671
723	436
423	587
650	745
616	575
720	475
560	518
638	703
564	633
516	615
537	578
520	550
435	599
444	501
716	659
688	733
741	618
680	695
588	553
499	759
644	563
541	535
647	450
661	691
514	502
648	815
658	628
581	788
701	655
663	359
523	667
476	560
523	603
509	613
783	466
746	901
508	617
714	461
355	555
649	409
573	539
639	438
537	557
443	682
540	492
789	640
689	664
391	557
567	431
790	605
681	702
630	526
670	724
682	529
450	735
598	558
690	419
493	589
672	778
562	700
311	502
640	441
672	667
599	497
564	380
711	466
669	715
464	508
720	487
493	626
481	627
623	601
646	619
685	609
711	475
616	395
534	603
708	615
629	724
606	667
428	661
632	515
521	511
527	713
596	431
656	643
586	453
369	523
569	718
662	836
626	588
625	583
546	565
638	710
491	598
681	338
528	456
581	564
635	427
655	577
611	656
587	597
409	625
529	544
537	450
669	569
555	660
575	526
669	395
664	517
605	739
694	550
631	615
495	470
538	543
506	506
620	699
700	609
628	602
656	558
534	574
553	674
583	642
409	605
684	586
743	652
463	708
588	393
632	623
587	606
674	531
514	562
551	654
601	602
591	733
525	601
574	511
421	661
724	464
465	482
709	639
693	603
778	650
500	455
714	603
753	454
564	552
657	665
597	587
570	558
620	702
628	635
737	535
481	749
600	608
560	649
524	733
593	667
371	580
607	809
637	456
682	641
784	485
517	581
563	676
593	717
318	517
489	590
825	629
541	656
563	478
663	519
560	612
534	558
652	591
673	554
753	586
745	505
506	639
695	448
647	534
598	490
540	730
624	696
569	585
662	673
642	627
626	447
483	543
815	548
582	876
439	558
742	732
606	496
771	567
630	534
685	740
542	585
438	658
585	565
611	588
536	525
640	647
789	509
516	625
691	604
701	444
726	559
473	688
639	584
683	730
687	466
473	696
549	607
678	511
728	502
596	628
585	693
709	591
604	626
633	599
475	592
624	638
624	737
755	483
621	492
541	468
442	520
629	421
689	765
753	598
633	611
714	528
772	511
506	340
622	729
594	712
598	720
497	686
518	670
695	633
413	569
473	553
597	546
615	400
522	663
688	525
544	634
540	890
529	504
678	419
564	619
721	630
582	676
327	590
621	700
516	667
642	638
423	514
753	735
432	684
610	523
595	619
563	548
603	705
496	569
659	566
646	585
615	486
584	760
536	607
346	603
544	684
678	581
642	428
663	608
554	541
611	610
328	761
590	647
642	613
610	866
529	524
540	582
672	655
557	666
724	760
636	584
450	488
668	599
666	665
683	713
562	596
660	453
535	567
561	670
570	831
713	725
541	656
448	695
696	626
860	601
757	810
782	681
608	398
629	523
614	637
561	469
563	659
657	718
615	614
525	520
687	431
537	547
621	666
432	541
546	568
623	553
532	389
739	857
719	726
605	513
654	683
439	642
499	580
783	551
643	543
589	566
670	432
682	576
414	683
545	580
537	500
543	567
743	683
634	654
671	532
673	612
669	534
637	512
488	596
558	578
538	558
849	672
456	601
750	782
357	469
513	632
466	555
713	486
524	607
618	562
578	351
611	649
660	761
426	662
602	623
829	573
558	747
710	536
671	562
573	659
536	578
496	565
579	433
683	603
605	658
470	580
467	428
534	498
372	604
587	585
829	700
538	410
679	545
552	648
677	618
699	604
687	640
563	553
550	637
621	568
527	504
538	445
615	473
737	554
614	522
493	611
720	656
499	432
483	491
596	574
661	583
515	471
521	543
615	543
534	575
513	478
647	801
767	612
802	719
645	385
500	641
535	603
688	682
587	662
500	626
556	715
577	517
759	535
449	571
593	585
507	645
544	709
717	574
479	655
546	602
641	830
626	404
584	742
522	481
657	544
673	631
615	583
584	556
494	611
665	774
691	609
566	508
605	608
727	559
716	620
740	619
682	508
591	580
578	711
477	710
628	513
722	617
602	693
500	769
608	619
613	557
679	505
592	750
627	586
650	723
516	599
538	507
663	580
620	577
569	500
520	613
752	535
468	506
670	519
564	780
665	715
690	673
556	706
736	502
581	689
600	629
650	586
471	507
756	630
773	572
445	592
588	541
600	425
535	523
606	580
629	638
746	419
595	680
688	586
727	519
401	582
650	667
598	749
705	608
610	447
373	521
684	699
609	738
670	501
527	685
566	565
630	633
686	671
375	536
685	641
638	750
597	589
602	617
496	502
722	559
547	675
573	553
743	449
736	590
512	696
619	550
708	741
730	568
561	530
693	709
588	649
620	447
645	573
536	508
516	648
627	702
401	673
474	590
498	612
600	535
553	516
419	685
539	838
648	649
546	622
681	571
661	745
582	711
529	707
673	618
522	692
434	673
662	570
791	448
684	551
624	524
726	501
649	576
592	630
557	796
585	586
653	500
578	652
415	443
668	576
709	645
677	521
656	509
477	626
698	501
464	692
582	719
669	579
589	569
653	612
616	581
779	513
515	658
585	605
474	421
551	506
572	563
497	577
636	555
542	738
538	575
596	492
574	572
490	573
550	479
530	724
699	761
669	643
691	465
595	510
764	676
608	409
697	569
659	657
577	666
555	577
710	668
680	595
722	619
502	553
643	558
515	772
620	604
676	505
452	908
591	566
486	587
680	718
605	395
710	625
470	591
764	647
725	566
579	496
710	717
595	664
677	547
640	504
525	690
550	617
600	422
570	628
676	537
387	596
534	744
594	448
539	562
597	605
638	412
736	552
557	427
645	602
740	733
457	650
517	591
689	670
578	599
551	508
617	781
581	661
602	472
547	349
537	476
705	533
578	751
584	555
560	698
485	552
552	700
676	692
688	351
788	545
464	599
528	502
528	484
518	675
518	720
614	571
722	599
547	576
547	631
641	512
589	503
684	468
589	590
599	504
611	777
819	662
513	413
637	643
685	628
761	446
688	726
757	587
445	612
640	618
667	743
534	685
585	638
574	586
583	754
443	579
611	548
563	704
534	669
519	516
512	657
697	642
496	560
635	582
530	727
557	632
790	521
471	551
534	688
637	577
725	655
653	730
610	670
514	707
573	778
799	491
649	633
705	692
594	503
757	681
563	509
540	521
609	472
594	471
725	706
668	624
562	523
680	631
708	549
826	456
760	452
796	477
578	477
584	678
761	665
673	679
606	479
734	694
497	594
762	749
583	674
490	344
620	624
394	403
654	597
583	426
666	550
761	628
663	447
642	480
557	596
632	632
487	629
532	464
596	527
472	505
449	483
450	575
554	636
591	595
743	792
590	635
523	750
623	649
331	731
566	751
592	533
689	581
670	495
517	441
486	483
544	627
645	751
695	772
712	672
647	507
401	602
561	724
562	674
393	504
684	676
693	660
595	581
794	576
582	712
546	617
573	528
791	630
740	492
555	609
591	713
481	416
489	658
740	528
677	550
414	570
648	649
282	804
609	572
697	837
475	582
743	807
573	560
629	682
639	714
622	572
670	422
627	701
476	766
548	722
613	556
586	676
680	549
581	599
678	771
672	477
507	504
473	642
565	688
592	706
637	711
463	591
672	678
667	674
663	599
402	716
681	743
571	571
543	394
523	565
711	466
438	681
564	382
786	746
636	494
638	636
487	634
555	423
475	655
428	535
611	475
675	599
670	603
758	632
610	553
622	623
596	673
573	496
524	604
580	675
398	602
711	705
526	514
785	611
560	644
437	584
531	635
531	706
716	663
492	555
475	636
671	651
456	534
682	724
705	539
595	536
543	677
651	545
591	444
694	753
553	593
662	676
676	580
504	450
620	533
497	530
674	842
617	351
594	678
634	816
655	643
660	467
538	482
746	662
694	780
511	671
444	654
648	810
655	628
484	689
566	522
571	630
598	824
585	741
656	698
512	566
764	609
721	575
549	580
659	358
544	370
678	514
452	677
726	674
373	485
511	559
920	504
433	371
995	629
674	507
580	462
699	584
726	729
582	568
681	710
542	608
809	550
633	560
706	314
553	583
675	582
697	730
494	700
621	543
429	691
585	385
650	801
488	516
784	525
668	738
740	563
670	642
724	519
558	477
626	640
761	570
362	625
680	705
642	691
665	524
526	660
683	458
707	658
527	683
739	549
475	495
731	700
791	682
549	581
678	549
363	681
610	592
523	606
790	642
569	693
485	703
591	586
577	493
641	399
571	572
726	520
526	673
690	507
683	490
569	719
680	647
702	594
563	613
699	631
506	543
571	613
468	634
832	702
606	620
607	545
581	689
625	528
567	712
716	759
792	638
428	604
460	659
769	601
668	573
605	652
622	686
786	682
500	666
519	630
691	621
800	754
492	706
520	665
421	750
499	648
408	485
696	733
422	631
650	646
619	392
746	705
595	575
553	646
574	548
619	628
691	544
546	631
562	589
424	655
330	449
488	695
557	486
554	759
534	629
557	580
548	599
660	558
593	491
651	421
590	671
876	689
670	641
595	619
563	457
560	622
762	595
561	791
524	749
504	624
569	637
543	577
533	568
689	718
638	578
545	499
609	664
593	522
544	658
653	718
561	697
700	649
506	599
622	589
590	657
742	558
525	443
535	501
563	620
651	719
754	679
658	734
439	444
643	578
651	473
568	370
617	551
511	583
591	595
506	592
478	492
509	648
576	453
633	595
713	585
504	539
677	382
497	537
476	623
499	600
341	389
547	540
661	585
567	546
516	544
498	605
630	517
563	666
658	635
619	722
454	562
656	572
541	562
687	497
663	598
614	681
681	645
778	562
615	625
497	429
560	590
555	656
568	666
636	513
557	662
635	612
678	748
572	607
555	688
784	599
502	572
608	670
413	527
632	739
577	597
672	493
786	495
643	570
606	479
806	708
592	491
660	491
620	529
718	364
570	524
526	456
681	480
588	451
573	543
567	624
640	757
540	585
428	512
520	583
847	750
623	831
456	556
728	534
697	608
592	607
676	706
674	700
539	449
545	614
738	501
528	591
546	596
548	476
424	555
556	576
745	550
736	779
669	639
723	331
601	657
557	672
448	638
633	718
535	669
565	606
636	608
651	775
746	548
738	489
538	754
435	454
487	690
550	624
603	464
812	701
752	461
575	595
581	690
708	598
691	843
648	619
453	634
619	546
608	624
561	632
389	554
528	488
766	581
642	739
496	629
735	539
338	552
682	526
628	699
601	494
579	593
764	481
473	664
492	559
614	531
535	594
640	531
518	401
555	547
484	545
641	544
593	593
639	720
635	746
484	697
621	764
640	602
603	562
517	746
828	707
537	770
700	565
527	649
451	624
558	547
705	709
534	587
636	453
745	686
535	488
585	502
537	507
769	680
635	454
500	743
543	595
675	576
556	683
642	585
564	591
576	730
549	447
581	575
669	431
451	710
599	648
522	634
659	554
454	610
695	623
676	684
472	537
566	623
677	524
698	583
636	613
654	578
827	576
550	485
575	604
565	609
532	690
672	589
532	495
461	415
709	621
606	584
492	620
535	718
536	535
651	480
524	593
568	690
406	403
618	747
561	486
542	628
623	745
665	518
570	632
675	602
623	678
693	547
579	506
512	652
684	600
480	515
659	482
538	648
674	600
618	675
600	558
483	697
503	483
716	575
596	379
635	678
660	791
553	505
787	607
557	416
599	589
568	441
601	595
741	549
689	555
589	457
500	842
667	605
615	753
507	522
649	534
681	682
671	585
423	703
651	582
515	440
547	609
663	673
547	669
488	735
614	617
583	627
444	514
532	527
616	520
725	597
655	527
666	593
713	518
555	620
827	571
586	601
556	599
536	659
598	548
646	668
678	671
739	619
490	740
646	652
663	613
637	804
753	540
699	785
478	562
679	587
724	618
640	609
750	846
600	752
524	639
554	547
568	428
668	658
542	529
510	526
410	678
795	556
455	921
464	694
391	543
555	514
481	669
438	558
539	588
599	612
452	603
713	507
537	722
434	651
541	573
604	581
796	505
682	471
737	571
563	480
594	604
643	665
690	655
812	672
840	586
611	727
642	631
700	820
732	486
517	538
626	671
380	429
733	432
413	666
614	779
586	590
683	428
709	624
539	638
702	501
669	587
571	498
552	572
481	761
679	536
562	494
643	589
746	695
531	472
511	620
486	401
646	612
666	681
649	729
371	754
798	394
512	692
673	907
541	583
541	758
562	456
664	591
475	692
723	585
614	532
520	443
627	546
768	722
624	496
570	535
373	595
612	782
428	735
462	525
707	564
461	671
738	702
718	715
654	696
721	773
487	716
607	557
603	577
548	690
443	380
699	643
478	423
647	692
464	590
675	585
616	711
747	543
593	603
594	431
513	642
709	473
733	764
439	570
563	703
557	569
569	438
565	566
358	641
456	708
646	437
686	688
606	593
671	695
444	577
463	637
726	724
641	472
365	450
638	802
319	659
680	664
543	625
548	535
539	509
752	565
606	523
673	662
564	604
791	581
711	577
642	439
605	505
563	334
598	581
431	481
664	749
551	646
595	625
578	596
570	620
428	469
480	643
629	519
727	653
626	530
578	786
608	509
634	570
694	727
525	625
797	622
525	708
619	666
655	474
518	476
646	702
757	658
616	609
551	541
652	607
626	548
739	568
527	475
508	524
570	464
664	820
742	451
649	582
409	691
565	543
589	559
566	902
661	462
630	574
685	845
653	594
587	696
621	681
307	714
689	705
585	636
692	590
624	487
465	523
802	560
625	558
810	696
775	522
579	771
609	522
643	583
561	700
673	698
572	669
726	671
573	488
549	532
629	492
631	759
614	524
479	568
761	345
687	689
505	730
554	721
581	335
788	448
718	439
665	582
711	616
672	673
585	486
633	574
436	599
504	717
606	478
666	715
864	604
545	477
574	649
675	756
487	622
557	466
460	612
531	480
656	778
420	722
582	779
457	577
725	409
633	509
595	714
516	449
687	545
680	540
599	620
469	558
432	618
537	593
765	546
685	541
780	422
586	648
621	533
600	806
623	625
540	685
619	661
767	569
529	600
751	574
744	566
739	527
653	560
652	544
682	584
547	617
597	797
714	556
664	722
669	513
628	686
693	599
586	432
676	652
581	474
644	502
759	549
709	528
659	544
404	512
607	612
601	568
596	719
691	808
526	561
578	510
829	582
425	679
786	563
727	599
523	453
647	705
587	411
350	752
584	424
681	593
619	494
664	464
681	470
721	728
415	508
714	703
602	658
679	595
603	579
676	741
564	704
548	677
739	621
580	795
617	729
496	573
580	500
588	601
553	763
510	537
618	560
547	712
824	555
452	575
494	711
619	791
537	749
360	688
657	436
643	801
402	452
614	614
648	490
696	531
518	757
610	555
633	666
629	732
610	689
536	696
554	639
684	693
678	678
815	520
474	620
533	703
614	430
593	428
596	495
574	567
532	502
683	710
505	443
762	546
658	521
653	636
566	745
624	769
644	707
626	672
396	719
721	687
558	513
687	597
575	688
328	485
423	646
614	503
555	681
770	676
686	692
482	653
642	466
750	550
488	490
692	783
535	726
723	310
662	631
555	694
494	564
747	470
633	609
647	735
554	695
557	596
707	656
535	594
482	682
624	621
709	443
639	663
545	664
435	541
534	496
330	509
506	537
548	650
783	730
663	431
583	538
488	595
805	691
512	708
670	556
691	786
668	687
604	856
642	453
400	555
544	800
500	442
498	666
642	587
522	592
610	533
577	608
630	391
614	772
571	528
563	555
554	597
600	533
638	475
472	358
508	546
718	613
553	561
485	762
653	618
711	569
663	476
685	699
545	476
593	578
506	536
741	532
530	423
563	774
536	532
577	534
569	582
560	723
598	560
565	597
545	590
593	787
478	499
804	559
511	525
493	647
696	685
563	467
585	465
803	444
482	691
611	694
509	381
667	589
605	672
501	749
680	382
674	637
595	695
399	596
582	667
712	489
545	706
597	752
464	593
703	522
415	613
492	696
557	472
586	577
602	634
780	693
772	556
714	713
625	560
592	667
650	633
414	439
720	582
632	864
650	633
667	718
749	466
505	491
491	556
581	634
625	821
666	682
701	552
639	712
667	545
663	372
705	561
561	669
630	602
593	529
533	585
782	709
574	520
552	644
677	654
813	757
619	513
463	805
261	852
767	786
646	673
503	558
379	548
465	342
628	619
701	661
661	624
634	585
498	498
554	617
522	677
639	450
710	505
565	526
788	670
701	520
661	387
494	648
561	761
611	747
658	456
654	652
629	703
684	748
541	631
658	589
665	605
610	560
545	529
703	676
467	452
579	688
457	598
517	623
564	782
632	652
810	623
707	677
694	588
522	546
672	752
668	815
670	730
591	546
626	573
775	665
588	678
735	648
724	529
708	475
577	564
601	515
502	662
721	483
451	634
645	600
524	804
703	516
487	697
366	724
460	623
560	555
710	616
573	741
546	506
696	575
698	613
541	781
690	765
446	617
501	621
794	692
578	599
602	579
372	328
632	701
524	582
491	712
494	613
740	690
474	737
450	537
671	773
549	829
609	580
634	593
660	869
638	537
471	483
530	800
648	760
522	555
622	267
682	684
573	513
677	441
599	705
682	485
532	467
607	675
638	790
544	556
369	493
598	478
701	658
644	791
615	735
502	629
626	782
634	602
457	632
765	631
464	635
617	700
707	551
675	583
373	457
713	566
705	633
552	482
671	513
759	563
502	473
377	613
677	569
574	496
484	554
692	697
574	690
800	522
448	708
716	624
763	448
726	589
520	634
725	724
658	539
699	653
546	667
522	505
705	514
407	608
649	459
558	679
628	529
692	557
591	437
499	597
487	744
566	675
598	873
575	430
608	502
516	552
651	731
463	660
547	666
670	518
675	599
533	584
745	604
591	630
680	769
604	534
613	715
549	690
573	544
585	508
348	455
834	582
662	615
737	685
850	561
443	393
633	608
667	649
397	674
507	572
925	605
396	674
569	577
379	827
464	608
649	723
580	707
703	646
574	491
660	594
666	499
686	573
785	611
582	645
819	522
791	518
569	452
691	543
554	584
528	443
593	675
507	659
643	880
557	529
844	567
439	479
538	503
537	437
653	541
593	615
811	680
680	543
555	679
629	718
516	640
604	496
672	477
856	730
562	723
600	548
629	487
740	560
564	811
489	711
610	540
556	467
563	635
430	479
509	682
733	603
521	547
615	789
550	667
452	672
701	668
543	648
687	666
563	509
729	506
413	632
621	603
552	681
832	570
782	743
651	594
847	467
531	605
451	547
458	884
917	467
590	600
736	819
542	545
778	781
639	583
565	583
671	609
542	676
533	662
486	427
672	596
714	554
674	548
537	712
498	492
443	464
569	400
595	556
664	460
685	769
713	444
558	720
694	525
590	714
478	611
758	661
620	572
470	549
593	611
643	628
718	601
609	571
762	688
625	644
550	834
584	611
558	618
711	515
691	649
834	677
670	668
588	679
693	545
694	669
529	691
578	730
579	517
351	702
625	480
503	699
603	681
533	514
674	586
471	528
597	637
606	650
712	480
552	501
759	747
586	502
626	650
437	669
553	433
260	546
664	394
400	499
671	509
713	596
753	512
809	745
834	666
328	608
511	605
778	624
655	553
745	637
610	560
748	776
572	542
589	712
659	507
616	475
636	633
614	561
632	551
607	570
671	578
582	537
776	721
508	700
579	708
523	610
415	707
612	591
636	738
495	783
471	529
392	481
710	503
726	414
570	594
424	523
505	448
548	506
612	706
748	593
563	569
656	704
672	820
630	576
396	598
692	596
582	595
641	593
675	770
574	538
650	563
593	536
473	665
507	833
561	530
642	407
673	603
646	667
538	677
673	749
653	465
594	675
663	623
614	542
621	679
542	525
637	711
687	599
849	747
567	545
431	670
682	599
605	439
614	599
701	758
692	681
521	489
527	568
752	698
729	716
711	520
558	522
637	739
600	605
628	523
422	444
610	560
401	560
431	548
709	840
473	572
652	684
581	647
540	591
677	491
548	590
678	751
552	682
663	796
583	485
650	610
810	378
828	791
672	635
659	752
535	672
610	720
494	507
693	494
507	503
651	540
438	744
673	527
597	611
539	553
573	589
566	592
639	662
901	537
686	597
804	660
731	778
446	563
559	548
536	683
602	650
543	518
634	602
562	586
765	458
404	527
584	664
549	553
736	584
657	580
637	588
706	602
629	688
641	680
527	564
528	533
618	769
591	618
581	510
525	516
596	769
780	674
811	657
530	576
528	807
631	711
614	576
699	625
689	587
813	649
713	626
590	627
711	605
650	550
446	558
785	533
518	479
638	749
586	443
525	626
774	493
699	431
542	693
759	717
598	570
547	631
808	625
746	496
557	666
774	526
630	684
608	698
665	674
556	607
627	608
688	672
592	695
498	623
726	636
510	633
601	461
738	561
452	591
766	552
642	454
649	748
570	757
608	588
594	564
697	553
560	569
508	638
531	725
671	603
748	612
649	700
549	564
513	600
739	746
573	572
755	717
888	406
473	653
741	516
667	475
585	728
688	569
526	589
388	548
621	637
636	510
479	628
692	556
713	483
674	740
646	739
483	602
629	681
429	470
640	616
446	626
522	563
636	679
518	634
566	524
628	530
611	605
642	576
641	573
754	623
440	620
662	486
522	655
594	501
558	501
432	594
699	685
823	600
569	582
483	572
614	553
700	848
528	658
575	538
846	547
773	707
557	398
577	485
490	667
592	592
661	587
500	744
662	346
478	621
594	618
631	673
702	570
557	499
641	599
391	609
407	600
601	587
618	531
544	729
451	686
477	646
772	397
517	621
561	783
634	634
560	659
697	499
681	493
474	796
682	550
372	577
705	544
350	647
629	799
500	629
540	601
530	527
572	673
715	462
489	486
587	533
632	549
708	566
649	719
516	605
571	455
554	569
619	607
565	574
489	557
561	617
599	514
545	540
466	670
624	638
547	657
677	823
701	561
782	635
605	555
550	624
739	619
681	579
888	734
466	567
510	580
736	629
442	578
856	661
564	434
578	674
612	424
659	643
516	636
517	512
482	473
725	614
520	497
582	771
680	521
568	702
492	601
528	588
515	587
587	561
530	656
543	546
566	614
603	600
777	619
582	570
637	707
563	511
693	765
652	435
508	535
668	553
618	698
646	541
671	569
535	486
536	371
529	616
703	567
685	770
642	649
679	545
667	639
460	625
664	689
518	659
629	675
564	555
471	568
744	568
653	474
493	623
605	401
777	555
630	655
475	622
320	518
568	679
632	759
451	572
509	529
649	507
505	629
595	669
599	602
434	508
612	562
495	556
600	684
627	580
722	665
639	406
535	583
739	545
741	499
544	675
578	864
611	549
590	627
606	586
486	662
572	873
754	646
543	477
543	633
563	533
483	567
670	641
540	696
633	413
645	405
314	442
594	683
681	619
670	581
630	769
694	612
695	581
397	532
521	597
598	561
555	565
628	455
616	701
389	415
412	438
692	755
792	709
652	596
602	662
462	595
447	626
729	661
522	292
615	692
673	531
447	586
631	572
546	691
486	573
658	686
455	621
591	535
596	676
432	469
673	434
625	443
569	742
617	561
511	676
616	616
669	270
675	793
753	644
638	484
802	592
570	525
619	506
583	580
548	763
645	635
716	735
690	481
728	717
612	477
695	523
378	427
632	463
593	488
623	509
552	502
520	690
737	569
539	526
490	425
565	541
624	505
601	631
471	544
697	539
390	634
607	484
522	535
409	753
596	554
657	665
499	595
667	487
641	611
681	685
651	759
474	480
634	542
531	652
515	607
616	631
731	677
688	607
584	668
559	496
695	452
802	598
517	585
669	637
587	604
605	659
376	492
645	519
482	703
615	799
711	515
678	557
590	896
495	573
667	727
672	608
612	601
659	651
597	622
636	552
605	676
399	589
633	652
423	485
516	699
578	618
510	563
659	571
503	616
378	544
715	562
555	566
549	688
750	661
587	558
472	769
504	594
570	673
652	648
725	542
825	906
779	680
619	597
492	528
539	498
749	658
624	639
681	638
630	581
503	621
628	463
460	667
513	465
705	537
603	566
466	635
546	671
445	671
554	513
511	595
633	624
588	812
453	633
597	754
401	646
750	582
452	665
592	589
706	524
480	354
529	632
553	694
831	554
725	613
494	612
653	669
394	613
573	505
723	620
523	679
442	580
561	505
660	721
487	681
427	649
729	617
525	565
653	645
575	662
558	654
603	403
683	548
567	629
630	680
553	613
581	479
791	567
472	462
688	537
414	514
580	490
678	723
557	550
735	646
579	603
429	408
573	533
621	546
585	634
660	436
564	657
596	668
651	679
613	529
578	457
565	433
539	674
671	678
433	622
733	563
754	615
634	580
449	462
590	450
580	633
647	589
436	573
714	470
613	688
695	505
506	532
482	538
513	697
540	578
611	617
540	474
633	689
580	583
538	686
578	655
653	561
553	621
574	651
615	761
664	670
579	483
651	436
395	581
583	864
587	585
468	532
525	626
591	639
577	424
653	623
673	644
501	648
633	570
464	593
645	564
821	522
514	530
695	569
560	493
665	611
677	472
718	688
442	553
544	606
623	565
533	594
403	707
643	651
573	702
524	639
661	767
638	502
572	508
658	403
733	725
550	789
487	718
793	681
695	632
783	708
646	598
464	572
732	696
601	607
547	732
667	660
634	675
680	622
835	613
591	683
574	496
602	596
676	830
622	535
595	743
529	703
530	599
623	606
577	674
657	689
584	694
625	541
542	611
563	716
699	664
421	464
552	668
677	694
718	562
565	619
640	521
668	648
670	712
387	525
579	613
609	527
650	496
606	565
582	651
584	577
658	837
475	802
598	633
522	463
603	499
538	605
550	640
580	675
511	478
684	664
521	738
563	571
517	542
477	635
490	651
496	673
441	462
488	652
442	397
563	554
611	709
499	705
594	587
746	425
598	499
506	570
704	520
667	576
430	392
613	684
619	518
631	632
598	601
765	749
704	392
636	594
692	723
571	590
655	545
535	557
674	668
659	515
664	654
665	391
424	536
592	520
613	645
590	547
653	522
517	794
670	571
642	459
837	654
611	503
563	718
662	391
523	543
755	574
717	901
485	489
567	506
620	725
525	625
510	615
562	632
436	556
635	709
531	630
541	576
458	713
573	682
693	587
437	608
550	631
629	569
804	712
663	609
409	568
620	676
536	486
462	764
421	453
675	711
793	550
618	563
573	600
522	395
441	625
544	614
765	642
591	776
673	627
731	613
573	336
745	571
436	620
702	580
440	559
591	573
630	519
728	606
507	325
879	773
522	590
579	608
464	483
578	438
731	602
517	597
554	654
570	663
760	550
663	621
587	620
657	577
579	728
638	600
620	654
613	605
375	815
853	560
625	570
743	534
530	654
415	529
460	549
555	660
584	709
632	592
582	394
457	489
710	543
558	646
577	465
650	550
656	773
562	721
748	486
455	782
597	497
658	549
545	666
367	597
441	461
646	538
496	765
639	635
673	574
657	849
694	698
705	657
538	561
563	576
803	626
630	545
511	747
558	654
419	422
590	681
682	506
707	820
638	703
563	531
463	647
760	704
597	672
545	597
484	560
600	815
736	585
485	655
456	805
708	475
564	376
586	464
424	802
642	782
478	592
743	595
607	667
739	520
582	583
527	773
608	618
483	684
565	561
595	655
500	656
665	423
631	608
507	642
644	537
504	648
446	395
490	624
556	630
616	491
669	584
763	700
686	695
798	573
549	495
536	501
402	632
787	527
763	510
715	505
688	543
593	517
628	795
583	637
436	670
360	430
617	648
596	650
562	735
629	431
859	415
650	589
593	567
518	489
620	578
562	616
437	570
537	730
527	569
638	667
712	562
539	626
425	591
623	339
588	532
532	455
686	639
726	665
574	658
463	673
523	566
597	506
618	301
533	573
576	614
432	448
540	558
804	644
744	767
693	512
432	809
717	478
608	594
556	386
671	655
684	554
692	486
584	561
568	507
417	681
567	762
485	564
614	594
682	631
564	682
710	500
572	631
555	689
480	412
697	780
750	656
642	608
702	606
491	603
555	462
577	493
675	322
413	590
453	730
703	604
791	596
508	432
487	645
500	674
631	745
431	598
471	507
544	681
553	541
658	574
659	656
501	454
503	601
408	572
508	670
718	480
697	511
615	433
393	758
512	666
522	508
722	625
596	557
653	473
535	653
423	677
632	456
641	536
681	612
632	402
665	668
603	544
710	462
656	576
646	567
648	694
580	569
579	567
464	765
545	686
483	588
747	520
621	781
556	517
640	721
559	658
445	594
639	596
588	722
526	770
734	611
483	604
647	621
621	534
654	629
657	606
550	483
532	719
556	690
562	732
466	620
544	387
783	657
593	574
757	552
602	605
609	559
324	613
700	637
533	624
536	560
628	732
708	466
806	504
669	642
438	569
597	752
630	496
521	732
453	520
592	737
586	392
792	602
601	635
507	610
522	648
578	581
672	735
680	635
694	742
576	619
543	485
486	698
592	613
626	557
765	501
620	812
537	703
781	468
624	686
668	645
672	578
586	519
509	622
645	640
468	481
642	681
710	670
497	707
597	664
632	548
462	802
816	585
699	679
490	709
577	602
400	534
547	628
682	672
690	643
452	730
480	832
635	481
497	665
620	523
444	705
687	501
542	692
767	636
517	646
528	464
613	627
365	685
635	579
705	448
385	848
553	649
572	658
360	455
690	577
776	759
696	637
379	689
687	727
510	466
720	441
531	574
583	562
505	705
610	572
675	691
491	569
582	620
833	520
791	551
549	671
564	600
606	603
703	393
690	728
490	673
469	636
686	656
582	640
682	876
516	597
600	605
587	663
730	637
643	609
661	521
779	641
466	594
601	620
634	592
435	521
641	706
552	526
507	585
739	583
503	630
664	632
672	688
508	504
634	525
745	613
617	648
546	616
563	576
654	588
677	591
415	444
457	676
525	637
609	572
797	455
575	635
590	674
434	642
687	572
498	589
615	443
485	676
751	705
498	665
644	528
562	457
583	694
688	705
739	559
540	641
545	495
648	694
608	706
720	524
474	537
699	415
497	611
547	725
712	585
603	675
772	659
609	577
477	593
536	701
565	566
510	383
628	666
489	580
382	595
589	652
704	452
549	716
803	640
765	587
555	705
716	696
500	457
479	525
667	591
445	660
684	494
616	964
636	540
434	712
686	591
584	686
669	676
662	590
576	509
684	508
548	573
563	612
602	866
561	642
549	735
472	609
575	668
689	826
488	553
727	693
607	493
509	613
616	631
508	549
563	738
682	554
579	597
645	548
491	647
646	730
517	566
737	470
665	552
507	674
684	662
681	592
780	505
589	550
603	510
583	598
701	458
410	483
536	616
579	608
705	492
712	706
593	763
647	661
566	572
544	501
636	674
607	540
655	472
607	663
570	719
683	602
656	610
505	732
579	737
497	737
688	553
616	700
602	604
502	670
677	601
664	643
501	464
710	715
601	630
833	639
719	576
520	650
621	562
662	492
568	582
477	586
521	552
551	547
603	744
591	657
566	663
612	680
710	677
519	463
485	690
554	632
513	648
633	445
693	569
616	633
688	691
438	513
501	661
516	603
530	583
568	567
479	640
794	669
750	464
503	573
608	598
554	556
526	578
653	663
586	590
426	656
524	516
621	706
577	543
751	439
639	560
589	538
707	536
483	599
558	501
599	633
859	500
652	689
669	627
514	619
570	585
557	789
484	614
610	483
571	501
571	594
594	729
499	719
692	400
760	628
668	786
490	707
609	600
532	455
729	586
690	571
785	576
635	588
539	639
745	690
682	560
661	754
665	702
431	766
462	525
675	499
600	492
515	847
630	638
465	480
688	600
587	501
497	688
656	577
665	764
509	600
642	306
721	672
589	730
552	576
477	570
730	578
557	600
684	545
672	712
497	750
419	462
693	756
553	608
442	828
682	611
488	547
461	643
817	541
602	597
779	560
827	544
588	551
552	539
665	607
478	530
545	770
563	570
557	593
600	586
654	351
525	653
661	638
574	590
632	668
505	574
471	694
586	658
547	573
597	637
745	602
530	677
774	440
629	563
644	567
672	623
589	633
582	670
583	471
615	672
571	516
532	544
562	623
677	528
553	301
522	712
929	744
821	447
680	457
541	574
550	742
587	409
529	348
503	788
751	719
559	566
605	536
588	624
547	552
470	480
665	593
503	560
523	547
628	685
508	741
530	624
654	673
614	468
680	761
609	664
592	596
663	642
511	683
649	648
591	638
459	521
525	527
610	565
550	597
621	698
722	612
604	474
698	734
534	453
624	634
583	630
613	562
457	545
605	787
644	572
620	670
739	499
511	554
661	577
409	688
551	602
541	568
778	649
651	452
564	477
596	565
646	549
740	545
658	513
480	583
506	545
627	573
473	929
752	521
549	558
689	697
524	489
587	681
523	509
528	628
666	727
479	458
535	540
587	528
611	678
593	464
445	608
685	686
551	624
675	767
538	569
580	643
614	672
493	732
662	675
627	622
563	618
711	675
661	687
565	686
636	690
531	608
645	705
540	685
517	962
511	542
595	504
703	674
493	580
546	497
673	502
475	446
666	469
586	538
554	541
642	616
624	603
627	350
637	384
729	548
696	606
552	354
537	626
637	489
392	442
637	888
428	634
733	523
670	706
588	496
688	790
531	659
641	702
602	571
590	641
567	668
386	544
481	780
496	500
535	602
362	576
660	479
450	723
518	502
625	553
502	521
733	802
698	468
640	583
523	556
636	562
597	624
684	729
649	658
654	622
651	595
610	618
687	663
696	531
598	626
583	495
619	553
630	739
625	802
590	419
598	696
694	669
582	761
567	433
575	931
594	487
585	662
597	610
724	563
457	701
602	581
662	667
488	571
543	559
565	633
522	646
572	478
351	632
601	387
623	446
571	655
698	560
555	385
532	442
458	517
487	755
745	723
669	642
381	736
619	323
476	676
593	544
645	427
520	575
608	691
544	636
810	506
677	459
809	528
573	671
710	558
679	556
578	653
795	558
793	544
640	621
508	534
624	478
490	461
471	495
669	631
630	680
723	613
600	528
787	585
590	560
319	545
662	458
793	381
658	620
527	525
565	591
612	732
599	550
504	556
602	379
538	721
609	651
645	540
728	648
519	573
804	783
428	537
630	825
482	593
596	486
512	576
621	574
614	601
640	513
679	719
430	606
760	574
711	769
629	601
819	634
623	628
672	601
640	585
480	547
417	711
592	567
614	551
584	643
653	570
803	668
676	400
569	410
717	555
554	547
659	405
526	701
523	708
552	657
519	579
537	633
534	642
495	604
578	663
465	477
549	700
609	494
556	577
679	492
492	661
388	483
686	736
487	733
498	475
480	567
684	666
417	644
536	623
504	559
575	564
497	618
573	520
664	519
590	572
470	685
552	696
566	618
774	506
546	440
693	398
675	550
620	546
599	755
603	556
594	746
745	420
569	487
729	571
578	683
737	508
540	379
654	535
687	507
551	569
699	675
837	568
589	812
696	648
527	506
623	733
568	479
480	483
598	513
613	610
599	630
588	598
508	544
711	663
430	529
618	661
494	589
665	358
514	469
556	665
481	574
704	513
540	335
702	591
575	360
585	524
713	461
488	559
600	675
531	617
527	655
573	603
462	726
645	508
520	431
584	762
700	769
391	598
567	779
464	639
666	630
592	644
610	716
469	738
840	518
575	608
401	680
573	496
665	564
463	849
588	546
815	557
652	625
350	550
629	618
499	605
588	638
741	581
490	582
410	517
605	693
647	523
563	466
717	639
731	720
569	667
539	756
572	508
718	735
409	796
570	568
767	745
727	611
579	627
580	573
655	693
589	569
484	639
639	526
536	524
614	667
649	536
563	915
658	689
474	612
573	507
586	583
668	723
600	587
548	678
610	675
443	591
666	544
516	522
420	548
519	646
573	521
895	561
619	418
683	505
656	395
644	367
720	628
557	528
565	573
646	644
467	667
705	532
324	420
542	609
611	535
631	741
722	587
500	470
538	628
631	526
519	499
794	702
646	685
819	543
568	650
545	558
686	692
546	509
434	554
548	699
688	537
735	617
438	691
541	659
715	643
671	607
645	668
484	409
590	511
691	461
542	664
679	513
556	474
607	749
637	634
638	609
474	648
493	600
792	501
630	570
602	505
582	582
690	575
548	407
641	605
607	487
541	523
667	555
573	531
613	655
423	518
745	515
515	452
495	564
564	662
590	647
706	656
552	565
646	568
524	609
622	531
366	492
591	549
577	477
548	711
397	614
553	700
505	631
577	678
602	535
557	727
411	567
615	582
597	600
653	550
662	439
614	679
728	526
728	462
800	719
521	573
767	677
618	674
607	508
719	566
648	679
706	615
540	619
581	525
637	744
686	586
558	751
659	597
601	749
575	494
436	636
644	509
691	717
525	659
695	355
625	621
510	615
652	586
668	600
536	290
544	419
544	845
456	600
673	592
551	716
405	815
627	691
566	565
611	754
651	635
479	497
758	590
431	706
542	635
810	657
559	360
522	682
638	707
389	639
625	716
611	661
603	587
660	598
625	488
558	657
581	420
574	413
656	521
691	664
482	560
591	440
643	626
584	611
669	725
580	738
582	349
650	783
598	698
502	697
741	656
652	663
718	539
683	558
595	590
594	719
775	649
663	493
642	430
839	608
690	583
435	486
409	509
457	610
431	590
659	734
494	545
643	634
666	496
579	599
710	636
555	461
482	487
814	436
660	591
707	700
602	659
525	558
576	470
566	697
606	709
511	787
785	696
585	766
723	481
424	543
726	614
640	446
532	493
456	409
722	535
432	525
594	730
494	547
702	513
735	545
469	696
769	738
585	571
489	594
629	716
472	536
531	753
617	769
658	627
522	599
431	718
670	526
612	439
605	610
685	627
572	604
522	475
381	516
600	609
609	652
555	493
754	661
718	642
696	576
531	648
496	592
499	617
615	526
668	577
418	581
567	502
646	799
544	487
524	593
656	579
596	561
744	639
531	681
731	570
713	625
722	542
680	659
419	529
477	526
661	671
516	773
531	323
551	638
620	624
406	495
575	478
576	733
461	594
648	535
585	646
534	645
620	586
325	663
621	488
734	562
512	700
513	499
692	542
691	668
469	528
509	552
636	461
616	421
566	682
550	590
499	657
378	626
459	590
711	532
372	570
844	646
632	526
539	344
646	744
608	579
481	631
571	660
600	441
583	601
597	613
665	665
545	689
514	584
704	625
516	779
640	817
649	728
499	575
666	472
636	688
670	624
638	582
712	573
697	505
703	662
486	505
551	530
655	585
514	550
586	637
472	553
605	518
640	562
726	709
738	684
688	485
704	474
717	473
681	688
516	577
678	560
641	593
510	669
550	747
819	484
716	654
514	571
625	469
606	673
734	497
694	658
790	754
620	565
651	532
552	544
619	702
479	434
605	599
645	598
528	515
765	542
839	508
422	689
689	417
672	661
411	664
666	521
658	573
579	635
625	448
705	486
644	497
632	574
578	443
636	424
529	805
404	873
414	538
550	703
579	656
592	631
621	572
396	670
544	449
774	557
472	803
609	600
620	718
591	780
663	663
755	775
480	697
687	612
541	531
744	679
542	404
636	586
699	733
389	643
559	495
833	509
519	571
816	670
596	719
608	612
499	524
444	502
660	529
828	555
546	552
508	631
523	708
668	485
719	768
505	452
644	614
790	620
651	574
742	449
552	527
470	564
527	673
700	801
797	541
608	575
712	582
655	618
695	579
536	554
573	795
567	498
604	742
622	626
595	715
458	565
648	636
574	740
549	523
533	753
656	542
686	563
571	656
451	612
563	551
682	514
750	565
612	644
768	596
481	715
661	530
612	590
708	542
578	634
540	552
573	626
830	592
598	486
793	556
584	628
844	614
555	462
626	911
657	645
520	616
420	530
635	549
565	703
546	724
672	722
636	648
464	726
650	640
615	623
552	516
582	631
247	787
532	638
698	631
703	569
562	735
667	741
453	689
800	497
641	673
739	710
689	688
503	737
610	422
687	640
581	571
549	624
624	739
683	573
801	566
576	747
531	395
753	659
614	589
691	695
692	788
542	621
468	513
807	534
556	418
514	510
627	453
555	682
442	553
681	819
521	592
648	637
535	594
560	505
680	603
497	615
605	592
581	584
513	573
499	613
634	695
680	541
535	483
632	616
507	521
637	528
525	463
544	574
428	745
664	529
608	541
602	437
726	563
650	615
731	601
692	665
499	569
488	494
534	659
618	564
568	650
579	675
523	582
641	795
700	609
480	647
674	666
599	601
511	734
800	704
696	645
524	655
751	686
606	440
633	737
635	863
524	609
682	773
588	511
647	622
596	695
641	731
626	739
620	508
512	496
508	500
485	819
649	611
622	379
538	499
524	529
447	552
624	556
387	582
541	300
769	540
616	570
442	728
675	593
549	529
562	676
599	596
563	753
631	625
585	567
580	670
716	729
739	550
644	469
539	741
786	656
576	481
651	588
644	684
528	697
385	661
653	655
649	623
707	627
461	480
539	510
618	648
701	465
794	623
482	554
510	562
672	652
541	648
579	502
403	636
385	759
533	642
612	608
536	771
636	796
558	639
623	557
543	784
643	439
575	396
785	349
616	579
411	462
691	597
634	557
701	397
658	619
562	439
674	409
616	756
416	491
595	424
744	629
578	599
609	447
504	447
436	833
668	633
603	725
524	409
652	388
789	601
758	669
801	594
705	668
613	568
614	537
754	658
727	739
321	616
589	591
500	558
512	549
700	632
507	750
656	598
730	326
641	576
638	783
644	476
580	676
636	504
748	573
681	581
640	479
630	582
483	414
571	592
734	740
516	517
620	615
627	381
614	588
577	541
787	562
510	581
647	708
642	371
660	702
551	705
522	700
600	612
695	576
809	454
627	383
580	558
431	552
762	864
783	560
644	457
721	573
575	652
672	724
628	644
508	771
541	548
490	492
445	573
700	614
766	649
741	832
583	617
657	434
550	623
675	579
779	594
367	674
821	651
674	761
662	599
807	676
617	552
452	557
672	583
501	407
608	526
399	507
595	698
584	533
692	670
514	527
711	780
434	482
428	694
507	600
737	682
644	578
515	604
615	672
889	611
573	811
460	478
476	500
499	577
632	500
604	505
795	567
537	561
419	796
444	725
808	660
643	550
537	505
545	615
670	461
648	638
677	590
716	659
734	538
450	551
504	603
504	456
504	504
585	633
451	509
713	581
452	488
800	617
670	548
627	732
348	457
440	540
519	633
583	411
739	436
505	577
635	745
597	768
793	636
483	562
748	568
633	520
748	705
574	500
577	543
612	679
531	397
538	613
526	669
665	479
641	570
598	590
603	730
659	684
507	634
608	480
564	743
389	644
634	587
455	746
604	429
617	625
666	612
708	647
648	409
624	636
605	474
587	766
536	595
597	661
643	666
420	320
505	607
621	560
561	598
347	710
537	735
549	485
399	578
661	593
538	776
699	654
761	573
503	682
596	629
607	784
574	710
730	675
652	824
610	489
514	720
652	861
572	470
639	558
589	756
697	777
604	617
589	636
560	742
712	483
493	589
768	593
518	722
651	558
541	575
573	610
717	651
619	618
458	567
462	656
499	761
571	795
611	666
697	558
507	493
525	493
659	508
460	679
544	426
752	639
681	573
570	601
537	689
694	604
487	338
673	415
560	512
753	627
472	685
544	596
430	643
659	744
552	797
497	710
690	766
598	588
655	584
614	610
663	592
553	661
600	654
551	542
643	567
564	420
678	570
844	616
459	636
542	582
688	645
598	559
657	417
421	540
655	734
679	500
655	590
523	499
560	714
574	630
717	412
725	730
539	631
469	710
783	739
513	548
533	625
356	651
574	611
940	736
524	501
768	459
465	557
521	470
605	488
572	619
513	528
734	591
645	617
662	788
363	555
708	460
558	755
621	426
723	576
711	500
546	610
544	613
805	557
674	553
456	687
463	451
593	516
739	674
529	622
633	453
734	410
238	641
551	684
745	603
658	713
595	532
503	617
826	582
634	494
517	506
330	454
497	517
615	523
583	636
453	776
542	716
606	453
643	602
743	561
710	670
657	735
588	642
604	700
666	544
579	608
723	400
430	572
472	596
569	469
622	596
414	743
654	655
572	622
737	670
592	507
454	700
430	563
845	597
610	558
597	554
626	603
521	543
511	643
632	587
542	553
612	857
427	687
672	527
487	609
592	790
516	672
446	540
566	721
776	716
566	614
648	449
546	424
705	703
563	546
593	646
740	530
573	670
596	764
573	747
493	547
505	647
714	663
654	636
683	790
687	608
501	771
701	557
826	467
652	611
485	718
521	580
617	587
709	655
656	427
649	741
447	587
589	783
588	726
643	528
609	644
656	469
461	619
393	569
493	542
743	533
438	525
660	604
627	751
744	798
607	615
704	663
762	590
716	634
501	628
480	465
616	699
434	558
604	621
362	644
509	580
629	476
460	709
490	541
553	718
449	514
489	543
684	586
583	664
562	751
666	606
516	531
567	717
662	484
727	683
560	617
735	625
511	644
499	778
539	558
626	801
601	542
720	641
651	760
657	607
520	633
612	715
687	750
591	676
815	664
572	725
573	539
560	704
523	430
728	548
546	620
795	694
541	736
667	565
609	774
770	532
572	679
552	537
557	624
562	618
456	502
783	653
609	777
710	586
657	682
449	463
495	625
666	663
604	560
541	607
783	503
676	709
779	623
653	584
663	578
547	507
419	464
588	591
628	489
637	445
607	659
521	651
538	573
450	537
790	725
952	605
512	776
550	635
640	483
545	588
672	707
550	699
610	692
563	516
554	642
549	759
612	473
631	379
684	852
644	626
543	667
634	607
551	609
531	579
510	757
640	347
425	711
532	604
562	609
720	575
871	752
579	689
542	609
511	459
538	671
693	514
709	508
617	450
585	546
661	293
441	722
574	686
797	580
639	665
660	595
473	365
548	555
706	674
605	702
597	528
675	623
654	714
661	566
726	499
604	605
691	623
456	766
552	647
634	527
723	750
611	753
704	583
543	709
632	696
610	693
531	745
470	594
788	470
545	522
607	645
533	649
747	629
637	585
504	429
540	481
607	418
501	584
493	792
591	679
500	738
500	692
695	660
612	816
616	668
672	596
607	563
541	579
767	834
442	515
539	529
637	447
398	576
347	634
602	602
487	711
487	533
619	463
590	543
566	615
690	425
752	481
581	627
531	633
645	591
417	727
662	490
503	660
654	759
546	580
460	824
669	718
641	730
500	612
629	750
709	564
385	600
657	489
580	653
670	708
567	657
627	557
591	638
579	561
618	505
510	352
766	705
572	456
553	716
592	431
569	849
600	674
813	758
765	629
600	672
636	578
721	598
768	527
552	599
699	609
511	489
648	447
815	530
661	744
644	549
556	745
579	501
762	681
608	550
761	524
480	688
542	619
709	433
538	497
716	602
705	460
629	686
682	551
566	573
715	644
527	551
571	601
683	489
575	772
651	757
504	669
487	526
899	425
660	656
747	594
555	550
606	601
610	524
718	469
797	875
536	682
641	659
767	595
569	662
739	529
378	705
530	692
548	666
612	441
754	532
613	691
647	717
532	623
704	550
327	562
755	823
659	637
651	634
471	438
576	841
790	581
424	642
620	721
770	373
462	523
645	580
523	647
746	625
647	774
395	583
574	500
719	591
505	588
725	663
490	711
633	617
520	600
551	633
562	413
433	797
681	706
547	582
780	635
642	482
721	596
612	618
664	496
756	577
647	615
537	531
506	722
595	548
827	703
528	597
735	580
583	662
481	632
570	477
581	383
524	307
745	492
578	572
696	541
574	527
722	629
316	602
475	548
472	495
492	747
625	672
620	687
536	455
646	689
539	505
788	698
546	520
588	597
693	681
431	551
524	535
569	681
578	592
592	651
502	549
716	689
472	598
555	682
588	757
506	372
921	514
386	678
622	590
646	595
691	618
512	616
576	559
489	615
505	585
602	603
658	695
513	767
723	600
693	347
523	533
575	766
663	526
566	544
713	648
487	578
502	571
549	650
764	563
639	626
535	604
459	693
702	497
820	561
643	571
751	543
583	519
411	519
685	625
536	544
739	696
766	802
467	620
362	604
672	549
771	576
459	602
783	557
491	573
452	569
638	669
394	447
548	531
676	594
852	582
710	588
661	630
539	572
455	675
544	370
637	723
593	467
439	609
503	620
419	686
497	346
624	605
612	356
604	636
465	639
483	554
675	445
630	524
525	721
610	727
675	537
595	658
785	561
708	513
736	588
478	689
584	664
658	623
623	637
674	638
476	590
603	584
683	678
561	521
640	425
715	648
560	706
676	558
574	601
667	574
579	548
532	509
674	487
638	496
519	673
487	623
608	549
473	658
542	755
552	450
729	401
534	597
676	651
637	522
550	703
502	671
525	551
577	505
655	676
571	558
674	492
694	347
704	720
638	653
553	478
589	700
662	533
594	581
660	551
758	618
514	677
595	596
561	506
502	644
550	637
518	765
582	572
565	462
617	657
631	464
616	504
590	637
521	549
587	465
574	643
566	670
531	564
702	523
555	696
495	724
505	552
714	680
448	646
534	453
559	845
493	673
517	591
495	533
619	574
620	588
573	674
654	324
788	646
593	697
605	830
703	457
573	650
486	640
638	586
673	603
551	553
654	749
517	503
850	641
731	472
590	656
457	615
545	536
506	580
717	532
501	618
562	757
628	781
567	592
385	575
558	572
431	614
679	627
681	464
658	755
659	597
589	596
462	554
725	630
731	498
696	555
648	571
688	607
590	699
705	692
578	586
844	666
638	510
547	553
433	629
656	808
569	511
679	433
525	506
641	519
648	731
425	565
704	729
609	560
591	517
481	586
609	464
593	690
618	483
549	524
558	659
600	690
637	640
702	802
712	604
522	505
696	443
718	556
580	600
704	574
499	800
672	650
431	766
463	772
566	530
711	634
456	520
572	711
654	821
454	611
573	550
718	663
562	786
511	580
596	790
588	635
668	574
600	556
568	593
579	643
563	620
401	566
590	535
861	613
649	688
767	628
617	680
605	618
442	447
693	606
552	594
641	674
642	694
519	643
816	593
672	483
676	738
669	632
678	458
594	615
500	428
615	706
520	682
689	607
673	450
597	740
713	625
782	630
409	600
593	655
607	525
594	722
645	789
813	482
580	575
608	449
541	595
708	706
475	503
785	627
695	420
391	717
632	465
577	484
749	605
513	496
634	544
499	679
738	546
491	574
349	711
443	455
680	688
551	607
704	752
809	412
543	583
676	587
674	611
549	577
601	641
689	648
355	523
455	605
679	573
620	678
567	523
662	720
683	704
633	700
662	532
526	542
617	605
634	580
740	597
640	658
588	374
654	641
622	614
680	781
620	610
727	552
394	592
554	677
478	607
683	527
728	528
623	432
515	445
639	544
718	729
697	650
438	627
469	442
527	591
453	557
512	702
649	575
554	703
651	704
611	579
619	423
473	714
832	573
547	652
482	591
612	712
575	742
615	662
568	665
616	543
520	506
485	596
696	570
761	658
592	514
701	484
687	672
578	520
474	611
763	759
597	522
465	577
524	506
672	771
639	647
508	518
491	759
750	524
546	564
619	359
691	688
660	449
560	537
514	450
670	812
490	680
611	674
541	694
546	530
595	763
811	662
579	491
583	664
545	595
629	446
592	566
562	580
674	597
450	514
796	658
678	668
679	483
749	569
676	643
533	508
770	528
742	501
686	771
619	697
708	476
585	593
629	639
702	521
513	486
443	509
580	488
824	571
656	765
477	624
694	623
625	608
763	772
659	631
659	703
712	735
628	605
441	561
644	689
352	435
585	602
586	581
358	694
701	525
660	609
535	631
508	770
589	659
412	649
624	652
617	692
781	491
669	721
589	644
662	518
417	711
541	714
528	574
562	571
439	603
542	534
711	601
684	777
627	559
656	486
704	685
529	538
506	468
394	588
575	441
603	673
656	542
653	663
390	557
693	728
563	549
911	599
722	551
674	620
546	687
767	528
537	576
672	666
723	490
688	882
677	709
480	593
697	425
697	725
552	426
471	490
665	661
587	465
377	607
696	576
461	662
728	530
456	656
633	673
372	547
844	546
563	679
649	680
708	401
458	512
607	807
542	683
435	736
604	687
609	600
534	640
667	718
526	698
418	710
662	551
579	606
514	509
667	512
452	666
599	543
442	738
552	614
659	784
573	619
563	543
478	567
681	614
650	595
736	546
553	553
595	686
639	620
512	470
705	562
376	648
562	749
701	555
600	375
701	687
738	570
659	571
579	559
394	607
583	452
620	363
729	634
447	634
549	531
610	589
858	602
527	447
537	359
689	417
564	575
575	525
565	657
425	399
565	595
461	622
532	542
723	533
472	658
476	704
419	573
654	621
680	440
539	711
602	637
741	728
584	556
726	488
476	697
565	876
541	592
660	503
661	617
554	633
527	692
651	513
489	631
601	732
714	540
559	708
691	646
487	484
612	638
560	621
702	477
676	648
517	502
744	492
566	575
587	531
567	528
729	619
632	686
688	881
774	688
631	756
572	735
646	796
579	554
792	395
440	689
551	563
488	527
703	537
618	635
574	706
612	525
557	666
482	750
642	588
638	555
642	636
528	507
600	598
624	663
587	322
505	625
622	678
631	385
640	711
609	551
636	691
774	676
662	701
740	482
592	778
536	718
627	704
624	598
662	559
500	704
516	485
744	541
707	533
697	683
334	654
665	591
703	707
748	481
549	823
720	570
552	571
435	645
501	725
807	558
266	683
676	544
484	555
435	673
660	690
583	358
628	480
368	578
638	676
614	626
591	515
553	577
613	602
650	601
599	636
542	607
568	638
505	558
746	398
551	533
690	564
584	544
638	826
535	640
494	590
732	489
604	585
579	542
445	630
663	693
587	446
654	645
673	435
520	673
570	700
590	448
496	715
581	642
711	734
731	702
655	378
642	619
636	724
659	609
491	593
434	622
483	617
577	525
526	548
404	488
727	603
765	468
690	469
485	481
727	678
569	623
567	726
606	616
641	717
691	658
625	636
744	485
665	550
599	509
662	644
658	680
634	615
795	596
669	564
714	563
473	477
493	728
592	573
638	472
545	661
650	646
588	518
665	721
579	475
707	616
428	622
617	691
541	427
700	588
538	549
612	658
560	527
610	729
778	803
605	440
481	639
539	643
470	813
659	670
614	430
709	616
553	558
652	746
673	614
412	642
453	491
652	471
640	545
385	464
564	662
693	577
688	453
826	659
587	810
477	537
689	583
660	710
691	511
471	618
765	706
626	359
556	439
567	604
610	518
564	544
720	606
659	698
572	637
661	490
576	401
653	565
687	444
607	542
610	580
747	610
685	548
725	631
599	475
629	695
745	731
565	508
818	650
480	495
655	577
494	612
668	455
616	553
577	497
514	683
618	559
746	596
638	698
532	574
426	571
724	486
508	552
724	620
499	855
810	532
656	638
595	618
672	655
661	603
519	738
591	539
610	539
601	598
629	635
521	387
635	668
658	646
525	589
485	494
536	510
630	596
589	732
649	570
547	797
566	559
396	618
656	528
397	524
706	491
401	673
690	867
700	620
739	635
613	528
578	637
697	471
776	508
640	704
549	713
505	647
595	573
570	836
566	609
625	544
761	706
429	508
838	598
758	588
689	558
639	449
643	627
597	544
687	604
564	640
499	599
438	418
746	560
679	683
627	446
535	657
488	546
546	521
439	547
673	478
567	560
578	448
493	622
577	767
463	621
743	609
677	528
557	513
521	635
734	621
689	550
693	682
578	620
662	593
557	620
811	486
550	637
537	616
703	531
444	654
579	682
637	591
746	763
471	527
528	615
520	593
554	351
591	739
523	542
694	699
532	742
631	666
456	674
590	601
478	650
513	824
452	653
606	541
468	782
788	618
541	595
505	574
442	566
577	720
709	720
439	723
619	682
556	558
565	630
504	608
593	810
780	651
628	571
527	441
665	363
525	620
594	600
706	579
623	773
628	741
553	547
552	609
594	443
704	721
622	577
639	543
633	468
562	648
576	450
527	755
670	675
670	516
451	406
626	628
869	512
696	524
355	725
540	307
709	622
719	538
443	673
717	645
639	599
549	628
599	572
539	726
760	530
432	684
691	702
534	650
645	579
619	435
641	417
762	355
724	676
381	628
624	634
523	473
447	574
581	586
652	617
539	581
535	608
503	681
473	587
562	606
696	591
539	567
523	837
428	601
496	615
565	769
691	473
579	621
540	710
773	701
581	729
626	685
606	579
536	784
507	485
605	646
626	683
594	637
433	529
717	519
770	439
773	655
777	654
665	535
563	630
618	548
585	705
568	585
732	493
775	634
750	757
701	713
561	614
764	714
700	730
723	751
588	660
655	658
588	754
596	636
776	684
663	570
821	561
543	693
543	596
571	535
811	601
543	551
523	747
514	511
653	535
784	565
427	495
733	551
492	353
650	488
668	853
570	571
659	524
643	727
660	601
514	528
632	714
542	667
812	647
521	575
507	754
490	734
607	607
525	756
453	737
614	519
554	716
543	621
523	500
523	704
528	682
613	578
656	472
875	590
703	508
543	566
463	587
588	492
711	458
645	655
546	725
568	446
643	547
435	340
851	720
513	474
615	660
481	632
663	677
672	728
578	569
435	526
766	477
677	626
761	627
502	770
494	575
652	576
506	398
478	536
546	695
580	537
592	694
536	708
829	560
534	676
344	499
535	607
660	596
544	674
582	790
676	626
579	679
646	668
414	582
714	491
549	582
669	649
564	460
586	557
458	737
608	521
558	619
561	784
502	302
588	487
605	609
756	703
602	536
654	580
509	509
603	570
729	515
402	560
609	679
652	727
506	646
748	416
678	620
604	636
745	585
625	484
751	531
645	585
529	631
684	704
556	762
470	410
649	484
609	746
446	700
664	551
500	540
581	692
639	722
483	540
643	611
716	564
411	694
545	448
658	523
647	679
340	693
707	528
615	652
378	402
731	622
489	733
513	646
568	596
635	482
507	543
647	569
595	683
674	481
548	724
733	543
745	679
557	474
749	597
429	628
589	631
661	560
553	538
672	791
661	654
744	737
679	761
671	599
670	549
598	530
661	441
713	657
527	616
525	670
478	653
594	634
683	627
473	365
814	538
486	363
501	486
449	610
661	673
580	673
569	589
613	476
682	657
514	552
621	655
864	529
523	577
551	647
630	471
613	336
533	685
426	684
595	682
804	543
501	516
840	502
501	581
766	877
595	584
654	633
649	601
589	558
556	610
560	635
729	684
569	462
499	562
769	671
657	558
652	666
653	587
457	604
529	457
644	639
682	655
485	769
533	667
538	582
625	458
763	606
564	617
667	617
508	475
555	662
517	651
565	708
762	681
680	570
603	807
655	443
653	295
559	444
653	611
556	624
616	853
587	684
571	696
548	673
464	633
490	431
780	601
490	594
749	514
534	812
555	615
612	570
638	768
674	559
760	396
400	503
601	701
687	716
668	566
505	494
534	570
362	658
531	727
679	601
456	395
470	524
665	556
808	849
682	503
580	516
810	755
854	729
508	603
537	767
557	621
543	518
566	729
499	686
663	350
603	694
608	650
550	739
690	628
404	661
602	655
465	555
621	519
771	659
740	485
407	584
545	639
715	524
561	628
514	537
722	665
534	641
471	572
624	697
729	651
249	471
828	696
703	706
490	530
568	646
685	543
669	895
498	578
604	430
758	559
645	630
618	535
557	498
581	689
594	644
662	498
538	447
629	584
573	672
649	817
519	648
593	710
755	538
744	595
766	672
619	481
696	483
571	645
642	752
641	407
789	477
532	651
571	632
581	531
713	657
549	553
584	549
450	425
525	542
563	649
603	610
517	673
581	410
621	630
701	665
644	446
639	653
437	709
697	704
645	552
651	573
606	623
607	365
833	524
592	718
394	614
645	501
611	523
508	593
627	692
710	629
699	544
400	609
682	637
768	567
409	642
800	785
446	446
596	632
637	628
743	670
486	533
641	660
630	694
510	560
777	613
567	658
603	616
577	626
658	544
583	570
484	622
682	681
543	634
630	646
685	506
728	595
497	651
539	548
620	738
625	610
598	610
473	581
592	690
647	581
613	559
704	583
571	662
451	564
558	535
519	384
575	633
453	587
389	561
391	664
586	487
479	649
707	613
793	664
720	566
564	663
754	579
529	389
873	581
641	594
621	644
521	521
621	594
722	525
532	461
662	506
615	569
572	963
633	316
495	425
647	605
636	608
664	532
646	693
540	617
608	633
524	521
432	766
778	566
544	765
575	488
532	455
423	513
553	573
500	569
714	675
522	526
765	662
753	561
549	633
443	541
738	642
667	543
628	419
519	596
774	590
560	566
656	531
530	618
737	771
654	453
527	317
510	650
517	678
637	609
389	611
630	651
540	644
640	426
703	566
729	727
891	487
690	692
665	628
608	576
764	618
614	698
483	586
493	500
537	375
695	613
499	727
573	528
645	586
725	670
485	544
531	556
651	873
537	553
456	622
715	746
663	542
716	516
750	647
477	548
561	689
574	673
579	471
669	591
522	634
615	542
406	440
596	659
614	638
568	669
591	568
575	688
678	600
515	552
601	668
469	696
590	481
753	442
279	722
500	587
704	547
544	634
516	751
566	630
603	599
671	549
508	627
635	692
600	548
517	512
610	568
520	641
592	452
542	523
619	635
523	760
475	594
643	738
621	464
604	359
523	650
537	610
620	549
518	358
571	655
634	460
801	570
730	611
489	443
617	820
531	581
598	563
554	835
642	616
714	637
508	619
424	585
501	727
658	538
642	596
503	597
627	645
572	590
561	577
576	587
708	695
532	638
577	587
527	515
572	568
509	601
526	385
745	617
644	400
686	601
511	605
586	545
644	603
659	477
502	545
597	528
581	486
497	664
641	459
570	655
719	531
552	647
569	657
599	574
675	588
602	811
551	544
647	662
703	676
506	470
581	618
653	631
511	466
544	758
715	615
694	717
445	557
593	598
600	505
623	578
701	497
547	757
787	673
805	546
696	434
600	626
488	704
584	746
569	536
543	530
609	518
576	667
536	669
593	559
549	759
645	595
432	480
537	655
610	756
386	606
607	595
399	707
556	553
607	436
823	754
525	671
635	507
448	677
514	809
639	496
792	507
530	673
585	690
599	470
599	543
701	614
531	495
483	699
710	414
490	685
385	581
637	759
535	615
461	471
726	491
610	753
597	703
563	532
609	552
567	573
589	545
414	499
644	559
602	443
593	835
445	487
700	725
665	738
550	650
475	785
721	585
656	715
542	531
472	626
493	519
661	542
562	703
402	392
413	634
593	732
622	678
572	555
469	531
589	410
434	620
629	586
461	579
756	742
497	704
471	716
745	574
527	743
526	691
661	616
755	615
595	530
697	620
473	510
524	499
519	717
703	640
583	571
599	736
633	615
584	609
647	523
596	574
515	634
562	404
814	709
599	581
653	699
570	561
444	750
585	726
643	754
720	518
589	782
696	706
555	678
593	649
638	571
689	554
606	481
565	578
415	670
779	691
667	520
402	612
491	622
667	691
524	623
588	440
476	539
570	660
618	421
606	625
744	584
520	502
535	628
466	726
520	571
421	585
627	526
439	553
728	629
574	696
818	562
521	675
558	761
663	614
434	549
793	652
589	631
578	459
537	709
679	454
383	719
496	592
718	689
678	670
552	596
498	548
370	672
653	536
779	396
636	759
738	645
588	711
698	572
568	603
411	535
761	635
603	364
523	619
724	597
605	739
684	631
610	603
551	703
679	468
517	666
556	518
624	584
576	680
778	523
595	445
611	662
791	626
602	707
579	719
468	645
486	686
551	626
511	557
508	670
512	866
702	735
677	595
487	686
642	457
558	459
755	681
545	469
756	548
511	494
588	599
628	543
473	596
438	593
685	597
602	477
654	518
477	599
588	650
648	614
546	539
721	637
524	591
714	522
634	587
506	484
506	570
518	370
510	530
588	561
641	662
484	780
638	665
771	477
611	584
741	624
673	599
553	481
533	601
399	715
664	536
577	666
554	755
709	536
690	695
715	481
632	596
553	685
503	421
612	492
587	700
585	629
733	618
703	561
696	684
597	616
588	585
583	664
703	650
560	576
547	456
536	636
643	530
747	414
455	567
599	489
717	472
906	751
692	618
594	572
719	456
583	651
870	612
627	671
479	485
705	545
565	499
781	763
517	666
725	763
652	483
589	541
694	552
800	740
641	612
607	770
718	653
703	632
611	778
695	570
545	544
647	707
658	460
636	605
862	598
426	671
543	583
719	484
699	627
538	591
549	462
736	586
577	606
639	650
510	740
621	608
666	647
565	517
531	349
696	559
506	656
619	622
625	722
595	560
556	615
706	520
597	515
513	608
609	527
687	664
764	516
644	591
769	738
624	539
660	612
704	596
693	707
784	728
506	631
638	574
492	411
474	542
532	790
491	705
438	667
699	576
484	460
508	577
663	748
649	740
682	665
526	500
515	572
516	531
711	740
435	464
824	607
579	533
452	644
626	408
693	742
432	245
463	448
406	625
448	557
761	670
616	575
609	684
536	607
592	660
654	477
789	377
624	422
561	414
677	621
702	748
529	667
709	652
794	629
683	506
521	574
529	343
544	672
461	586
618	532
437	441
612	698
578	565
764	698
607	589
541	559
785	503
625	643
565	584
552	569
696	428
700	462
549	621
607	676
642	471
620	604
670	303
513	544
498	427
671	619
704	488
608	707
698	395
612	492
642	516
650	598
551	587
789	527
688	655
644	599
633	616
356	503
442	573
769	576
468	544
503	689
610	682
682	594
538	583
704	574
517	744
541	676
371	783
617	613
471	602
652	642
792	603
524	684
613	785
452	491
722	559
640	606
534	478
702	694
343	564
624	717
468	515
722	672
633	616
614	714
652	445
575	734
603	511
666	565
591	713
698	682
700	614
396	473
512	613
648	653
541	614
519	582
560	568
370	633
665	574
481	464
599	592
487	561
648	521
544	512
557	483
611	524
569	553
401	514
464	637
677	685
601	827
397	567
536	390
480	801
439	642
645	546
623	668
681	511
542	706
830	669
481	525
720	590
428	440
686	716
662	627
340	647
676	628
497	500
638	670
591	632
375	584
581	655
426	419
557	658
434	528
697	594
769	586
638	721
620	565
558	647
724	769
535	548
610	657
686	683
472	680
532	746
430	797
561	455
519	490
671	678
712	478
501	561
508	575
641	640
640	755
452	718
688	682
682	686
623	440
620	670
567	727
523	665
602	798
753	620
567	720
568	702
547	598
648	691
469	623
608	579
512	569
610	683
551	414
595	615
622	667
643	515
634	638
711	526
718	592
662	540
584	686
534	703
438	574
593	623
487	740
604	582
650	582
679	666
842	508
701	517
554	613
668	658
