0
0
0
0
0
0
0
0
0
0
0
0
0
0
0
0
0
0
0
0
0
0
0
0
0
0
0
0
0
0
0
0
0
0
0
0
0
0
0
0
0
0
0
0
0
0
0
0
0
0
0
0
0
0
0
0
0
0
0
0
0
0
0
0
0
0
0
0
0
0
0
0
0
0
0
0
0
0
0
0
0
0
0
0
0
0
0
0
0
0
0
0
0
0
0
0
0
0
0
0
0
0
0
0
0
0
0
0
0
0
0
0
0
0
0
0
0
0
0
0
0
0
0
0
0
0
0
0
0
0
0
0
0
0
0
0
0
0
0
0
0
0
0
0
0
0
0
0
0
0
0
0
0
0
0
0
0
0
0
0
0
0
0
0
0
0
0
0
0
0
0
0
0
-0.0001
0
0
0
0
0
0
0
0
0
0
0
0
0
0
0
0
0
0
0
0
0
0
0
0
0
0
0
0
0
0
0
0
0
0
0
-0.0002
0
0
0
0
0
0
0
0
0
0
0
0
0
0
0
0.0001
0.0001
0.0001
0.0001
0.0001
0.0001
0.0001
0.0001
0.0001
0.0001
-0.0001
0.0001
0.0001
0.0001
0.0001
0.0001
-0.0004
0.0001
0.0001
0.0001
0.0001
0.0001
0.0001
0.0001
0.0001
0.0001
0.0001
0.0001
0.0001
0.0001
0.0001
0.0002
0.0002
0.0002
0.0002
0.0003
0.0004
0.0004
0.0004
0.0004
0.0003
0.0004
0.0004
0.0005
0.0005
0.0005
0.0001
0.0006
0.0006
0.0006
0.0006
0.0007
0.0007
0.0007
0.0008
0.0009
0.0008
0.0009
0.001
0.0011
0.0013
0.0013
0.0014
0.0014
0.0015
0.0015
0.0015
0.0015
0.0016
0.0016
0.0016
0.0016
0.0015
0.0016
0.0016
0.0016
0.0009
0.0018
0.0018
0.0019
0.0019
0.002
0.0012
0.0021
0.0022
0.0023
0.0022
0.0024
0.0024
0.0025
0.0025
0.0026
0.0025
0.0028
0.0028
0.0029
0.003
0.0032
0.0033
0.0033
0.0033
0.0035
0.0036
0.0036
0.0036
0.0038
0.004
0.0042
0.0043
0.0044
0.0044
0.0046
0.0047
0.0049
0.0051
0.0052
0.0052
0.0054
0.0056
0.0056
0.0057
0.0059
0.0053
0.0064
0.0066
0.0068
0.007
0.007
0.0073
0.0074
0.0079
0.0079
0.0081
0.0083
0.0085
0.0087
0.0089
0.0093
0.0095
0.0097
0.0099
0.0101
0.0106
0.0107
0.0108
0.0109
0.0109
0.0115
0.0117
0.012
0.0125
0.0127
0.0126
0.0136
0.0141
0.0145
0.0148
0.0151
0.0151
0.0159
0.0159
0.0161
0.0164
0.0173
0.0178
0.0181
0.0184
0.0191
0.0195
0.0198
0.02
0.0202
0.021
0.0216
0.0225
0.0228
0.0231
0.0234
0.024
0.0247
0.0254
0.026
0.027
0.0274
0.0281
0.029
0.0296
0.0304
0.0305
0.0315
0.0319
0.0324
0.033
0.0335
0.0343
0.0354
0.0365
0.0373
0.038
0.039
0.0396
0.0406
0.0417
0.0425
0.0433
0.0439
0.0449
0.0461
0.0475
0.0487
0.0501
0.0509
0.0522
0.0529
0.0541
0.0559
0.0573
0.0584
0.0589
0.06
0.0607
0.0617
0.0627
0.064
0.0654
0.0665
0.068
0.0695
0.0713
0.0732
0.0741
0.0754
0.0767
0.0779
0.0789
0.08
0.0812
0.0823
0.0837
0.0851
0.0864
0.0891
0.0909
0.0928
0.0951
0.0964
0.0977
0.0994
0.1019
0.103
0.1044
0.1059
0.1083
0.1105
0.1122
0.1133
0.1155
0.1169
0.1191
0.1215
0.1236
0.1266
0.1289
0.1316
0.1339
0.1356
0.1371
0.1397
0.1425
0.144
0.1459
0.1484
0.1509
0.1525
0.1547
0.1565
0.1586
0.1603
0.1628
0.1655
0.168
0.1706
0.1728
0.1759
0.1789
0.1816
0.1856
0.1892
0.1916
0.1936
0.1963
0.199
0.2019
0.2046
0.2074
0.2097
0.2129
0.2156
0.2182
0.2207
0.2245
0.2284
0.2306
0.2342
0.2376
0.2399
0.2432
0.2467
0.2505
0.2536
0.2566
0.2602
0.2642
0.2674
0.2706
0.2737
0.2774
0.2803
0.2837
0.2873
0.2899
0.2936
0.2981
0.3014
0.3047
0.3089
0.3138
0.3179
0.3219
0.3247
0.3285
0.3316
0.3349
0.3367
0.3395
0.3442
0.3474
0.3518
0.3564
0.36
0.3645
0.3685
0.3733
0.3763
0.3802
0.383
0.3874
0.3917
0.395
0.3981
0.4024
0.4057
0.4087
0.412
0.4162
0.4192
0.4235
0.4283
0.4333
0.4365
0.4406
0.4439
0.447
0.4512
0.4566
0.4603
0.4636
0.4677
0.4718
0.475
0.4791
0.4835
0.4864
0.4903
0.4942
0.498
0.5026
0.5083
0.5127
0.5171
0.5208
0.5246
0.5282
0.5328
0.5369
0.5408
0.5441
0.5484
0.553
0.5578
0.5614
0.5645
0.569
0.5724
0.5759
0.5802
0.5836
0.5876
0.5912
0.596
0.5993
0.6032
0.607
0.6108
0.6151
0.6183
0.6226
0.6261
0.631
0.6347
0.6385
0.6423
0.6458
0.6505
0.6543
0.6574
0.6617
0.6648
0.6684
0.6723
0.6764
0.6798
0.6841
0.6874
0.6912
0.6951
0.6984
0.7026
0.7056
0.7086
0.7119
0.7158
0.7192
0.7231
0.7265
0.7298
0.7339
0.7371
0.7408
0.7432
0.7463
0.7488
0.7521
0.7554
0.7581
0.761
0.7646
0.767
0.7697
0.7728
0.7755
0.7786
0.7813
0.7843
0.7874
0.7895
0.7929
0.7966
0.7983
0.802
0.8044
0.8075
0.8106
0.813
0.8163
0.8187
0.8212
0.8237
0.8266
0.8292
0.831
0.8333
0.8356
0.8381
0.8404
0.843
0.8451
0.8469
0.8493
0.8509
0.8524
0.8543
0.8571
0.8588
0.8609
0.8628
0.8651
0.867
0.8687
0.8709
0.8725
0.8741
0.8761
0.8778
0.8794
0.881
0.8823
0.8846
0.887
0.8885
0.8903
0.8922
0.8944
0.8962
0.898
0.9
0.9019
0.9037
0.906
0.9071
0.9087
0.91
0.9116
0.913
0.9138
0.9156
0.917
0.9185
0.9209
0.9224
0.9239
0.9253
0.9261
0.9267
0.9277
0.9293
0.9305
0.9327
0.9341
0.9356
0.9378
0.9387
0.9397
0.9412
0.9424
0.9436
0.945
0.9459
0.9466
0.9483
0.949
0.9501
0.9517
0.9523
0.9526
0.9536
0.9545
0.9556
0.9564
0.9576
0.9581
0.9591
0.9598
0.9604
0.9609
0.9615
0.962
0.9626
0.9632
0.9641
0.965
0.9657
0.9663
0.9666
0.9672
0.9679
0.9684
0.9694
0.9703
0.9711
0.9716
0.9727
0.9734
0.9738
0.9739
0.9748
0.9756
0.9765
0.9768
0.9774
0.9778
0.9783
0.9788
0.9792
0.9799
0.9801
0.9804
0.9814
0.9816
0.982
0.9822
0.9824
0.9834
0.9838
0.9838
0.9842
0.9844
0.9846
0.9851
0.9854
0.9854
0.9859
0.9862
0.9867
0.9868
0.987
0.9876
0.9878
0.9884
0.9887
0.9892
0.9894
0.9897
0.9899
0.9903
0.991
0.9907
0.9912
0.9915
0.9916
0.9914
0.9922
0.9925
0.9931
0.9934
0.9937
0.9936
0.9939
0.994
0.9943
0.9937
0.9947
0.9948
0.9951
0.9955
0.9955
0.9954
0.996
0.996
0.996
0.9961
0.9964
0.9966
0.9967
0.9967
0.9967
0.997
0.997
0.997
0.9972
0.9971
0.9973
0.9976
0.9976
0.9976
0.9976
0.9973
0.9977
0.9977
0.9977
0.9979
0.9979
0.9979
0.998
0.998
0.9981
0.9981
0.9981
0.9984
0.9985
0.9985
0.9985
0.9986
0.9987
0.9987
0.9987
0.9987
0.9989
0.9989
0.9989
0.9989
0.9989
0.999
0.999
0.999
0.999
0.9983
0.9991
0.9991
0.9991
0.9992
0.9992
0.9984
0.9993
0.9994
0.9994
0.9993
0.9994
0.9995
0.9995
0.9995
0.9996
0.9996
0.9997
0.9997
0.9997
0.9997
0.9997
0.9997
0.9997
0.9997
0.9997
0.9997
0.9998
0.9998
0.9998
0.9998
0.9998
0.9993
0.9998
0.9998
0.9998
0.9994
0.9998
0.9998
0.9998
0.9998
0.9998
0.9998
0.9998
0.9998
0.9998
0.9998
0.9998
0.9998
0.9998
0.9998
0.9998
0.9998
0.9999
0.9999
0.9999
0.9999
0.9999
0.9999
0.9999
1
1
1
1
1
1
1
1
1
1
1
1
1
1
1
1
0.9998
1
1
1
1
1
0.9999
1
1
1
1
1
1
