==========================================
	Construction Test : 
==========================================
.Deep of Quantile Quadtree (int deep): 10
.Resolution (aabb resolution): [Bottom Left : (0, 0), Top Right : (1280, 720)]
.Error used: 0.3
==========================================
	Update And Query With KLL Test : 
==========================================
.Deep of Quantile Quadtree (int deep): 10
.Resolution (aabb resolution): [Bottom Left : (0, 0), Top Right : (1280, 720)]
.Stream size (int N): 1000
.Error used: 0.3
.Point_quarantee: 100
.Search region[Bottom Left : (673.931, 120.568), Top Right : (749.071, 579.311)]
.Stream used : [(384, (1115.79, 357.512)), (421, (1117.43, 357.337)), (810, (1110.83, 356.84)), (559, (1113.56, 356.775)), (198, (1119.52, 355.925)), (176, (1112.49, 359.74)), (946, (1116.79, 359.069)), (405, (1115.72, 354.427)), (579, (1115.02, 360.643)), (627, (1118.31, 353.469)), (15, (1114.73, 357.209)), (456, (1116.73, 353.001)), (93, (1116.12, 357.676)), (682, (1119.33, 358.851)), (207, (1119.48, 355.747)), (885, (1113.27, 355.045)), (281, (1119.29, 357.115)), (216, (1112.04, 357.41)), (955, (1117.83, 357.207)), (406, (1117.16, 358.633)), (704, (1114.5, 359.726)), (489, (1115.36, 357.612)), (273, (1111.73, 359.053)), (633, (1116.19, 356.998)), (75, (1118.38, 357.034)), (230, (1116.18, 352.616)), (139, (1118.34, 357.634)), (820, (1116.68, 355.081)), (724, (1113.76, 355.669)), (211, (1112.22, 359.629)), (562, (1117.25, 359.733)), (777, (1115.8, 359.835)), (236, (1117.58, 358.428)), (928, (1114.6, 356.746)), (731, (1114.61, 358.911)), (559, (1115.48, 354.701)), (351, (1115.66, 357.481)), (520, (1117.92, 360.572)), (266, (1115.32, 354.693)), (505, (1115.13, 358.046)), (682, (1113.38, 356.712)), (435, (1113.24, 356.976)), (846, (1116.58, 360.392)), (300, (1115.78, 357.561)), (418, (1115.81, 359.606)), (527, (1115.42, 357.785)), (51, (1113.01, 361.582)), (66, (1118.48, 361.364)), (163, (1116.9, 357.043)), (608, (1116.36, 353.694)), (347, (1114.93, 357.584)), (366, (1115.49, 357.988)), (855, (1112.99, 360.281)), (779, (1119.96, 358.749)), (98, (1110.95, 357.838)), (845, (1115.23, 358.346)), (737, (1118.91, 359.304)), (745, (1116.85, 358.737)), (723, (1114.57, 360.128)), (1000, (1116.24, 352.677)), (833, (1114.69, 360.1)), (457, (1112.36, 357.881)), (877, (1114.07, 361.851)), (581, (1116.66, 358.099)), (234, (1117.59, 361.581)), (122, (1118.89, 359.531)), (61, (519.343, 441.448)), (690, (519.004, 442.012)), (703, (521.988, 442.313)), (26, (518.932, 445.287)), (480, (517.187, 441.532)), (351, (518.24, 445.253)), (525, (519.342, 441.644)), (486, (516.558, 442.701)), (466, (518.549, 442.196)), (516, (519.793, 439.126)), (564, (518.823, 441.796)), (181, (522.444, 439.051)), (111, (518.909, 438.908)), (352, (519.884, 441.827)), (409, (518.55, 437.528)), (898, (520.989, 443.87)), (267, (519.282, 440.797)), (852, (517.814, 441.972)), (559, (521.315, 443.026)), (432, (518.782, 441.903)), (873, (522.266, 441.445)), (123, (518.662, 442.289)), (79, (517.21, 442.034)), (229, (517.815, 438.786)), (799, (520.683, 442.289)), (136, (518.533, 446.565)), (496, (518.656, 441.957)), (550, (518.909, 443.187)), (422, (522.27, 443.062)), (848, (517.538, 442.425)), (305, (514.778, 443.2)), (785, (517.723, 441.424)), (171, (521.528, 438.331)), (965, (517.135, 437.573)), (41, (520.432, 445.365)), (7, (515.227, 440.343)), (85, (515.557, 440.865)), (548, (520.52, 443.952)), (832, (518.764, 441.92)), (733, (517.589, 439.354)), (103, (518.682, 444.935)), (353, (519.002, 441.524)), (740, (518.776, 442.686)), (786, (521.375, 442.057)), (824, (519.794, 445.478)), (227, (517.281, 440.033)), (956, (517.723, 444.516)), (95, (518.518, 445.584)), (904, (518.957, 443.058)), (990, (518.29, 442.804)), (223, (520.953, 442.985)), (255, (522.181, 441.088)), (176, (523.167, 443.408)), (507, (519.914, 439.42)), (785, (519.408, 444.651)), (938, (521.203, 441.482)), (16, (518.724, 439.132)), (368, (519.109, 439.343)), (510, (521.357, 441.875)), (541, (517.299, 442.754)), (401, (519.228, 437.759)), (467, (518.59, 441.878)), (42, (520.48, 441.403)), (547, (517.408, 442.002)), (274, (521.715, 445.351)), (837, (515.42, 441.53)), (673, (101.912, 678.511)), (441, (98.1775, 684.901)), (164, (98.1854, 682.697)), (873, (97.826, 686.645)), (281, (100.755, 679.55)), (575, (100.88, 683.147)), (215, (101.27, 683.411)), (801, (98.5138, 681.904)), (352, (98.1391, 684.344)), (14, (99.7395, 683.052)), (765, (99.0468, 685.878)), (78, (99.3495, 682.308)), (709, (100.545, 678.165)), (969, (95.1673, 681.691)), (826, (98.6773, 677.343)), (395, (100.74, 684.004)), (1000, (97.6294, 684.836)), (553, (104.109, 680.71)), (99, (99.2047, 680.254)), (296, (98.4907, 684.235)), (11, (99.5816, 679.7)), (276, (100.322, 681.861)), (177, (97.6992, 681.425)), (234, (95.9536, 680.448)), (488, (99.1957, 686.138)), (92, (95.7545, 682.718)), (270, (97.8859, 684.952)), (282, (95.949, 683.737)), (579, (99.3299, 687.118)), (151, (97.78, 683.452)), (79, (103.193, 679.657)), (919, (98.4064, 681.64)), (391, (94.794, 680.993)), (843, (100.06, 680.941)), (174, (101.963, 683.227)), (901, (97.1104, 686.266)), (813, (100.866, 681.893)), (498, (97.5142, 677.604)), (410, (99.7463, 682.702)), (968, (94.9195, 683.085)), (492, (103.258, 683.393)), (689, (97.9371, 679.016)), (533, (95.9786, 679.386)), (234, (98.8308, 682.113)), (78, (97.8752, 680.447)), (699, (102.188, 683.457)), (692, (99.7227, 682.173)), (208, (102.073, 681.033)), (881, (99.7198, 686.938)), (411, (99.3926, 682.241)), (608, (95.586, 683.402)), (407, (97.9774, 684.638)), (344, (98.5134, 682.407)), (177, (98.8009, 677.979)), (595, (97.8069, 679.508)), (914, (94.5955, 683.48)), (288, (102.252, 679.956)), (427, (98.7149, 684.891)), (456, (99.2316, 682.206)), (93, (101.415, 684.56)), (927, (98.474, 682.621)), (285, (101.359, 680.266)), (309, (102.336, 684.921)), (900, (101.212, 682.621)), (834, (99.4457, 682.15)), (311, (100.049, 682.578)), (361, (125.527, 62.4053)), (811, (123.865, 66.1357)), (198, (123.234, 65.5787)), (818, (126.477, 64.0919)), (205, (126.142, 67.7545)), (238, (122.951, 68.5439)), (447, (124.868, 59.559)), (850, (124.77, 64.0759)), (59, (124.865, 65.3353)), (548, (122.958, 63.9455)), (558, (123.49, 64.3839)), (555, (122.588, 65.4458)), (169, (120.843, 66.4396)), (376, (127.12, 61.7578)), (460, (123.749, 65.4522)), (355, (124.195, 62.7082)), (887, (129.238, 64.3095)), (218, (125.241, 61.3071)), (112, (123.335, 65.0542)), (704, (125.478, 64.2778)), (43, (129.156, 62.3945)), (271, (122.858, 68.3789)), (380, (124.036, 68.3138)), (801, (124.59, 64.4778)), (541, (126.378, 64.9032)), (481, (127.192, 67.5892)), (931, (125.183, 61.6104)), (952, (125.286, 65.1956)), (894, (123.727, 68.3406)), (320, (122.569, 65.2225)), (496, (125.136, 63.7583)), (172, (123.467, 63.4603)), (759, (127.278, 68.6605)), (664, (123.601, 67.4013)), (464, (124.334, 64.3198)), (833, (125.15, 64.777)), (926, (121.314, 64.1401)), (199, (121.524, 66.6377)), (931, (127.616, 65.2296)), (254, (128.419, 61.8384)), (90, (123.359, 65.7087)), (166, (124.21, 59.6653)), (303, (124.64, 66.5818)), (759, (121.31, 64.3543)), (586, (123.846, 63.0533)), (383, (124.544, 63.4633)), (203, (128.258, 67.1252)), (399, (122.61, 66.1832)), (485, (125.653, 64.0689)), (426, (127.601, 64.943)), (660, (125.911, 64.9295)), (998, (124.828, 61.0602)), (269, (124.139, 65.6917)), (527, (123.177, 64.0447)), (47, (125.55, 68.9391)), (75, (126.104, 66.3791)), (972, (122.22, 64.039)), (793, (124.586, 64.4899)), (553, (121.766, 67.0936)), (821, (128.217, 67.6847)), (667, (123.469, 64.4421)), (751, (122.246, 65.8982)), (225, (123.903, 64.9697)), (822, (125.268, 65.1678)), (488, (129.25, 66.246)), (877, (125.12, 65.1274)), (603, (510.892, 678.141)), (352, (517.249, 678.938)), (42, (515.589, 673.28)), (791, (515.49, 679.256)), (321, (514.854, 678.034)), (225, (514.916, 676.832)), (59, (514.906, 672.667)), (164, (511.722, 677.952)), (941, (514.941, 679.667)), (971, (515.8, 674.901)), (388, (511.429, 676.143)), (402, (515.016, 671.867)), (925, (515.081, 675.165)), (285, (517.536, 680.056)), (896, (514.002, 676.084)), (307, (517.409, 678.539)), (238, (516.493, 679.515)), (273, (515.206, 676.801)), (558, (514.484, 675.958)), (302, (517.448, 674.297)), (316, (515.333, 676.999)), (782, (515.315, 674.768)), (882, (514.594, 675.472)), (37, (515.186, 677.042)), (478, (514.937, 676.781)), (765, (517.78, 680.109)), (847, (518.172, 674.487)), (640, (514.779, 679.733)), (413, (513.992, 681.07)), (250, (514.987, 676.704)), (134, (512.015, 679.791)), (233, (515.806, 677.482)), (721, (514.371, 676.792)), (166, (513.581, 677.14)), (472, (516.07, 676.909)), (892, (515.936, 680.952)), (554, (514.682, 676.854)), (861, (510.907, 677.766)), (119, (518.39, 675.621)), (521, (515.311, 676.846)), (893, (514.766, 677.563)), (41, (511.165, 679.854)), (245, (512.321, 677.096)), (77, (516.171, 677.334)), (431, (514.771, 675.296)), (680, (516.23, 677.296)), (504, (510.746, 677.782)), (858, (516.907, 675.724)), (668, (513.12, 675.607)), (570, (511.015, 677.192)), (978, (515.042, 680.932)), (517, (511.637, 679.3)), (582, (511.076, 673.968)), (186, (513.575, 672.534)), (111, (515.984, 675.397)), (430, (513.825, 678.722)), (26, (514.509, 677.507)), (265, (512.944, 676.805)), (603, (514.238, 680.97)), (792, (518.161, 676.327)), (833, (513.073, 678.245)), (177, (514.687, 676.421)), (604, (516.948, 672.415)), (832, (515.55, 676.559)), (958, (510.723, 677.108)), (513, (518.042, 673.876)), (233, (737.56, 214.952)), (98, (737.591, 215.1)), (660, (741.535, 213.811)), (932, (740.594, 210.911)), (181, (743.4, 215.451)), (560, (741.555, 213.659)), (24, (744.657, 215.17)), (69, (741.69, 213.622)), (123, (739.57, 215.083)), (528, (741.338, 213.332)), (854, (742.801, 213.413)), (53, (743.283, 217.096)), (223, (742.791, 215.15)), (105, (741.059, 213.366)), (856, (741.761, 214.365)), (833, (738.976, 215.051)), (745, (743.33, 213.663)), (772, (740.481, 214.212)), (370, (743.732, 215.264)), (302, (740.633, 213.205)), (221, (741.453, 214.242)), (450, (743.318, 216.155)), (171, (742.473, 213.693)), (64, (741.654, 214.183)), (685, (739.532, 212.27)), (577, (742.216, 212.886)), (15, (739.473, 215.432)), (166, (741.553, 213.457)), (86, (738.309, 216.473)), (143, (739.517, 212.504)), (123, (743.149, 215.744)), (115, (741.977, 213.846)), (461, (738.297, 214.648)), (575, (744.511, 213.783)), (14, (740.958, 213.437)), (41, (745.173, 210.23)), (8, (744.386, 213.724)), (200, (741.728, 213.354)), (801, (746.136, 214.773)), (413, (738.764, 213.898)), (681, (742.837, 213.272)), (180, (740.112, 216.109)), (884, (745.411, 215.601)), (166, (745.819, 215.324)), (202, (743.206, 213.435)), (65, (742.116, 212.891)), (439, (741.625, 213.942)), (516, (745.509, 214.996)), (184, (740.101, 211.228)), (930, (740.427, 211.608)), (205, (741.955, 214.334)), (120, (742.901, 212.263)), (343, (743.805, 215.457)), (787, (741.142, 215.782)), (202, (742.066, 213.589)), (512, (740.071, 210.316)), (796, (741.838, 212.56)), (71, (741.816, 214.158)), (534, (742.891, 218.125)), (228, (741.66, 213.915)), (914, (742.492, 212.348)), (851, (740.549, 215.273)), (315, (745.067, 212.971)), (302, (742.718, 211.389)), (804, (745.638, 212.409)), (657, (741.874, 210.821)), (364, (841.085, 282.14)), (8, (838.691, 283.023)), (88, (840.27, 284.57)), (166, (844.697, 287.276)), (270, (841.061, 286.121)), (278, (841.621, 289.243)), (957, (842.961, 288.393)), (772, (841.395, 284.593)), (634, (840.949, 284.392)), (211, (840.46, 282.581)), (127, (842.714, 284.224)), (109, (845.61, 284.841)), (887, (841.15, 283.934)), (424, (841.142, 284.729)), (603, (843.3, 288.642)), (618, (840.55, 283.865)), (999, (845.556, 283.463)), (389, (842.412, 283.012)), (777, (841.261, 285.08)), (433, (841.841, 284.966)), (237, (837.571, 285.336)), (624, (839.08, 281.86)), (234, (838.74, 282.455)), (848, (841.069, 282.119)), (483, (845.697, 283.879)), (777, (844.387, 284.48)), (429, (842.14, 285.687)), (616, (842.259, 286.57)), (303, (841.574, 286.794)), (810, (841.513, 285.184)), (542, (839.547, 284.859)), (753, (841.302, 284.912)), (182, (841.754, 285.501)), (424, (840.589, 283.24)), (777, (840.015, 284.769)), (910, (839.263, 283.623)), (79, (841.715, 284.192)), (177, (842.557, 288.823)), (781, (839.595, 287.279)), (890, (844.205, 285.945)), (984, (840.503, 285.829)), (785, (842.776, 285.304)), (864, (841.138, 284.686)), (824, (840.968, 286.967)), (355, (844.398, 284.121)), (447, (838.802, 284.434)), (800, (841.333, 285.117)), (37, (841.042, 284.387)), (412, (839.009, 283.657)), (959, (841.734, 280.185)), (37, (840.085, 280.512)), (517, (839.579, 285.764)), (481, (840.471, 285.442)), (94, (840.852, 284.183)), (113, (842.24, 286.642)), (481, (837.761, 285.813)), (953, (837.966, 284.763)), (178, (840.273, 287.167)), (658, (845.527, 286.253)), (286, (837.793, 281.771)), (893, (844.307, 282.029)), (169, (841.072, 285.103)), (570, (841.185, 284.775)), (532, (844.387, 283.372)), (568, (843.061, 284.601)), (734, (843.281, 286.448)), (320, (765.148, 120.467)), (189, (765.967, 123.443)), (398, (766.541, 120.288)), (111, (766.161, 126.705)), (428, (766.196, 123.414)), (317, (767.003, 124.803)), (577, (769.455, 123.778)), (366, (765.001, 120.702)), (314, (761.864, 126.5)), (632, (763.77, 127.67)), (830, (764.319, 124.021)), (163, (765.216, 118.574)), (722, (762.175, 123.287)), (932, (762.649, 122.745)), (305, (763.964, 120.402)), (7, (765.184, 122.858)), (544, (765.386, 123.201)), (917, (765.95, 124.934)), (174, (765.017, 123.232)), (223, (765.456, 121.862)), (212, (766.273, 119.13)), (13, (761.389, 123.534)), (637, (768.349, 123.782)), (293, (765.231, 120.359)), (909, (764.988, 125.218)), (475, (765.139, 122.44)), (996, (760.314, 123.36)), (975, (762.492, 123.067)), (990, (764.9, 119.684)), (115, (764.886, 122.315)), (382, (765.85, 123.107)), (682, (768.833, 122.877)), (858, (766.865, 125.407)), (70, (762.688, 121.514)), (555, (764.381, 125.047)), (455, (766.718, 123.934)), (648, (762.998, 121.836)), (807, (767.016, 125.59)), (10, (765.057, 123.095)), (32, (768.613, 125.525)), (546, (761.353, 125.425)), (383, (760.344, 124.259)), (756, (765.313, 122.372)), (723, (764.752, 123.291)), (616, (764.852, 123.554)), (501, (767.27, 123.62)), (260, (765.215, 122.636)), (817, (765.498, 122.307)), (832, (762.058, 125.718)), (440, (766.177, 119.11)), (221, (763.936, 125.058)), (258, (763.788, 122.786)), (1000, (764.638, 123.195)), (802, (763.128, 121.309)), (851, (762.695, 120.916)), (682, (765.745, 123.261)), (958, (764.995, 122.72)), (846, (764.854, 122.64)), (710, (765.959, 124.831)), (438, (764.246, 123.984)), (354, (763.59, 124.453)), (537, (764.819, 124.909)), (211, (765.756, 122.925)), (390, (767.632, 125.708)), (701, (767.013, 124.334)), (184, (763.899, 127.037)), (833, (612.253, 493.097)), (47, (609.954, 494.834)), (975, (614.488, 488.08)), (868, (612.105, 487.589)), (407, (614.169, 492.629)), (977, (612.969, 494.769)), (304, (612.777, 490.995)), (726, (613.004, 488.578)), (926, (616.44, 490.94)), (52, (612.971, 490.319)), (321, (612.811, 491.559)), (385, (614.791, 492.78)), (330, (612.38, 492.379)), (282, (614.472, 493.087)), (924, (612.603, 493.358)), (317, (611.769, 491.623)), (301, (613.964, 487.867)), (677, (611.541, 489.542)), (633, (610.409, 490.165)), (504, (613.636, 489.441)), (322, (610.932, 490.108)), (785, (612.445, 492.159)), (816, (612.193, 491.071)), (80, (615.043, 489.671)), (920, (612.239, 494.514)), (370, (613.703, 490.913)), (948, (612.896, 489.895)), (436, (613.307, 494.636)), (693, (613.219, 487.69)), (187, (612.059, 492.818)), (611, (614.714, 492.854)), (800, (611.957, 491.765)), (144, (612.335, 490.752)), (193, (611.438, 491.319)), (565, (610.464, 489.805)), (453, (611.936, 491.671)), (224, (613.321, 487.256)), (527, (613.308, 489.351)), (975, (612.733, 488.936)), (985, (612.466, 489.83)), (118, (609.053, 489.447)), (549, (611.037, 489.501)), (458, (611.735, 491.63)), (581, (611.918, 492.206)), (894, (611.461, 492.661)), (619, (611.943, 494.048)), (67, (612.087, 494.274)), (460, (612.61, 488.75)), (432, (613.66, 492.062)), (106, (612.269, 491.103)), (116, (608.822, 492.496)), (946, (612.05, 491.799)), (221, (614.826, 493.355)), (13, (612.357, 491.24)), (104, (615.583, 493.43)), (456, (609.681, 488.459)), (456, (608.002, 491.682)), (907, (616.694, 492.697)), (572, (614.487, 492.115)), (869, (613.714, 488.609)), (452, (611.32, 488.664)), (384, (614.839, 489.474)), (480, (613.25, 490.886)), (598, (607.863, 490.664)), (624, (611.931, 491.793)), (182, (615.259, 488.993)), (95, (748.292, 700.397)), (133, (752.079, 700.531)), (971, (749.8, 702.421)), (718, (754.232, 705.332)), (717, (749.792, 698.204)), (938, (751.963, 700.828)), (799, (752.426, 704.494)), (125, (750.34, 702.322)), (775, (749.917, 701.132)), (797, (752.316, 700.164)), (355, (752.321, 701.716)), (588, (751.349, 701.891)), (424, (749.089, 705.323)), (78, (750.109, 703.857)), (999, (755.707, 699.754)), (378, (755.137, 700.526)), (778, (752.828, 701.398)), (146, (756.379, 700.398)), (502, (752.937, 699.259)), (603, (752.534, 697.736)), (119, (751.133, 701.941)), (208, (752.356, 698.43)), (727, (755.578, 702.339)), (919, (749.648, 702.592)), (403, (751.309, 703.04)), (737, (751.074, 699.722)), (559, (749.828, 702.399)), (462, (749.878, 699.526)), (327, (755.448, 700.08)), (342, (751.615, 701.367)), (156, (749.959, 697.156)), (989, (749.229, 703.993)), (808, (751.943, 700.429)), (136, (753.786, 699.885)), (97, (751.886, 697.268)), (67, (751.254, 700.383)), (122, (753.907, 700.636)), (472, (751.055, 701.085)), (686, (748.502, 704.866)), (520, (752.295, 701.952)), (442, (752.812, 700.42)), (12, (755.261, 701.646)), (203, (751.275, 702.466)), (635, (750.855, 702.054)), (145, (752.672, 698.19)), (224, (754.033, 698.336)), (47, (750.777, 700.552)), (208, (748.975, 700.377)), (767, (754.886, 700.861)), (588, (751.359, 698.713)), (624, (752.395, 702.219)), (706, (754.294, 699.972)), (761, (748.981, 703.981)), (84, (753.248, 700.401)), (498, (749.233, 698.957)), (35, (751.145, 700.712)), (283, (752.091, 700.708)), (435, (749.661, 704.426)), (912, (747.709, 699.585)), (775, (752.205, 702.625)), (849, (752.938, 700.445)), (323, (750.573, 704.259)), (282, (751.267, 700.525)), (65, (755.548, 700.936)), (300, (751.481, 701.201)), (913, (751.087, 699.949)), (677, (187.367, 478.613)), (97, (181.265, 479.085)), (479, (182.277, 479.057)), (443, (184.329, 483.124)), (449, (180.899, 477.812)), (208, (184.237, 477.264)), (274, (181.724, 478.899)), (183, (182.521, 478.134)), (820, (182.016, 475.925)), (110, (181.32, 481.724)), (299, (185.114, 478.366)), (138, (183.253, 481.027)), (869, (182.587, 480.434)), (956, (180.469, 481.685)), (740, (182.025, 483.835)), (521, (183.128, 479.629)), (621, (178.522, 480.724)), (841, (183.358, 479.251)), (678, (181.933, 479.561)), (954, (181.001, 480.079)), (928, (180.727, 479.761)), (175, (182.881, 479.511)), (612, (183.373, 480.347)), (838, (183.698, 478.331)), (54, (185.244, 478.748)), (113, (179.291, 483.002)), (724, (184.956, 480.715)), (844, (181.341, 478.959)), (853, (178.105, 480.083)), (953, (178.217, 480.632)), (491, (184.274, 480.332)), (766, (185.295, 480.234)), (413, (184.42, 482.782)), (399, (183.032, 479.311)), (834, (185.109, 481.046)), (873, (182.817, 483.258)), (994, (185.701, 476.676)), (867, (185.985, 481.068)), (508, (181.877, 478.942)), (823, (182.592, 479.516)), (195, (181.311, 478.574)), (240, (182.997, 478.752)), (681, (185.088, 478.609)), (255, (181.66, 482.121)), (842, (181.094, 478.304)), (692, (178.284, 479.256)), (39, (182.018, 475.973)), (212, (185.267, 478.778)), (58, (183.059, 477.219)), (888, (182.707, 479.446)), (195, (180.92, 476.033)), (503, (184.139, 480.961)), (304, (182.215, 478.495)), (744, (183.823, 478.369)), (770, (181.777, 478.821)), (482, (183.849, 479.986)), (391, (181.349, 477.769)), (893, (182.743, 482.848)), (337, (181.997, 480.36)), (128, (181.955, 480.669)), (895, (180.813, 478.465)), (482, (182.739, 476.554)), (693, (184.459, 477.356)), (748, (183.052, 479.5)), (211, (184.017, 477.605)), (468, (185.726, 482.468)), (262, (647.744, 254.145)), (70, (646.681, 257.917)), (474, (642.022, 256.128)), (555, (648.326, 259.543)), (727, (645.656, 257.086)), (760, (648.355, 258.954)), (40, (647.196, 256.13)), (277, (649.352, 259.488)), (909, (643.659, 259.04)), (545, (647.727, 259.337)), (134, (648.33, 256.324)), (865, (645.863, 254.935)), (629, (648.202, 260.416)), (765, (647.686, 257.588)), (96, (650.756, 257.73)), (414, (645.991, 257.184)), (482, (644.318, 254.362)), (156, (646.335, 257.502)), (30, (648.585, 255.746)), (590, (645.859, 259)), (845, (645.532, 258.095)), (492, (648.476, 260.538)), (957, (648.623, 254.959)), (190, (645.937, 258.857)), (666, (645.995, 258.624)), (718, (646.265, 257.759)), (921, (645.435, 253.155)), (562, (646.381, 256.137)), (781, (645.073, 259.445)), (578, (643.808, 259.565)), (245, (644.435, 256.005)), (877, (645.011, 258.561)), (370, (648.191, 254.05)), (734, (646.622, 257.221)), (219, (646.265, 259.088)), (720, (642.146, 255.218)), (545, (646.03, 257.347)), (305, (644.111, 259.974)), (148, (646.232, 256.989)), (568, (642.893, 255.515)), (844, (646.419, 257.381)), (798, (648.414, 259.003)), (242, (648.097, 255.156)), (535, (641.371, 256.716)), (922, (647.894, 258.66)), (380, (648.946, 261.502)), (988, (645.976, 257.551)), (36, (646.282, 260.795)), (990, (646.408, 258.194)), (270, (648.988, 258.533)), (933, (643.061, 254.661)), (879, (648.379, 256.384)), (918, (647.853, 257.765)), (689, (643.05, 255.582)), (142, (648.376, 257.369)), (936, (647.491, 260.726)), (716, (647.513, 255.974)), (437, (645.785, 257.27)), (691, (647.294, 255.141)), (653, (645.332, 260.287)), (586, (645.668, 257.545)), (332, (643.579, 257.932)), (77, (642.559, 259.894)), (305, (644.13, 257.164)), (956, (649.891, 256.173)), (455, (643.432, 259.333)), (693, (1065.27, 551.399)), (686, (1061.39, 550.8)), (799, (1065.26, 544.812)), (578, (1061.21, 550.308)), (939, (1063.98, 546.212)), (717, (1058.25, 547.115)), (317, (1063.17, 548.073)), (746, (1060.16, 545.517)), (248, (1059.89, 548.87)), (848, (1060.24, 546.588)), (252, (1065.92, 544.399)), (97, (1062.67, 546.294)), (542, (1061.2, 546.641)), (568, (1064.15, 549.779)), (560, (1066.45, 550.823)), (674, (1060.61, 548.248)), (982, (1062.31, 546.305)), (338, (1061.33, 548.832)), (653, (1062.27, 550.512)), (363, (1065.37, 546.827)), (34, (1063.18, 547.086)), (101, (1060.98, 548.457)), (413, (1062.92, 548.525)), (626, (1065.97, 548.145)), (246, (1061.29, 552.123)), (152, (1062.86, 547.825)), (279, (1060.4, 546.1)), (245, (1061.73, 545.782)), (545, (1059.58, 545.544)), (453, (1064.41, 547.609)), (489, (1066.99, 545.483)), (19, (1064.06, 548.484)), (899, (1060.49, 551.805)), (981, (1064.5, 546.693)), (833, (1058.42, 548.02)), (297, (1065.44, 549.539)), (330, (1064.23, 550.497)), (901, (1062.9, 546.962)), (573, (1063.58, 549.545)), (314, (1065.76, 543.978)), (215, (1063.15, 546.562)), (209, (1063.7, 547.526)), (628, (1065.45, 545.434)), (838, (1063.1, 547.957)), (693, (1064.62, 551.364)), (550, (1064.59, 552.437)), (292, (1062.73, 547.085)), (335, (1064.71, 549.331)), (421, (1063.12, 547.955)), (937, (1062.68, 547.36)), (89, (1062.8, 545.451)), (100, (1063.13, 543.229)), (828, (1063.26, 548.409)), (626, (1066.7, 550.674)), (280, (1063.57, 549.479)), (525, (1061.15, 546.809)), (420, (1063, 545.117)), (351, (1063.27, 543.927)), (684, (1060.4, 549.447)), (573, (1066.73, 545.25)), (800, (1064.4, 552.152)), (140, (1063.16, 551.987)), (208, (1065.84, 545.523)), (23, (1060.76, 546.615)), (936, (1062.03, 548.584)), (600, (1061.73, 544.553)), (299, (856.41, 596.25)), (340, (851.215, 599.651)), (452, (856.031, 599.366)), (189, (848.633, 594.152)), (561, (851.961, 597.254)), (810, (851.922, 595.62)), (812, (850.26, 593.707)), (781, (852.018, 600.207)), (888, (854.392, 600.49)), (152, (851.948, 600.984)), (130, (851.098, 596.965)), (781, (853.056, 597.337)), (982, (852.893, 598.902)), (820, (852.124, 600.579)), (51, (847.962, 596.146)), (146, (851.908, 596.709)), (829, (850.634, 599.311)), (726, (852.382, 599.022)), (500, (852.151, 594.807)), (201, (851.041, 598.353)), (478, (850.687, 595.726)), (204, (851.104, 600.057)), (364, (852.099, 594.193)), (84, (851.698, 601.156)), (304, (849.159, 597.176)), (864, (847.847, 597.098)), (293, (849.092, 600.45)), (346, (852.003, 597.662)), (144, (853.032, 594.785)), (749, (852.819, 597.846)), (177, (850.404, 598.01)), (762, (848.942, 596.858)), (242, (855.386, 598.947)), (470, (850.87, 599.648)), (735, (855.907, 597.354)), (749, (852.766, 599.044)), (500, (854.2, 598.503)), (362, (853.39, 598.905)), (314, (854.657, 597.838)), (125, (855.43, 598.979)), (935, (849.447, 593.536)), (481, (850.866, 598.294)), (889, (852.978, 593.803)), (23, (852.716, 597.898)), (860, (852.135, 596.837)), (677, (855.625, 599.524)), (147, (852.074, 597.4)), (728, (850.957, 598.57)), (211, (852.481, 598.596)), (223, (851.659, 601.426)), (858, (854.526, 597.004)), (163, (854.139, 601.206)), (528, (850.995, 597.755)), (221, (850.804, 600.668)), (137, (855.107, 599.47)), (509, (852.111, 598.055)), (518, (851.748, 596.996)), (274, (855.073, 597.055)), (460, (851.853, 597.626)), (196, (852.571, 601.844)), (153, (852.059, 600.619)), (216, (848.218, 598.057)), (573, (847.31, 596.375)), (371, (850.191, 594.637)), (516, (850.974, 598.283)), (358, (851.17, 596.67)), (834, (1055.54, 628.469)), (245, (1053.08, 629.063)), (696, (1052.76, 627.883)), (937, (1050.34, 626.682)), (145, (1050.38, 625.653)), (336, (1055.49, 631.146)), (894, (1053.81, 629.888)), (183, (1049.95, 632.247)), (127, (1052.86, 628.917)), (169, (1057.08, 630.506)), (537, (1053.16, 628.668)), (985, (1052.58, 630.878)), (435, (1052.12, 627.851)), (357, (1050.88, 626.609)), (347, (1056.28, 630.649)), (417, (1051.47, 628.941)), (639, (1051.63, 627.984)), (988, (1053.1, 628.815)), (872, (1056.35, 631.255)), (737, (1052.82, 629.035)), (796, (1052.77, 628.464)), (65, (1052.56, 624.261)), (188, (1053.48, 632.057)), (96, (1049.75, 632.702)), (480, (1052.16, 628.458)), (64, (1052.99, 628.551)), (165, (1054.36, 624.648)), (44, (1052.98, 628.371)), (742, (1052.39, 625.33)), (324, (1050.62, 632.873)), (798, (1050.06, 629.531)), (806, (1057.5, 628.148)), (440, (1050.96, 624.502)), (66, (1050.61, 630.829)), (606, (1048.83, 626.854)), (312, (1049.59, 632.193)), (156, (1049.4, 629.962)), (57, (1050.93, 627.672)), (406, (1053.63, 628.341)), (407, (1051.95, 629.68)), (728, (1057.15, 629.534)), (426, (1050.66, 625.702)), (372, (1056.22, 629.79)), (269, (1051.99, 632.327)), (19, (1048.86, 631)), (378, (1054.8, 626.937)), (614, (1054.71, 631.406)), (725, (1052.79, 628.552)), (685, (1051.59, 626.339)), (763, (1052.52, 628.469)), (115, (1051.61, 630.748)), (621, (1048.77, 630.574)), (456, (1053.25, 629.159)), (876, (1054.69, 631.947)), (85, (1051.95, 630.405)), (168, (1055.69, 626.804)), (65, (1056.41, 626.325)), (626, (1052.2, 629.361)), (287, (1051.15, 629.403)), (495, (1056.58, 625.961)), (738, (1048.97, 626.739)), (230, (1052.74, 626.719)), (672, (1050.46, 627.791)), (980, (1053.96, 626.476)), (998, (1056.7, 629.203)), (865, (1050.51, 625.272)), (208, (1052.58, 628.468)), (133, (1053.44, 627.557)), (597, (1051.58, 633.184)), (644, (1053.93, 625.831)), (277, (1052.61, 628.651)), (609, (1053.89, 626.117)), (975, (1052.45, 629.058)), (615, (1052.79, 627.684)), (291, (1055.38, 630.871)), (291, (1050.89, 631.686)), (0, (701.024, 473.665)), (1, (696.699, 184.82)), (2, (676.561, 362.353)), (3, (676.191, 476.19)), (4, (701.457, 145.312)), (5, (739.599, 352.6)), (6, (712.159, 441.897)), (7, (683.065, 184.895)), (8, (747.219, 492.704)), (9, (719.305, 172.031)), (10, (685.887, 151.696)), (11, (688.552, 196.555)), (12, (735.483, 571.207)), (13, (727.921, 449.759)), (14, (735.488, 461.22)), (15, (744.71, 210.228)), (16, (715.19, 501.981)), (17, (703.301, 487.042)), (18, (709.667, 365.21)), (19, (723.337, 339.314)), (20, (735.522, 376.64)), (21, (740.19, 345.266)), (22, (702.597, 301.718)), (23, (676.551, 335.416)), (24, (748.467, 276.61)), (25, (698.751, 396.948)), (26, (736.229, 394.947)), (27, (713.964, 374.972)), (28, (733.078, 138.365)), (29, (714.318, 536.521)), (30, (677.159, 505.481)), (31, (695.923, 170.63)), (32, (712.296, 579.179)), (33, (685.683, 173.517)), (34, (735.053, 211.453)), (35, (699.383, 525.527)), (36, (693.946, 562.304)), (37, (741.885, 410.621)), (38, (683.228, 220.385)), (39, (740.049, 266.258)), (40, (682.649, 329.128)), (41, (696.967, 553.073)), (42, (741.276, 306.56)), (43, (693.072, 249.028)), (44, (707.093, 566.229)), (45, (689.447, 520.589)), (46, (729.405, 253.96)), (47, (737.918, 512.337)), (48, (713.455, 222.25)), (49, (748.911, 191.685)), (50, (732.853, 341.692)), (51, (739.328, 410.232)), (52, (713.104, 281.791)), (53, (675.548, 462.246)), (54, (687.961, 459.237)), (55, (712.74, 519.096)), (56, (698.126, 492.002)), (57, (717.908, 256.86)), (58, (747.49, 296.021)), (59, (726.514, 534.207)), (60, (679.937, 564.69)), (61, (682.471, 525.038)), (62, (713.138, 183.61)), (63, (686.792, 393.404)), (64, (702.021, 165.177)), (65, (703.931, 476.33)), (66, (740.69, 425.23)), (67, (747.317, 243.87)), (68, (721.52, 475.581)), (69, (700.56, 204.62)), (70, (737.053, 538.227)), (71, (720.306, 163.767)), (72, (707.431, 144.145)), (73, (689.719, 390.495)), (74, (685.376, 438.208)), (75, (702.609, 516.577)), (76, (714.3, 204.791)), (77, (713.781, 138.791)), (78, (747.151, 269.172)), (79, (725.686, 447.094)), (80, (717.806, 479.185)), (81, (696.719, 155.022)), (82, (725.081, 371.301)), (83, (723.617, 293.993)), (84, (674.556, 163.878)), (85, (721.15, 417.838)), (86, (729.857, 181.505)), (87, (742.675, 159.101)), (88, (717.321, 491.68)), (89, (697.397, 318.702)), (90, (677.838, 312.235)), (91, (707.398, 133.042)), (92, (709.469, 503.193)), (93, (678.168, 173.992)), (94, (681.612, 415.293)), (95, (704.088, 327.748)), (96, (706.065, 303.352)), (97, (728.481, 284.181)), (98, (746.47, 494.537)), (99, (717.609, 503.953))]
.Points in Stream in the region to search :[0, 1, 2, 3, 4, 5, 6, 7, 8, 8, 9, 10, 11, 12, 13, 14, 14, 15, 15, 16, 17, 18, 19, 20, 21, 22, 23, 24, 24, 25, 26, 27, 28, 29, 30, 31, 32, 33, 34, 35, 36, 37, 38, 39, 40, 41, 41, 42, 43, 44, 45, 46, 47, 48, 49, 50, 51, 52, 53, 53, 54, 55, 56, 57, 58, 59, 60, 61, 62, 63, 64, 64, 65, 65, 66, 67, 68, 69, 69, 70, 71, 71, 72, 73, 74, 75, 76, 77, 78, 79, 80, 81, 82, 83, 84, 85, 86, 86, 87, 88, 89, 90, 91, 92, 93, 94, 95, 96, 97, 98, 98, 99, 105, 115, 120, 123, 123, 143, 166, 166, 171, 180, 181, 184, 200, 202, 202, 205, 221, 223, 228, 233, 302, 302, 315, 343, 370, 413, 439, 450, 461, 512, 516, 528, 534, 560, 575, 577, 657, 660, 681, 685, 745, 772, 787, 796, 801, 804, 833, 851, 854, 856, 884, 914, 930, 932]
