0.0015
0.0015
0.0015
0.0015
0.0015
0.0015
0.0015
0.0015
0.0015
0.0015
0.0015
0.0015
0.0015
0.0015
0.0015
0.0015
0.0015
0.0015
0.0015
0.0015
0.0015
0.0015
0.0015
0.0015
0.0015
0.0015
0.0015
0.0015
0.0015
0.0015
0.0015
0.0015
0.0015
0.0015
0.0015
0.0015
0.0015
0.0015
0.0015
0.0015
0.0015
0.0015
0.0015
0.0015
0.0015
0.0015
0.0015
0.0015
0.0015
0.0015
0.0015
0.0015
0.0015
0.0015
0.0015
0.0015
0.0015
0.0015
0.0015
0.0015
0.0015
0.0015
0.0015
0.0015
0.0015
0.0015
0.0015
0.0015
0.0015
0.0015
0.0015
0.0015
0.0015
0.0015
0.0015
0.0015
0.0015
0.0015
0.0015
0.0015
0.0015
0.0015
0.0015
0.0015
0.0015
0.0015
0.0015
0.0015
0.0015
0.0015
0.0015
0.0015
0.0015
0.0015
0.0015
0.0015
0.0015
0.0015
0.0015
0.0015
0.0015
0.0015
0.0015
0.0015
0.0015
0.0015
0.0015
0.0015
0.0015
0.0015
0.0015
0.0015
0.0015
0.0015
0.0015
0.0015
0.0015
0.0015
0.0015
0.0015
0.0015
0.0015
0.0015
0.0015
0.0015
0.0015
0.0015
0.0015
0.0015
0.0015
0.0015
0.0015
0.0015
0.0015
0.0015
0.0015
0.0015
0.0015
0.0015
0.0015
0.0015
0.0015
0.0015
0.0015
0.0015
0.0015
0.0015
0.0015
0.0015
0.0015
0.0015
0.0015
0.0015
0.0015
0.0015
0.0015
0.0015
0.0015
0.0015
0.0015
0.0015
0.0015
0.0015
0.0015
0.0015
0.0015
0.0015
0.0015
0.0015
0.0015
0.0015
0.0015
0.0015
0.0015
0.0015
0.0015
0.0015
0.0015
0.0015
0.0015
0.0015
0.0015
0.0015
0.0015
0.0015
0.0015
0.0015
0.0015
0.0015
0.0015
0.0015
0.0015
0.0015
0.0015
0.0015
0.0015
0.0015
0.0015
0.0015
0.0015
0.0015
0.0015
0.0015
0.0015
0.0015
0.0015
0.0015
0.0015
0.0015
0.0015
0.0015
0.0015
0.0015
0.0015
0.0015
0.0015
0.0015
0.0015
0.0015
0.0015
0.0015
0.0015
0.0015
0.0015
0.0015
0.0015
0.0015
0.0015
0.0015
0.0015
0.0015
0.0015
0.0015
0.0015
0.0015
0.0015
0.0015
0.0015
0.0015
0.0015
0.0015
0.0015
0.0015
0.0015
0.0015
0.0015
0.0015
0.0015
0.0015
0.0015
0.0015
0.0015
0.0015
0.0015
0.0015
0.0015
0.0015
0.0015
0.0015
0.0015
0.0015
0.0015
0.0015
0.0015
0.0015
0.0015
0.0015
0.0015
0.0015
0.0015
0.0015
0.0015
0.0015
0.0015
0.0015
0.0015
0.0015
0.0015
0.0015
0.0015
0.0015
0.0015
0.0015
0.0015
0.0015
0.0015
0.0015
0.0015
0.0015
0.0015
0.0015
0.0015
0.0015
0.0015
0.0015
0.0015
0.0015
0.0015
0.0015
0.0015
0.0015
0.0015
0.0015
0.0015
0.0015
0.0015
0.0015
0.0015
0.0015
0.0015
0.0015
0.0015
0.0015
0.0015
0.0015
0.0015
0.0015
0.0015
0.0015
0.0015
0.0015
0.0015
0.0015
0.0015
0.0015
0.0015
0.0046
0.0046
0.0046
0.0046
0.0046
0.0046
0.0046
0.0046
0.0046
0.0046
0.0046
0.0046
0.0046
0.0046
0.0046
0.0046
0.0046
0.0086
0.0086
0.0086
0.0086
0.0086
0.0086
0.0086
0.0086
0.0086
0.0086
0.0086
0.0086
0.0086
0.0086
0.0086
0.0086
0.0086
0.0086
0.0086
0.0086
0.0086
0.0086
0.0086
0.0086
0.0086
0.0086
0.0087
0.0087
0.013
0.013
0.013
0.013
0.013
0.013
0.0159
0.0159
0.0159
0.0159
0.0159
0.0159
0.0159
0.0159
0.0159
0.0159
0.0159
0.0201
0.0201
0.0201
0.0201
0.0201
0.0201
0.0201
0.0201
0.0201
0.0244
0.0244
0.0244
0.0244
0.0244
0.0244
0.0244
0.0244
0.0287
0.0287
0.0287
0.0287
0.0287
0.0287
0.0287
0.0287
0.0346
0.0346
0.0346
0.0346
0.0346
0.0346
0.0346
0.0394
0.0394
0.0394
0.0394
0.0394
0.0439
0.0439
0.0439
0.0439
0.0439
0.0475
0.0475
0.0475
0.0521
0.0522
0.0522
0.0522
0.0522
0.0574
0.0574
0.0574
0.0574
0.0623
0.0623
0.0623
0.0623
0.0623
0.0672
0.0672
0.0672
0.0672
0.0672
0.0713
0.0739
0.0739
0.0739
0.0749
0.0794
0.0794
0.0794
0.0831
0.0831
0.0867
0.0867
0.0911
0.0911
0.0911
0.096
0.096
0.096
0.096
0.1011
0.1011
0.1033
0.1033
0.107
0.107
0.1112
0.1112
0.1112
0.1146
0.1146
0.1201
0.1201
0.1201
0.1241
0.1274
0.1274
0.1316
0.1316
0.1357
0.1357
0.1402
0.1402
0.1448
0.1467
0.1467
0.1517
0.1517
0.1565
0.1565
0.1615
0.1623
0.1673
0.1673
0.1725
0.1725
0.1781
0.1781
0.1817
0.186
0.186
0.19
0.1938
0.1977
0.2016
0.203
0.2081
0.2081
0.2123
0.2154
0.2197
0.2197
0.2253
0.2253
0.2295
0.2333
0.2334
0.239
0.239
0.2434
0.2476
0.2498
0.2551
0.2554
0.2597
0.2632
0.2669
0.268
0.2721
0.2759
0.2786
0.2827
0.2873
0.2873
0.2915
0.2949
0.2985
0.3022
0.3067
0.3088
0.3138
0.3183
0.3219
0.3271
0.3305
0.335
0.3388
0.3427
0.3465
0.3499
0.3543
0.3563
0.3609
0.3632
0.3683
0.3724
0.3764
0.3809
0.3824
0.3871
0.3894
0.3943
0.396
0.4014
0.4029
0.408
0.4117
0.4158
0.4207
0.4256
0.428
0.432
0.4357
0.4399
0.4433
0.4473
0.4497
0.4532
0.4581
0.4606
0.4646
0.469
0.4736
0.4777
0.4821
0.4864
0.4889
0.4928
0.4965
0.5006
0.5027
0.5075
0.5125
0.5169
0.5211
0.5255
0.5304
0.5353
0.5392
0.5432
0.5475
0.5522
0.5548
0.5593
0.5624
0.5669
0.5695
0.574
0.5782
0.5827
0.585
0.5894
0.5935
0.5978
0.603
0.6065
0.6101
0.6141
0.6193
0.6213
0.6259
0.63
0.6347
0.6387
0.6426
0.6447
0.6497
0.6497
0.6551
0.6578
0.6618
0.6648
0.6684
0.6722
0.6757
0.6787
0.6822
0.6863
0.6912
0.6945
0.6955
0.7007
0.7058
0.706
0.7101
0.7129
0.7163
0.72
0.7247
0.7263
0.7309
0.7347
0.7348
0.7407
0.7407
0.7454
0.7498
0.7515
0.7515
0.757
0.76
0.7635
0.7671
0.7698
0.7736
0.7772
0.7779
0.7839
0.7839
0.7897
0.7897
0.7949
0.7949
0.8
0.8
0.8056
0.8056
0.8114
0.8118
0.816
0.8205
0.8205
0.8236
0.8283
0.8283
0.8332
0.8332
0.8377
0.8401
0.8401
0.8451
0.8451
0.8498
0.8498
0.8542
0.8542
0.8594
0.8594
0.8637
0.8637
0.8692
0.8692
0.8692
0.8743
0.8743
0.8791
0.8791
0.8825
0.8855
0.8855
0.89
0.89
0.8936
0.8936
0.8968
0.8968
0.9017
0.9017
0.9017
0.9017
0.9074
0.9074
0.9074
0.9116
0.9116
0.9152
0.9152
0.9152
0.9204
0.9204
0.9204
0.9243
0.9243
0.9276
0.9276
0.9276
0.9321
0.9321
0.9321
0.9321
0.9363
0.9363
0.9402
0.9402
0.9411
0.9411
0.9455
0.9455
0.9455
0.9496
0.9496
0.9496
0.9538
0.9538
0.955
0.955
0.955
0.955
0.9581
0.9581
0.9581
0.9621
0.9621
0.9621
0.9621
0.9621
0.9621
0.9657
0.9657
0.9657
0.9657
0.9657
0.9657
0.9703
0.9703
0.9703
0.9703
0.9703
0.9703
0.9735
0.9735
0.9735
0.9735
0.9735
0.9735
0.9783
0.9783
0.9783
0.9783
0.9783
0.9783
0.9783
0.9783
0.9783
0.9837
0.9837
0.9837
0.9837
0.9837
0.9837
0.9837
0.9837
0.9837
0.9837
0.9837
0.9837
0.9837
0.9889
0.9889
0.9889
0.9889
0.9889
0.9889
0.9889
0.9889
0.9889
0.9889
0.9889
0.9889
0.9889
0.9942
0.9942
0.9942
0.9942
0.9942
0.9942
0.9942
0.9942
0.9942
0.9942
0.9942
0.9942
0.9942
0.9942
0.9942
0.9942
0.9942
0.9942
0.9942
0.9942
0.9942
0.9942
0.9942
0.9942
0.9942
0.9942
0.9942
0.9942
0.9942
0.995
0.995
0.995
0.995
0.995
0.995
0.995
0.995
0.995
0.995
0.995
0.995
0.995
0.995
0.9988
0.9988
0.9988
0.9988
0.9988
0.9988
0.9988
0.9988
0.9988
0.9988
0.9988
0.9988
0.9988
0.9988
0.9988
0.9988
0.9988
0.9988
0.9988
0.9988
0.9988
0.9988
0.9988
0.9988
0.9988
0.9988
0.9988
0.9988
0.9988
0.9988
0.9988
0.9988
0.9988
0.9988
0.9988
0.9988
0.9988
0.9988
0.9988
0.9988
0.9988
0.9988
0.9988
0.9988
0.9988
0.9988
0.9988
0.9988
0.9988
0.9988
0.9988
0.9988
0.9988
0.9988
0.9988
0.9988
0.9988
0.9988
0.9988
0.9988
0.9988
0.9988
0.9988
0.9988
0.9988
0.9988
0.9988
0.9988
0.9988
0.9988
0.9988
0.9988
0.9988
0.9988
0.9988
0.9988
0.9988
0.9988
0.9988
0.9988
0.9988
0.9988
0.9988
0.9988
0.9988
0.9988
0.9988
0.9988
0.9988
0.9988
0.9988
0.9988
0.9988
0.9988
0.9988
0.9988
0.9988
0.9988
0.9988
0.9988
0.9988
0.9988
0.9988
0.9988
0.9988
0.9988
0.9988
0.9988
0.9988
0.9988
0.9988
0.9988
0.9988
0.9988
0.9988
0.9988
0.9988
0.9988
0.9988
0.9988
0.9988
0.9988
0.9988
0.9988
0.9988
0.9988
