0
0
0
0
0
0
0
0
0
0
0
0
0
0
0
0
0
0
0
0
0
0
0
0
0
0
0
0
0
0
0
0
0
0
0
0
0
0
0
0
0
0
0
0
0
0
0
0
0
0
0
0
0
0
0
0
0
0
0
0
0
0
0
0
0
0
0
0
0
0
0
0
0
0
0
0
0
0
0
0
0
0
0
0
0
0
0
0
0
0
0
0
0
0
0
0
0
0
0
0
0
0
0
0
0
0
0
0
0
0
0
0
0
0
0
0
0
0
0
0
0
0
0
0
0
0
0
0
0
0
0
0
0
0
0
0
0
0
0
0
0
0
0
0
0
0
0
0
0
0
0
0
0
0
0
0
0
0
0
0
0
0
0
0
0
0
0
0
0
0
0
0
0
0
0
0
0
0
0
0
0
0
0
0
0
0
0
0
0
0
0
0
0
0
0
0.0001
0.0001
0.0001
0.0001
0.0002
0.0002
0.0002
0.0002
0.0002
0.0002
0.0002
0.0002
0.0002
0.0002
0.0002
0.0002
0.0002
0.0002
0.0002
0.0002
0.0002
0.0002
0.0002
0.0002
0.0002
0.0002
0.0002
0.0002
0.0002
0.0002
0.0002
0.0002
0.0002
0.0002
0.0002
0.0002
0.0002
0.0002
0.0002
0.0002
0.0002
0.0002
0.0002
0.0002
0.0002
0.0002
0.0002
0.0002
0.0002
0.0002
0.0002
0.0002
0.0002
0.0003
0.0003
0.0003
0.0003
0.0003
0.0004
0.0004
0.0005
0.0005
0.0006
0.0006
0.0006
0.0006
0.0006
0.0006
0.0006
0.0006
0.0006
0.0006
0.0006
0.0006
0.0007
0.0007
0.0007
0.0007
0.0007
0.0007
0.0007
0.0007
0.0007
0.0007
0.0008
0.0008
0.0009
0.0009
0.0009
0.0009
0.0009
0.0009
0.0009
0.0009
0.001
0.001
0.001
0.001
0.001
0.0012
0.0012
0.0013
0.0014
0.0014
0.0015
0.0016
0.0016
0.0016
0.0017
0.0017
0.0018
0.0018
0.0018
0.0018
0.0019
0.0019
0.002
0.0021
0.0022
0.0023
0.0023
0.0024
0.0025
0.0027
0.0027
0.0027
0.0027
0.0027
0.0028
0.0029
0.003
0.003
0.0031
0.0032
0.0036
0.0037
0.0039
0.0039
0.0039
0.0042
0.0043
0.0045
0.0046
0.0048
0.0049
0.0049
0.0052
0.0052
0.0055
0.0056
0.0057
0.0058
0.0058
0.006
0.006
0.0061
0.0061
0.0061
0.0065
0.0069
0.0074
0.0076
0.0077
0.0081
0.0086
0.0087
0.009
0.0093
0.0097
0.0102
0.0102
0.0103
0.0105
0.0112
0.0112
0.0113
0.0115
0.0118
0.0121
0.0124
0.0126
0.0126
0.0129
0.0129
0.0132
0.0136
0.014
0.0141
0.0146
0.0149
0.0155
0.0159
0.0164
0.0168
0.0174
0.0177
0.0181
0.0186
0.0187
0.0192
0.0197
0.0201
0.0206
0.0211
0.0216
0.0218
0.0223
0.023
0.0241
0.0243
0.0247
0.0253
0.0262
0.0267
0.0273
0.0279
0.0288
0.0296
0.0303
0.031
0.0317
0.0325
0.0331
0.0335
0.0343
0.0352
0.036
0.0368
0.0376
0.0382
0.0392
0.0406
0.0417
0.0424
0.0432
0.0436
0.0447
0.0453
0.0459
0.0469
0.0486
0.0498
0.0509
0.0517
0.0525
0.0541
0.0552
0.0562
0.0571
0.0579
0.0589
0.0596
0.061
0.0619
0.0629
0.0642
0.0657
0.0669
0.0685
0.0699
0.0709
0.0721
0.0733
0.0752
0.0767
0.0782
0.0804
0.0818
0.0831
0.0849
0.0864
0.0875
0.0894
0.0909
0.0925
0.0944
0.0962
0.0981
0.0999
0.102
0.104
0.1059
0.1078
0.1095
0.1124
0.1136
0.1155
0.1179
0.1197
0.1214
0.1231
0.1244
0.1264
0.1282
0.1301
0.1317
0.1338
0.1362
0.1392
0.141
0.1439
0.1461
0.148
0.1495
0.1514
0.1542
0.1574
0.1605
0.1629
0.1655
0.1677
0.1704
0.1731
0.1764
0.1789
0.1809
0.1844
0.1864
0.1893
0.1926
0.1954
0.1978
0.2009
0.2047
0.2066
0.2099
0.2136
0.2163
0.2188
0.2221
0.2257
0.2282
0.2308
0.2339
0.237
0.241
0.2442
0.2473
0.2511
0.2548
0.2588
0.2618
0.2653
0.2689
0.2727
0.2762
0.2803
0.2842
0.2875
0.2909
0.2937
0.2973
0.3004
0.3044
0.3083
0.3124
0.3158
0.3196
0.3234
0.3268
0.3308
0.3327
0.3365
0.3402
0.3437
0.347
0.3516
0.3555
0.3598
0.3632
0.3671
0.3709
0.3733
0.3777
0.3816
0.3851
0.3893
0.3923
0.3966
0.4009
0.4043
0.4091
0.4124
0.4171
0.4209
0.4255
0.4301
0.4339
0.4385
0.4443
0.4473
0.4506
0.4539
0.4571
0.462
0.4659
0.4693
0.4737
0.4776
0.4811
0.4861
0.4903
0.4927
0.4971
0.5012
0.5047
0.5103
0.5141
0.5181
0.5218
0.5258
0.5302
0.5337
0.5372
0.5405
0.5436
0.5478
0.5523
0.557
0.5612
0.5648
0.569
0.572
0.575
0.5796
0.5835
0.5877
0.5907
0.5947
0.5994
0.6022
0.6059
0.609
0.6131
0.6157
0.6203
0.6245
0.6284
0.6315
0.6352
0.6396
0.6435
0.6464
0.6506
0.6545
0.6581
0.6614
0.6658
0.6696
0.6731
0.677
0.6805
0.6855
0.6891
0.6929
0.695
0.6983
0.7013
0.7047
0.7091
0.7125
0.7162
0.7197
0.7231
0.7268
0.7295
0.7334
0.7363
0.7396
0.7418
0.7453
0.7496
0.7529
0.7569
0.7594
0.7637
0.7665
0.7689
0.7711
0.7737
0.7769
0.7797
0.7824
0.7854
0.7887
0.7925
0.7958
0.798
0.8016
0.8037
0.8062
0.8092
0.8123
0.8147
0.8187
0.8212
0.8231
0.8255
0.8285
0.8304
0.8335
0.8361
0.8383
0.8407
0.8437
0.846
0.8487
0.8515
0.8539
0.8563
0.8587
0.8611
0.8636
0.8653
0.8673
0.8702
0.8713
0.8735
0.8755
0.8769
0.8787
0.8808
0.8819
0.8837
0.8864
0.8884
0.8904
0.8916
0.8933
0.8947
0.896
0.899
0.9007
0.9022
0.9038
0.9055
0.9071
0.9092
0.9112
0.9119
0.9134
0.9146
0.9158
0.918
0.9191
0.9205
0.9215
0.9221
0.9235
0.9246
0.926
0.9273
0.9287
0.9299
0.9315
0.9325
0.9333
0.9345
0.9359
0.9372
0.938
0.9389
0.9398
0.9411
0.9425
0.9431
0.9441
0.9446
0.9458
0.9471
0.9488
0.9503
0.9511
0.9524
0.9535
0.9548
0.9559
0.9568
0.9572
0.958
0.9586
0.9588
0.9597
0.9605
0.9613
0.9617
0.9627
0.9635
0.9642
0.9647
0.9651
0.966
0.9665
0.968
0.969
0.9701
0.9702
0.9705
0.971
0.9716
0.9726
0.9733
0.9741
0.9744
0.9749
0.9754
0.9761
0.9765
0.9768
0.9773
0.978
0.9785
0.979
0.9794
0.9801
0.9805
0.9811
0.9815
0.9819
0.9821
0.9827
0.9831
0.9836
0.984
0.9843
0.9849
0.9851
0.9853
0.9857
0.9859
0.9864
0.9867
0.987
0.9871
0.9876
0.9881
0.9885
0.9888
0.9891
0.9894
0.9902
0.9906
0.9908
0.9911
0.9914
0.9917
0.992
0.9924
0.9925
0.9928
0.9929
0.9932
0.9933
0.9935
0.9937
0.9938
0.9939
0.994
0.9942
0.9945
0.9946
0.9947
0.9947
0.9951
0.9953
0.9953
0.9955
0.9956
0.9958
0.996
0.9962
0.9962
0.9964
0.9964
0.9964
0.9965
0.9965
0.9967
0.9969
0.997
0.9973
0.9975
0.9975
0.9976
0.9976
0.9976
0.9977
0.9977
0.9979
0.9979
0.9979
0.998
0.998
0.998
0.998
0.998
0.9981
0.9981
0.9982
0.9983
0.9983
0.9983
0.9984
0.9984
0.9985
0.9985
0.9987
0.9987
0.9988
0.9988
0.9988
0.999
0.9991
0.9992
0.9992
0.9993
0.9993
0.9993
0.9993
0.9993
0.9993
0.9994
0.9996
0.9996
0.9996
0.9996
0.9996
0.9996
0.9996
0.9996
0.9996
0.9996
0.9996
0.9996
0.9996
0.9996
0.9996
0.9996
0.9997
0.9997
0.9997
0.9997
0.9997
0.9998
0.9999
0.9999
0.9999
0.9999
1
1
1
1
1
1
1
1
1
1
1
1
1
1
1
1
1
1
1
1
1
1
1
1
1
1
1
1
1
1
1
1
1
1
1
1
1
1
1
1
1
1
1
1
1
1
1
1
1
1
1
1
1
1
1
1
1
