0.1309
0.1309
0.1309
0.1309
0.1309
0.1309
0.1309
0.1309
0.1309
0.1309
0.1309
0.1309
0.1309
0.1309
0.1309
0.1309
0.1309
0.1309
0.1309
0.1309
0.1309
0.1309
0.1309
0.1309
0.1309
0.1309
0.1309
0.1309
0.1309
0.1309
0.1309
0.1309
0.1309
0.1309
0.1309
0.1309
0.1309
0.1309
0.1309
0.1309
0.1309
0.1309
0.1309
0.1309
0.1309
0.1309
0.1309
0.1309
0.1309
0.1309
0.1309
0.1309
0.1309
0.1309
0.1309
0.1309
0.1309
0.1309
0.1309
0.1309
0.1309
0.1309
0.1309
0.1309
0.1309
0.1309
0.1309
0.1309
0.1309
0.1309
0.1309
0.1309
0.1309
0.1309
0.1309
0.1309
0.1309
0.1309
0.1309
0.1309
0.1309
0.1309
0.1309
0.1309
0.1309
0.1309
0.1309
0.1309
0.1309
0.1309
0.1309
0.1309
0.1309
0.1309
0.1309
0.1309
0.1309
0.1309
0.1309
0.1309
0.1309
0.1309
0.1309
0.1309
0.1309
0.1309
0.1309
0.1309
0.1309
0.1309
0.1309
0.1309
0.1309
0.1309
0.1309
0.1309
0.1309
0.1309
0.1309
0.1309
0.1309
0.1309
0.1309
0.1309
0.1309
0.1309
0.1309
0.1309
0.1309
0.1309
0.1309
0.1309
0.1309
0.1309
0.1309
0.1309
0.1309
0.1309
0.1309
0.1309
0.1309
0.1309
0.1309
0.1309
0.1309
0.1309
0.1309
0.1309
0.1309
0.1309
0.1309
0.1309
0.1309
0.1309
0.1309
0.1309
0.1309
0.1309
0.1309
0.1309
0.1309
0.1309
0.1309
0.1309
0.1309
0.1309
0.1309
0.1309
0.1309
0.1309
0.1309
0.1309
0.1309
0.1309
0.1309
0.1309
0.1309
0.1309
0.1309
0.1309
0.1309
0.1309
0.1309
0.1309
0.1309
0.1309
0.1309
0.1309
0.1309
0.1309
0.1309
0.1309
0.1309
0.1309
0.1309
0.1308
0.1308
0.1308
0.1308
0.1307
0.1307
0.1307
0.1307
0.1307
0.1307
0.1307
0.1307
0.1307
0.1307
0.1307
0.1307
0.1307
0.1307
0.1307
0.1307
0.1307
0.1307
0.1307
0.1307
0.1307
0.1307
0.1307
0.1307
0.1307
0.1307
0.1307
0.1307
0.1307
0.1307
0.1307
0.1307
0.1307
0.1307
0.1307
0.1307
0.1307
0.1307
0.1307
0.1307
0.1307
0.1307
0.1307
0.1307
0.1307
0.1307
0.1307
0.1307
0.1307
0.1306
0.1306
0.1306
0.1306
0.1306
0.1305
0.1305
0.1304
0.1304
0.1303
0.1303
0.1303
0.1303
0.1303
0.1303
0.1303
0.1303
0.1303
0.1303
0.1303
0.1303
0.1302
0.1302
0.1302
0.1302
0.1302
0.1302
0.1302
0.1302
0.1302
0.1302
0.1301
0.1301
0.13
0.13
0.13
0.13
0.13
0.13
0.13
0.13
0.1299
0.1299
0.1299
0.1299
0.1299
0.1297
0.1297
0.1296
0.1295
0.1295
0.1294
0.1293
0.1293
0.1293
0.1292
0.1292
0.1291
0.1291
0.1291
0.1291
0.129
0.129
0.1289
0.1288
0.1287
0.1286
0.1286
0.1285
0.1284
0.1282
0.1282
0.1282
0.1282
0.1282
0.1281
0.128
0.1279
0.1279
0.1278
0.1277
0.1273
0.1272
0.127
0.127
0.127
0.1267
0.1266
0.1264
0.1263
0.1261
0.126
0.126
0.1257
0.1257
0.1254
0.1253
0.1252
0.1251
0.1251
0.1249
0.1249
0.1248
0.1248
0.1248
0.1244
0.124
0.1235
0.1233
0.1232
0.1228
0.1223
0.1222
0.1219
0.1216
0.1212
0.1207
0.1207
0.1206
0.1204
0.1197
0.1197
0.1196
0.1194
0.1191
0.1188
0.1185
0.1183
0.1183
0.118
0.118
0.1177
0.1173
0.1169
0.1168
0.1163
0.116
0.1154
0.115
0.1145
0.1141
0.1135
0.1132
0.1128
0.1123
0.1122
0.1117
0.1112
0.1108
0.1103
0.1098
0.1093
0.1091
0.1086
0.1079
0.1068
0.1066
0.1062
0.1056
0.1047
0.1042
0.1036
0.103
0.1021
0.1013
0.1006
0.0999
0.0992
0.0984
0.0978
0.0974
0.0966
0.0957
0.0949
0.0941
0.0933
0.0927
0.0917
0.0903
0.0892
0.0885
0.0877
0.0873
0.0862
0.0856
0.085
0.084
0.0823
0.0811
0.08
0.0792
0.0784
0.0768
0.0757
0.0747
0.0738
0.073
0.072
0.0713
0.0699
0.069
0.068
0.0667
0.0652
0.064
0.0624
0.061
0.06
0.0588
0.0576
0.0557
0.0542
0.0527
0.0505
0.0491
0.0478
0.046
0.0445
0.0434
0.0415
0.04
0.0384
0.0365
0.0347
0.0328
0.031
0.0289
0.0269
0.025
0.0231
0.0214
0.0185
0.0173
0.0154
0.013
0.0112
0.0095
0.0078
0.0065
0.0045
0.0027
0.0008
0.0008
0.0029
0.0053
0.0083
0.0101
0.013
0.0152
0.0171
0.0186
0.0205
0.0233
0.0265
0.0296
0.032
0.0346
0.0368
0.0395
0.0422
0.0455
0.048
0.05
0.0535
0.0555
0.0584
0.0617
0.0645
0.0669
0.07
0.0738
0.0757
0.079
0.0827
0.0854
0.0879
0.0912
0.0948
0.0973
0.0999
0.103
0.1061
0.1101
0.1133
0.1164
0.1202
0.1239
0.1279
0.132
0.1285
0.1249
0.1211
0.1176
0.1135
0.1096
0.1063
0.1029
0.1001
0.0965
0.0934
0.0894
0.0855
0.0814
0.078
0.0742
0.0704
0.067
0.063
0.0611
0.0573
0.0536
0.0501
0.0468
0.0422
0.0383
0.034
0.0306
0.0267
0.0229
0.0205
0.0161
0.0122
0.0087
0.0045
0.0015
0.0028
0.0071
0.0105
0.0153
0.0186
0.0233
0.0271
0.0317
0.0363
0.0401
0.0447
0.0505
0.0535
0.0568
0.0601
0.0633
0.0682
0.0721
0.0755
0.0799
0.0838
0.0873
0.0923
0.0965
0.0989
0.1033
0.1074
0.1109
0.1165
0.1203
0.1243
0.128
0.1069
0.1025
0.099
0.0955
0.0922
0.0891
0.0849
0.0804
0.0757
0.0715
0.0679
0.0637
0.0607
0.0577
0.0531
0.0492
0.045
0.042
0.038
0.0333
0.0305
0.0268
0.0237
0.0196
0.017
0.0124
0.0082
0.0043
0.0012
0.0025
0.0069
0.0108
0.0137
0.0179
0.0218
0.0254
0.0287
0.0331
0.0369
0.0404
0.0443
0.0478
0.0528
0.0564
0.0602
0.0623
0.0656
0.0686
0.072
0.0764
0.0798
0.0835
0.087
0.0904
0.0941
0.0968
0.1007
0.1036
0.1302
0.128
0.1245
0.1202
0.1169
0.1129
0.1104
0.1061
0.1033
0.1009
0.0987
0.0961
0.0929
0.0901
0.0874
0.0844
0.0811
0.0773
0.074
0.0718
0.0682
0.0661
0.0636
0.0606
0.0575
0.0551
0.0511
0.0486
0.0467
0.0443
0.0413
0.0394
0.0363
0.0337
0.0315
0.0291
0.0261
0.0238
0.0211
0.0183
0.0159
0.0135
0.0111
0.0087
0.0062
0.0045
0.0025
0.0004
0.0015
0.0037
0.0057
0.0071
0.0089
0.011
0.0121
0.0139
0.0166
0.0186
0.0206
0.0218
0.0235
0.0249
0.0262
0.0292
0.0309
0.0324
0.034
0.0357
0.0373
0.0394
0.0414
0.0421
0.0436
0.0448
0.046
0.0482
0.0493
0.0507
0.0517
0.0523
0.0537
0.0548
0.0562
0.0575
0.0589
0.0601
0.0617
0.0627
0.0635
0.0647
0.0661
0.0674
0.0682
0.0691
0.07
0.0713
0.0727
0.0733
0.0743
0.0748
0.076
0.0773
0.079
0.0805
0.0813
0.0826
0.0837
0.085
0.0861
0.087
0.0874
0.0882
0.0888
0.089
0.0899
0.0907
0.0915
0.0919
0.0929
0.0937
0.0944
0.0949
0.0953
0.0962
0.0967
0.0982
0.0992
0.1003
0.1004
0.1007
0.1012
0.1018
0.1028
0.1035
0.1043
0.1046
0.1051
0.1056
0.1063
0.1067
0.107
0.1075
0.1082
0.1087
0.1092
0.1096
0.1103
0.1107
0.1113
0.1117
0.1121
0.1123
0.1129
0.1133
0.1138
0.1142
0.1145
0.1151
0.1153
0.1155
0.1159
0.1161
0.1166
0.1169
0.1172
0.1173
0.1178
0.1183
0.1187
0.119
0.1193
0.1196
0.1204
0.1208
0.121
0.1213
0.1216
0.1219
0.1222
0.1226
0.1227
0.123
0.1231
0.1234
0.1235
0.1237
0.1239
0.124
0.1241
0.1242
0.1244
0.1247
0.1248
0.1249
0.1249
0.1253
0.1255
0.1255
0.1257
0.1258
0.126
0.1262
0.1264
0.1264
0.1266
0.1266
0.1266
0.1267
0.1267
0.1269
0.1271
0.1272
0.1275
0.1277
0.1277
0.1278
0.1278
0.1278
0.1279
0.1279
0.1281
0.1281
0.1281
0.1282
0.1282
0.1282
0.1282
0.1282
0.1283
0.1283
0.1284
0.1285
0.1285
0.1285
0.1286
0.1286
0.1287
0.1287
0.1289
0.1289
0.129
0.129
0.129
0.1292
0.1293
0.1294
0.1294
0.1295
0.1295
0.1295
0.1295
0.1295
0.1295
0.1296
0.1298
0.1298
0.1298
0.1298
0.1298
0.1298
0.1298
0.1298
0.1298
0.1298
0.1298
0.1298
0.1298
0.1298
0.1298
0.1298
0.1299
0.1299
0.1299
0.1299
0.1299
0.13
0.1301
0.1301
0.1301
0.1301
0.1302
0.1302
0.1302
0.1302
0.1302
0.1302
0.1302
0.1302
0.1302
0.1302
0.1302
0.1302
0.1302
0.1302
0.1302
0.1302
0.1302
0.1302
0.1302
0.1302
0.1302
0.1302
0.1302
0.1302
0.1302
0.1302
0.1302
0.1302
0.1302
0.1302
0.1302
0.1302
0.1302
0.1302
0.1302
0.1302
0.1302
0.1302
0.1302
0.1302
0.1302
0.1302
0.1302
0.1302
0.1302
0.1302
0.1302
0.1302
0.1302
0.1302
0.1302
0.1302
0.1302
0.1302
0.1302
0.1302
0.1302
