0
0
0
0
0
0
0
0
0
0
0
0
0
0
0
0
0
0
0
0
0
0
0
0
0
0
0
0
0
0
0
0
0
0
0
0
0
0
0
0
0
0
0
0
0
0
0
0
0
0
0
0
0
0
0
0
0
0
0
0
0
0
0
0
0
0
0
0
0
0
0
0
0
0
0
0
0
0
0
0
0
0
0
0
0
0
0
0
0
0
0
0
0
0
0
0
0
0
0
0
0
0
0
0
0
0
0
0
0
0
0
0
0
0
0
0
0
0
0
0
0
0
0
0
0
0
0
0
0
0
0
0
0
0
0
0
0
0
0
0
0
0
0
0
0
0
0
0
0
0
0
0
0
0
0
0
0
0
0
0
0
0
0
0
0
0
0
0
0.0001
0.0001
0.0001
0.0001
0.0001
0.0001
0.0001
0.0001
0.0001
0.0001
0.0001
0.0001
0.0001
0.0001
0.0001
0.0001
0.0001
0.0001
0.0001
0.0001
0.0001
0.0001
0.0001
0.0001
0.0001
0.0001
0.0001
0.0001
0.0001
0.0001
0.0001
0.0001
0.0001
0.0001
0.0001
0.0001
0.0001
0.0001
0.0001
0.0001
0.0001
0.0001
0.0001
0.0001
0.0001
0.0001
0.0001
0.0001
0.0001
0.0001
0.0001
0.0001
0.0001
0.0001
0.0001
0.0001
0.0001
0.0001
0.0001
0.0001
0.0001
0.0001
0.0001
0.0001
0.0001
0.0001
0.0001
0.0001
0.0001
0.0001
0.0001
0.0001
0.0001
0.0001
0.0002
0.0002
0.0002
0.0002
0.0002
0.0002
0.0002
0.0002
0.0003
0.0003
0.0003
0.0003
0.0003
0.0003
0.0003
0.0003
0.0003
0.0003
0.0004
0.0004
0.0005
0.0005
0.0005
0.0005
0.0005
0.0005
0.0005
0.0005
0.0005
0.0005
0.0006
0.0006
0.0006
0.0006
0.0007
0.0007
0.0007
0.0007
0.0007
0.0007
0.0007
0.0007
0.0007
0.0007
0.0007
0.0007
0.0008
0.0009
0.0009
0.0009
0.0009
0.0009
0.0009
0.0009
0.0009
0.0011
0.0011
0.0011
0.0013
0.0013
0.0014
0.0016
0.0017
0.0018
0.0019
0.0019
0.002
0.002
0.0021
0.0021
0.0021
0.0022
0.0022
0.0022
0.0023
0.0024
0.0025
0.0028
0.0029
0.0029
0.0029
0.003
0.0031
0.0031
0.0031
0.0033
0.0037
0.0037
0.0039
0.0041
0.0042
0.0042
0.0042
0.0045
0.0045
0.0047
0.0048
0.005
0.0053
0.0055
0.0056
0.0057
0.0061
0.0062
0.0065
0.0066
0.0069
0.0069
0.0071
0.0072
0.0075
0.0075
0.0075
0.0075
0.0075
0.0076
0.0077
0.0082
0.0084
0.0087
0.0088
0.009
0.0094
0.01
0.0105
0.0108
0.0109
0.0112
0.0114
0.0115
0.012
0.0122
0.0125
0.0129
0.0135
0.014
0.0144
0.0148
0.0151
0.0153
0.0154
0.0161
0.0164
0.017
0.0173
0.0179
0.0183
0.0189
0.0192
0.0197
0.0201
0.0205
0.0207
0.0208
0.0213
0.0219
0.0226
0.023
0.0234
0.0237
0.0242
0.0246
0.0256
0.0262
0.0267
0.0273
0.0281
0.0285
0.0294
0.0302
0.0308
0.0317
0.0326
0.0332
0.0345
0.0354
0.0358
0.0368
0.0375
0.0385
0.039
0.04
0.0408
0.0413
0.0423
0.0437
0.0444
0.0453
0.0465
0.0473
0.0483
0.0493
0.0505
0.052
0.0532
0.0541
0.055
0.0561
0.0573
0.0587
0.0601
0.0613
0.062
0.063
0.0636
0.0646
0.0658
0.0664
0.0672
0.0681
0.0697
0.0714
0.0733
0.0742
0.0757
0.0774
0.0788
0.0802
0.0815
0.0831
0.0846
0.0866
0.0887
0.0899
0.0917
0.0934
0.0946
0.0958
0.0974
0.0986
0.1004
0.1027
0.1044
0.1056
0.1076
0.1085
0.1106
0.1112
0.1132
0.1154
0.1172
0.119
0.1206
0.1229
0.125
0.1274
0.1295
0.1317
0.1336
0.1357
0.1379
0.1402
0.1425
0.1452
0.1471
0.1492
0.1518
0.1542
0.1565
0.1588
0.1616
0.1649
0.1675
0.1698
0.1717
0.1752
0.1778
0.1806
0.1834
0.1858
0.1883
0.1915
0.1963
0.199
0.2021
0.2053
0.2082
0.2109
0.2137
0.2171
0.2198
0.2225
0.2258
0.2278
0.2306
0.233
0.2364
0.239
0.2417
0.2451
0.2489
0.2522
0.2551
0.2583
0.2615
0.2645
0.2674
0.2706
0.2739
0.2774
0.2808
0.2846
0.2877
0.2899
0.293
0.2968
0.3001
0.3041
0.3073
0.3113
0.3162
0.3196
0.3246
0.3287
0.3326
0.3372
0.3408
0.3445
0.3481
0.3514
0.355
0.3587
0.3619
0.3661
0.3706
0.3743
0.3783
0.3817
0.3848
0.3885
0.3915
0.395
0.3987
0.4016
0.4055
0.4093
0.4139
0.4183
0.4231
0.4267
0.4303
0.4336
0.4376
0.4417
0.4451
0.4484
0.4514
0.4553
0.4593
0.4629
0.4664
0.4715
0.4754
0.4798
0.4844
0.4878
0.4909
0.4947
0.4981
0.5018
0.5051
0.51
0.5148
0.519
0.523
0.5278
0.5329
0.5373
0.5408
0.5452
0.55
0.5531
0.5574
0.5607
0.5643
0.5683
0.5716
0.576
0.5808
0.5834
0.5875
0.5914
0.5956
0.5999
0.6053
0.6083
0.6117
0.615
0.621
0.6239
0.6278
0.6321
0.6371
0.6403
0.6435
0.6469
0.6494
0.6526
0.6567
0.6601
0.6634
0.6663
0.6703
0.6736
0.6768
0.6806
0.6839
0.6886
0.6922
0.695
0.6983
0.7029
0.7053
0.7086
0.7118
0.7146
0.7179
0.7221
0.7254
0.729
0.7322
0.7349
0.7378
0.7409
0.7436
0.747
0.75
0.7522
0.7543
0.7591
0.7618
0.765
0.7684
0.7716
0.775
0.777
0.7808
0.7846
0.7869
0.79
0.7925
0.7946
0.7972
0.7998
0.8027
0.8057
0.8086
0.8109
0.8145
0.817
0.82
0.8227
0.8253
0.8285
0.8309
0.8331
0.8355
0.8383
0.8403
0.8427
0.8448
0.8478
0.8499
0.8517
0.8539
0.8566
0.8585
0.8617
0.8642
0.8665
0.8681
0.8698
0.872
0.8746
0.8768
0.8791
0.8813
0.883
0.8858
0.8879
0.8901
0.8915
0.893
0.8952
0.8975
0.8989
0.9003
0.9016
0.9029
0.9045
0.9066
0.9085
0.9104
0.9112
0.9127
0.914
0.9156
0.9178
0.9193
0.9211
0.9223
0.9242
0.9258
0.9271
0.9285
0.9297
0.9309
0.9317
0.9332
0.9346
0.9359
0.9375
0.9387
0.9406
0.9422
0.9435
0.9453
0.9465
0.9474
0.9489
0.9503
0.9516
0.9527
0.9538
0.9547
0.9556
0.9565
0.9575
0.9589
0.9595
0.96
0.9606
0.9615
0.9617
0.9626
0.9636
0.9642
0.9649
0.9654
0.966
0.9665
0.9676
0.9679
0.9687
0.9693
0.9702
0.971
0.9717
0.9723
0.9732
0.9738
0.9741
0.9745
0.9748
0.9755
0.9762
0.9771
0.9777
0.9784
0.9791
0.9793
0.98
0.9805
0.981
0.9816
0.9822
0.9823
0.9828
0.9829
0.9833
0.9835
0.9836
0.9837
0.9841
0.9847
0.9856
0.9865
0.9867
0.9874
0.9879
0.9881
0.9884
0.9888
0.9892
0.9897
0.9898
0.9902
0.9902
0.9908
0.9914
0.9917
0.9919
0.9923
0.993
0.9933
0.9934
0.9936
0.9936
0.9938
0.9939
0.9944
0.9944
0.9944
0.9946
0.9948
0.9949
0.9953
0.9954
0.9956
0.9956
0.9956
0.9956
0.9956
0.9957
0.996
0.9962
0.9963
0.9964
0.9964
0.9968
0.9969
0.9971
0.9972
0.9973
0.9973
0.9974
0.9974
0.9975
0.9975
0.9976
0.9976
0.9977
0.9977
0.9978
0.9979
0.9979
0.998
0.998
0.998
0.9981
0.9982
0.9983
0.9985
0.9985
0.9986
0.9986
0.9987
0.9987
0.9987
0.9988
0.9988
0.9988
0.9988
0.9988
0.9988
0.9989
0.9989
0.9989
0.9989
0.999
0.999
0.999
0.9991
0.9991
0.9991
0.9991
0.9991
0.9991
0.9991
0.9991
0.9992
0.9992
0.9993
0.9993
0.9993
0.9994
0.9994
0.9995
0.9995
0.9995
0.9995
0.9995
0.9995
0.9995
0.9995
0.9995
0.9996
0.9996
0.9996
0.9996
0.9996
0.9997
0.9997
0.9997
0.9997
0.9997
0.9997
0.9997
0.9997
0.9997
0.9998
0.9998
0.9998
0.9998
0.9998
0.9998
0.9998
0.9998
0.9998
0.9998
0.9998
0.9998
0.9998
0.9998
0.9998
0.9998
0.9998
0.9998
0.9998
0.9998
0.9998
0.9998
0.9998
0.9998
0.9998
0.9998
0.9999
0.9999
0.9999
0.9999
0.9999
0.9999
0.9999
0.9999
0.9999
0.9999
0.9999
0.9999
0.9999
0.9999
0.9999
0.9999
0.9999
0.9999
0.9999
0.9999
0.9999
0.9999
1
1
1
1
1
1
1
1
1
1
