618
605
663
546
536
536
737
599
613
425
583
457
614
572
683
657
677
729
668
570
528
540
642
452
577
408
512
675
712
538
575
647
614
647
853
788
508
606
654
664
408
553
435
755
605
667
487
565
470
676
677
628
537
587
647
447
692
560
590
714
503
767
410
485
746
663
425
549
517
556
360
781
588
621
673
660
667
626
471
696
602
514
520
773
534
436
757
753
627
487
835
723
638
597
504
678
511
666
541
717
596
544
618
481
610
767
679
771
606
538
503
680
533
588
767
778
464
752
592
500
576
560
663
574
660
588
643
474
526
561
599
576
712
533
454
690
768
440
633
592
535
608
585
652
562
719
646
583
680
513
667
427
657
532
565
687
551
607
602
642
520
781
540
551
793
522
609
553
650
571
609
728
630
548
599
623
569
602
278
564
623
697
535
754
634
715
824
523
472
773
500
581
365
717
507
623
576
514
549
414
416
665
444
585
731
570
583
626
551
459
675
643
701
688
536
719
776
607
789
833
718
784
522
559
671
602
655
552
563
586
699
763
412
506
666
795
727
570
720
546
570
695
697
546
643
534
689
552
610
643
656
654
747
458
492
637
413
512
667
598
530
659
437
669
590
755
506
466
665
643
571
448
703
661
532
569
580
553
440
515
642
514
789
529
648
592
539
753
545
416
581
849
532
762
536
648
523
618
447
525
610
642
550
589
764
547
418
571
540
707
706
622
591
523
574
678
543
722
561
597
680
611
575
626
847
420
545
583
632
645
534
660
763
410
633
559
712
770
604
700
401
593
470
626
352
454
557
685
629
576
614
677
740
489
692
703
561
598
661
617
617
527
620
600
572
542
502
675
665
579
538
655
632
565
702
570
506
627
547
430
668
696
644
335
606
516
713
798
722
410
718
572
513
531
549
658
699
680
440
705
591
793
662
609
615
742
758
562
524
417
479
469
533
501
706
581
583
505
547
615
420
694
561
685
565
531
549
506
613
692
633
636
858
840
767
701
514
463
517
584
531
599
620
618
491
597
497
718
485
804
656
550
515
744
653
542
509
844
547
810
606
576
619
464
633
662
841
515
658
638
688
731
632
706
679
665
782
393
638
757
470
691
425
616
758
575
590
548
645
653
460
741
610
717
581
725
725
608
573
765
513
541
622
606
501
635
608
654
514
542
735
411
625
864
657
520
782
558
776
627
493
584
421
539
797
689
649
697
639
565
638
580
512
495
570
725
667
713
555
638
582
414
580
571
609
769
815
600
599
622
592
644
605
588
597
480
583
623
477
457
623
675
737
590
583
531
819
700
293
600
481
581
610
503
751
432
766
592
424
610
711
653
629
672
455
532
435
504
681
703
621
780
649
509
731
533
645
646
744
703
565
688
646
589
537
469
798
724
579
702
543
688
682
588
597
583
477
675
515
613
717
540
718
685
599
613
555
564
551
553
737
576
635
514
561
728
448
590
424
673
688
570
644
572
478
817
905
612
534
367
841
634
483
707
725
552
734
563
677
609
624
554
595
621
635
452
709
709
653
528
624
605
388
564
705
546
674
731
668
607
574
665
660
546
516
615
557
476
473
861
558
522
629
662
679
662
549
544
527
699
558
571
509
589
615
529
730
682
811
630
302
642
472
774
679
597
395
633
577
540
473
634
500
688
534
537
577
532
510
514
494
623
595
714
422
664
474
415
655
624
751
520
552
613
600
634
594
678
608
582
560
551
472
773
731
719
517
667
675
498
530
573
675
666
538
645
587
582
631
611
740
608
666
514
704
465
489
492
459
702
831
696
649
600
673
583
591
608
534
646
531
496
480
513
614
611
746
637
695
642
520
646
663
635
520
477
698
606
542
646
695
501
711
611
574
557
659
643
489
655
588
707
501
793
552
677
748
515
718
628
519
587
477
584
826
703
591
593
608
764
664
581
658
577
709
508
649
689
674
440
644
612
574
526
599
738
640
641
493
379
706
429
581
578
684
556
533
590
699
630
573
509
533
752
686
747
549
526
569
783
614
635
474
543
732
483
523
656
547
447
650
514
574
577
454
715
567
466
686
514
535
734
684
561
450
500
661
430
626
483
768
561
552
549
490
551
690
609
507
635
512
556
590
490
378
595
535
752
575
561
591
618
942
620
575
715
437
640
573
539
615
654
538
635
474
681
584
717
455
611
580
800
768
418
583
663
707
485
511
560
568
645
632
466
718
642
521
652
415
653
576
627
730
712
518
688
652
482
794
579
662
487
579
770
632
706
598
383
313
497
625
613
756
520
500
752
720
632
662
572
533
492
556
725
488
546
620
586
447
707
535
600
571
578
626
567
785
691
815
619
591
420
649
689
452
668
834
629
780
616
548
628
830
644
636
667
460
749
658
659
520
530
541
565
512
481
643
612
599
641
544
778
539
629
636
787
582
610
517
598
659
738
482
582
518
525
720
589
810
613
463
484
706
679
703
605
616
543
647
529
716
354
594
609
502
794
590
554
632
874
666
545
538
560
764
596
734
751
530
569
524
691
692
693
551
636
611
677
616
521
821
745
635
576
570
460
452
544
340
529
553
753
592
501
481
686
529
728
781
476
462
773
507
471
690
626
544
405
627
776
559
558
735
620
417
595
677
655
620
554
576
501
504
622
357
695
632
672
749
706
459
695
656
601
550
529
652
561
604
701
578
551
499
566
617
562
716
737
685
431
588
693
646
670
606
752
632
562
652
524
470
725
638
608
580
562
577
577
486
708
573
498
791
551
402
691
493
586
574
665
534
539
689
545
637
630
600
611
678
564
430
557
805
704
762
345
639
570
414
513
612
589
631
599
652
586
416
696
613
842
604
653
662
473
473
653
657
428
726
709
448
667
488
483
472
512
548
707
408
679
565
668
687
472
742
564
516
685
680
538
363
503
774
516
509
616
697
601
573
614
410
637
611
552
611
501
678
531
556
637
698
570
748
516
650
614
639
597
572
525
693
548
529
532
539
629
673
551
652
539
708
601
712
534
699
660
575
529
568
698
688
758
519
701
620
622
710
621
344
544
719
534
441
654
559
622
597
729
474
725
324
548
479
601
579
406
634
472
579
491
562
669
507
600
560
728
527
668
563
661
564
597
690
613
657
543
627
672
648
734
668
536
565
717
588
406
699
453
520
647
494
551
454
601
317
636
557
484
574
633
642
505
509
424
693
492
518
606
371
643
441
604
637
709
635
682
546
580
665
691
676
600
652
388
617
317
482
596
691
732
830
814
611
453
559
669
619
409
758
619
515
681
622
590
532
694
810
778
596
613
688
398
565
520
517
642
590
640
526
641
695
875
532
497
473
545
696
726
806
541
673
425
665
547
763
512
543
533
502
696
771
646
744
761
661
714
795
592
701
758
636
678
472
602
667
786
750
705
718
653
770
698
670
533
616
731
459
646
674
583
638
590
472
796
625
568
640
709
603
588
435
473
737
639
475
517
587
691
619
635
718
882
627
614
685
469
547
639
589
692
717
682
654
460
623
667
697
804
675
835
604
590
496
573
659
714
579
580
671
443
650
654
667
757
672
328
446
805
848
556
512
605
594
502
611
551
526
760
440
579
615
538
461
563
841
656
708
714
600
435
517
395
690
567
705
504
890
807
709
501
418
666
655
680
453
670
534
602
679
774
625
650
644
337
454
817
654
401
650
593
623
425
580
643
682
791
704
655
624
439
507
682
624
656
543
746
496
461
643
547
594
494
776
713
581
547
735
671
725
648
547
470
533
349
483
663
672
562
646
505
634
630
445
770
526
723
556
522
468
594
563
632
637
720
639
672
592
588
723
629
702
471
542
569
558
426
367
687
471
550
460
564
460
711
614
609
427
763
770
701
714
499
506
551
539
601
645
512
688
527
563
653
453
708
738
670
721
499
684
463
600
696
552
515
510
580
795
686
635
407
838
615
592
617
673
611
567
794
608
481
391
587
777
494
379
702
592
661
705
643
710
558
664
522
530
493
519
584
671
500
709
598
458
665
529
550
582
648
641
690
745
581
599
742
562
434
553
448
450
570
481
563
682
603
787
587
512
591
537
677
627
737
724
518
507
513
659
354
777
489
707
531
765
624
846
558
548
655
637
600
526
585
828
574
536
825
675
723
539
603
548
525
696
498
580
720
463
642
591
491
603
615
572
709
608
565
547
615
594
584
665
725
718
707
712
575
471
572
607
737
538
631
719
534
796
758
669
568
610
692
588
573
690
501
777
541
608
711
760
665
764
647
755
610
679
247
573
680
423
635
720
428
599
554
551
595
696
600
591
678
589
615
629
420
544
633
671
708
653
567
464
422
371
658
667
490
710
686
627
533
668
567
583
465
717
435
682
545
512
582
583
618
602
688
602
851
621
519
623
641
550
524
517
600
581
556
687
550
755
657
568
694
596
475
631
518
530
458
503
592
594
728
609
628
670
701
591
568
670
653
575
560
616
457
468
689
571
541
613
750
465
660
549
587
691
598
481
566
611
799
645
653
589
593
636
620
665
568
646
476
694
564
598
372
597
583
702
513
652
502
708
653
501
718
716
829
708
800
669
678
477
503
705
651
524
647
657
613
757
612
655
608
463
554
651
506
492
766
652
588
581
627
444
616
521
585
586
458
685
709
595
486
670
632
646
451
688
634
617
541
413
557
624
674
581
586
519
585
578
554
630
604
635
673
585
649
720
367
554
672
567
574
567
637
569
510
340
544
605
550
630
591
557
564
611
665
467
662
625
484
860
524
536
681
714
696
661
446
484
661
528
640
550
638
633
664
658
524
608
598
520
529
540
670
409
626
601
431
551
766
631
620
737
619
559
578
666
535
624
539
893
334
594
544
541
542
606
439
603
663
562
569
428
482
587
726
411
665
513
568
612
407
558
570
601
582
736
486
715
575
588
440
543
698
605
745
577
643
704
536
506
687
621
703
556
676
620
791
816
548
354
460
535
635
564
674
703
528
525
491
669
743
430
582
456
649
563
656
568
482
798
523
808
788
570
523
583
597
559
500
701
730
433
568
605
656
500
609
673
677
629
613
690
630
542
534
629
745
676
623
535
572
617
607
610
495
551
491
620
717
520
599
562
640
466
579
593
611
603
571
637
617
582
732
538
630
731
766
679
513
575
702
559
695
681
705
498
353
751
629
441
537
725
915
304
396
537
666
530
725
569
643
711
530
705
578
654
732
492
541
570
678
623
486
594
585
636
508
748
501
440
701
768
531
458
419
617
734
764
660
470
556
585
572
541
670
577
602
580
763
612
498
493
526
690
585
486
553
575
719
658
358
523
537
614
537
533
525
388
498
443
585
542
610
664
857
794
527
594
555
787
443
627
606
558
659
727
449
452
508
644
658
622
819
664
699
468
531
460
586
656
587
747
521
564
373
616
444
508
549
585
590
642
558
688
662
660
715
627
699
702
809
656
493
590
616
524
816
565
668
664
701
654
629
572
487
664
537
503
481
631
697
472
570
548
510
463
633
495
574
489
518
533
608
766
540
799
542
551
706
437
541
481
642
485
755
470
553
530
634
671
694
555
677
651
716
670
661
569
537
680
753
517
680
630
661
670
612
657
702
502
575
591
704
669
607
466
590
638
476
499
572
667
701
523
437
610
580
460
578
720
729
603
768
523
579
579
583
709
646
631
551
411
513
523
470
632
491
386
779
691
762
776
461
588
662
567
822
678
550
787
606
429
528
654
675
561
533
626
634
500
706
490
680
607
488
647
636
620
627
546
502
636
557
732
703
537
644
533
601
603
808
392
437
572
484
415
847
573
715
695
726
517
650
724
490
626
730
645
565
581
520
478
524
315
611
678
582
916
542
543
811
343
667
629
566
618
456
719
723
495
586
653
611
412
602
502
561
601
603
570
586
698
745
476
486
724
676
647
605
511
586
531
676
497
529
581
749
781
689
460
591
622
471
600
495
651
676
692
556
413
479
623
507
523
715
600
550
633
577
472
636
769
577
628
441
650
477
384
534
649
540
622
605
660
600
503
706
817
880
610
857
572
572
774
620
601
467
731
770
652
578
618
631
583
542
416
698
512
531
507
675
491
598
562
554
673
747
505
731
646
661
605
656
788
604
633
608
686
380
367
461
517
712
655
718
648
475
665
597
510
644
620
691
647
577
662
641
532
699
521
436
765
386
720
406
678
455
482
508
584
591
198
503
750
728
623
522
358
552
553
645
605
682
446
938
472
485
545
603
600
553
524
561
517
630
606
447
487
610
682
556
450
596
507
631
600
657
611
586
464
762
439
532
732
555
456
792
593
783
747
762
537
470
603
549
519
602
692
614
642
559
476
660
659
754
477
426
510
558
410
602
680
542
685
504
568
674
758
612
507
697
663
653
556
541
402
700
465
603
754
487
595
567
527
741
401
611
527
699
442
490
582
588
788
566
653
781
702
565
599
554
706
550
699
595
666
528
654
592
577
388
606
519
612
789
592
679
767
639
549
614
577
430
760
679
710
575
480
634
488
441
545
685
579
604
562
506
664
575
679
636
798
590
628
829
638
704
822
692
566
473
578
529
464
585
552
607
701
444
654
843
479
546
580
633
624
619
590
548
428
679
480
691
682
725
573
452
658
512
524
648
478
692
620
540
363
503
591
567
530
788
529
645
590
646
676
828
577
517
556
751
453
719
518
478
668
720
724
504
620
445
792
720
519
520
634
560
532
507
639
587
510
533
476
661
714
655
747
514
719
729
725
506
627
638
565
562
540
598
502
496
520
656
499
507
667
686
605
595
725
535
614
729
497
678
604
718
521
549
698
459
529
627
664
556
530
530
460
605
254
439
478
812
694
615
576
688
512
641
499
722
774
656
597
460
679
613
709
611
598
532
557
507
637
785
655
501
702
559
693
486
622
639
711
646
434
514
561
596
583
534
414
434
736
597
562
678
618
622
566
524
542
559
490
486
530
591
611
552
753
693
421
706
776
853
741
547
554
458
512
669
611
572
667
510
679
700
603
822
558
792
510
433
573
382
581
594
629
694
585
682
556
665
533
608
478
588
622
525
572
665
485
499
630
408
660
477
540
523
545
396
629
665
665
654
415
695
619
529
566
500
515
432
587
453
650
610
579
573
548
655
673
651
456
687
698
528
906
672
809
782
406
549
721
469
502
644
511
556
669
669
747
457
577
520
623
557
441
802
710
595
533
591
666
662
584
713
504
787
447
607
683
620
464
520
685
432
743
663
516
660
604
598
632
527
631
490
697
536
787
600
571
478
780
560
547
670
695
450
492
803
527
444
638
613
609
581
539
659
719
712
528
648
522
607
434
480
597
671
502
558
450
681
530
436
744
674
530
694
642
540
675
510
651
500
629
560
745
571
563
445
550
676
937
622
541
692
629
664
665
617
636
666
487
768
610
593
459
627
577
493
610
686
556
650
860
635
493
551
549
466
678
559
532
667
749
586
680
731
681
418
563
688
641
657
473
570
630
733
657
710
542
725
582
678
529
518
729
489
699
754
567
632
430
595
667
357
615
545
681
531
676
637
725
575
329
536
384
508
523
691
477
656
706
765
469
658
569
464
603
586
717
626
602
544
752
647
543
669
599
570
501
794
545
441
372
611
697
597
609
534
425
433
522
501
570
486
703
678
530
536
500
547
612
634
649
569
515
639
472
595
598
492
599
525
709
795
598
563
644
552
602
680
635
460
681
492
641
662
402
384
521
413
677
837
681
567
517
648
717
532
637
600
612
560
441
570
536
459
689
765
552
852
373
658
504
631
417
370
757
479
466
659
699
488
548
484
548
692
628
697
812
480
635
591
500
472
561
638
529
742
590
615
524
741
598
386
494
458
480
753
533
517
707
534
612
634
817
443
539
546
639
523
539
673
576
547
509
493
612
756
661
647
676
617
482
652
680
785
557
616
578
645
787
702
542
686
562
626
413
729
724
639
342
446
605
705
530
580
631
787
390
539
729
684
633
502
616
587
637
569
573
768
688
718
552
749
473
858
656
627
516
327
582
589
691
574
729
763
674
460
579
644
584
771
665
669
520
711
604
780
500
754
640
769
569
594
478
574
622
594
669
663
694
575
485
702
544
764
770
636
715
499
612
596
504
834
619
540
834
680
607
571
538
492
591
701
311
703
427
517
646
761
582
749
597
394
604
626
745
469
499
576
641
564
595
757
539
561
693
681
737
644
649
709
503
753
641
535
440
857
576
461
740
767
528
666
552
583
592
646
670
664
612
504
633
541
545
507
532
800
591
558
542
630
617
425
565
607
487
425
855
516
384
527
500
616
603
727
513
748
558
540
656
581
816
450
596
532
518
607
641
629
683
600
681
558
583
577
516
547
507
448
636
581
713
456
615
554
666
611
729
446
748
513
622
872
771
439
480
661
587
533
638
602
744
658
584
825
588
402
524
516
603
538
863
595
608
553
620
502
682
564
764
669
582
564
737
515
635
362
837
606
549
630
474
741
600
680
558
543
738
677
686
519
465
328
639
468
441
693
585
535
503
603
686
563
647
675
737
652
457
654
648
600
552
761
583
484
487
517
719
639
617
472
478
442
549
711
461
737
561
580
648
523
675
800
574
550
654
743
431
683
539
698
704
551
567
420
836
764
543
660
634
665
706
617
575
575
758
659
484
582
857
765
682
650
680
627
794
573
656
361
357
629
467
715
593
579
527
615
572
468
519
509
549
777
622
538
662
519
783
525
540
727
425
559
685
623
458
570
453
568
529
613
644
505
557
652
641
595
653
646
574
362
592
653
487
732
638
594
731
538
745
602
615
495
566
579
669
613
558
268
507
524
627
604
506
534
785
530
439
614
607
698
609
585
573
529
669
683
380
478
623
596
601
619
514
695
640
505
627
490
711
684
736
711
516
504
522
616
704
660
843
659
698
631
588
514
661
738
674
693
668
810
502
662
719
688
525
418
618
735
770
606
602
674
525
438
598
396
635
704
439
520
554
605
637
654
589
562
703
511
508
814
653
534
827
689
698
674
645
655
587
704
560
573
509
530
577
675
531
597
463
739
714
642
458
574
634
577
557
659
515
558
696
745
803
688
608
561
668
424
633
498
641
704
463
709
662
738
433
511
625
524
665
764
679
534
575
485
478
495
604
466
473
734
593
615
648
532
624
479
642
713
579
579
540
569
622
600
598
573
403
489
498
584
594
459
564
603
782
500
655
759
639
643
529
536
529
688
589
517
701
451
394
475
703
651
687
533
654
543
593
576
380
641
658
568
778
603
526
577
701
747
398
524
662
559
593
668
550
545
591
573
589
581
547
654
567
722
645
578
639
434
549
587
617
604
705
540
457
360
673
720
559
738
629
582
552
641
751
633
619
591
755
414
783
544
551
546
658
716
611
579
664
478
591
553
649
739
438
582
772
532
568
662
656
795
614
623
650
540
385
697
589
497
748
691
619
591
505
720
765
618
588
739
539
553
666
570
747
534
541
596
689
611
508
538
721
602
524
689
547
639
528
481
690
600
536
552
634
760
661
625
539
550
566
621
633
580
578
567
611
620
568
653
634
652
649
683
457
718
679
499
666
571
493
793
699
669
505
743
624
483
641
549
613
533
545
594
536
475
576
490
494
687
707
564
568
642
551
551
673
602
567
579
648
651
598
566
629
688
515
621
517
595
653
643
694
621
599
640
571
717
566
615
567
567
561
592
537
630
604
623
579
524
732
725
520
684
662
546
673
620
610
512
664
524
717
591
522
547
815
537
632
711
787
591
507
669
581
562
678
829
710
667
473
701
900
825
778
529
559
583
556
727
522
562
622
586
413
603
505
665
572
481
478
523
570
678
540
512
604
549
428
655
605
650
670
634
605
537
614
640
716
740
622
731
583
584
544
651
510
622
631
726
501
550
550
862
626
547
705
656
498
577
560
640
610
695
585
502
610
583
458
806
601
621
515
553
834
573
600
541
642
815
696
511
843
589
559
631
539
739
789
647
682
613
818
562
390
534
555
619
638
509
529
809
742
688
691
560
563
706
645
684
528
674
647
439
615
521
624
554
788
650
450
592
613
613
686
575
624
633
799
693
700
622
584
612
549
633
658
406
491
587
780
606
510
518
648
633
413
560
409
555
620
715
682
650
782
626
601
573
733
579
491
850
752
638
711
606
525
835
694
640
618
654
541
496
811
669
675
620
427
587
561
635
677
522
578
612
751
564
686
527
746
506
353
584
673
594
714
642
699
391
488
494
521
828
595
650
694
590
646
765
430
425
651
561
501
347
638
592
449
683
597
612
531
556
617
615
739
587
573
712
481
719
668
525
552
586
757
552
571
553
568
571
654
670
363
410
534
526
591
709
448
435
526
563
617
454
764
663
665
517
517
676
647
657
531
540
562
594
645
605
460
608
587
670
381
333
814
677
631
697
560
522
407
550
567
476
739
637
638
539
499
606
550
471
610
703
706
506
593
434
637
896
474
727
654
585
589
442
594
645
875
452
495
698
515
612
588
734
765
527
585
491
718
640
600
657
583
656
613
491
466
505
655
711
484
537
528
716
651
513
627
573
597
567
430
522
560
730
637
512
533
551
391
491
449
510
610
647
558
769
518
577
632
606
295
742
523
578
582
631
478
646
572
664
666
570
584
454
478
648
674
554
719
520
593
642
560
597
768
510
732
557
556
627
785
522
682
587
652
646
390
604
690
532
560
672
715
567
640
712
449
555
616
404
705
789
358
680
646
492
459
682
680
630
483
446
646
542
631
522
720
598
565
656
793
668
581
634
651
548
634
690
571
575
664
579
612
597
689
612
527
648
328
622
603
788
730
634
554
535
677
646
550
761
424
544
613
486
594
537
601
651
614
604
595
591
458
586
582
645
781
530
665
716
544
501
681
576
522
557
710
627
630
495
833
697
555
726
560
642
725
655
756
617
424
476
554
623
461
435
700
824
671
687
513
628
560
651
384
607
583
595
703
635
692
592
667
569
538
678
733
669
660
617
765
521
536
568
669
398
650
790
624
588
608
700
767
561
570
630
575
666
588
505
531
599
615
557
472
516
744
644
831
591
734
508
592
707
535
493
722
591
612
695
578
591
540
433
478
534
457
512
494
726
492
504
421
742
491
629
593
621
642
535
726
529
583
547
515
499
564
667
706
743
701
692
400
784
715
774
585
779
683
614
670
553
789
463
675
582
474
619
652
583
637
722
618
699
700
664
685
645
540
658
698
736
634
577
431
748
747
672
613
565
583
679
631
532
591
661
482
601
573
794
530
658
628
585
507
561
547
539
643
742
574
629
612
631
796
524
551
631
552
354
591
611
524
874
442
801
694
651
501
478
759
643
622
559
636
606
623
374
683
689
556
589
508
530
699
519
499
907
523
602
632
572
789
624
518
736
557
640
639
652
583
629
437
660
657
760
637
660
575
658
585
480
611
702
503
541
578
537
569
419
595
628
718
526
634
562
567
569
462
602
612
630
602
569
523
497
622
644
659
798
832
838
502
358
658
760
372
551
541
564
489
588
560
618
481
466
594
626
583
487
601
526
492
533
594
640
643
788
594
641
644
608
362
708
556
700
612
708
600
780
796
653
492
690
506
595
498
593
542
560
552
434
706
696
615
546
637
552
670
593
582
503
473
533
712
783
385
559
541
673
460
828
602
629
564
767
459
525
519
729
549
687
623
478
583
632
708
721
440
656
630
552
619
503
695
505
732
611
553
675
612
579
557
641
483
606
681
530
573
586
620
256
548
704
666
603
718
560
666
516
474
800
634
506
523
564
565
577
531
467
439
588
647
591
594
689
615
576
742
516
360
690
746
462
580
785
548
643
586
663
491
561
695
610
608
776
342
569
648
824
578
578
614
391
530
632
529
468
796
525
534
471
568
661
469
540
473
712
670
603
627
590
819
629
587
602
677
662
576
613
656
737
500
539
580
528
625
683
693
651
519
599
634
595
482
588
597
740
612
573
393
521
593
586
643
569
708
623
564
353
670
499
745
658
694
558
472
544
367
555
595
599
568
353
543
621
632
714
579
618
727
810
517
439
730
471
630
572
792
680
469
687
447
642
777
684
688
599
646
681
690
740
576
656
559
613
703
434
418
629
493
622
647
589
484
655
593
592
527
504
401
518
333
809
633
601
588
580
661
722
527
725
674
656
619
623
572
554
557
456
629
653
546
599
469
591
618
489
598
487
735
773
553
487
521
607
535
405
834
486
706
639
585
464
637
480
519
619
672
545
532
696
586
543
602
638
620
744
252
551
799
552
544
580
577
410
544
622
567
731
473
537
608
530
555
554
582
585
534
806
532
700
355
478
470
483
536
702
537
583
648
758
522
611
455
667
682
565
545
626
666
541
579
469
411
557
433
416
505
665
495
615
705
400
523
643
619
642
570
641
581
579
639
630
607
697
615
716
600
563
470
629
612
548
470
516
644
630
460
615
646
526
702
641
572
689
698
552
494
560
420
657
668
686
579
547
526
729
434
680
492
676
612
594
647
541
615
700
510
685
814
679
715
674
503
591
491
478
548
538
629
707
601
628
687
553
497
607
526
584
532
460
568
729
620
489
479
361
682
684
379
490
623
537
713
735
725
638
551
545
505
476
753
611
593
521
578
731
510
701
618
480
711
605
577
416
562
522
618
603
492
653
619
547
670
734
511
579
494
540
581
735
721
665
709
502
451
509
685
607
787
462
477
428
503
645
494
426
577
593
644
515
641
455
510
505
669
461
600
540
615
578
411
722
494
520
669
660
563
545
494
500
801
639
424
614
557
625
758
592
592
650
481
726
580
620
540
471
661
633
565
393
527
708
567
544
449
638
663
587
732
669
505
503
461
537
642
543
542
852
546
623
577
622
623
700
541
572
409
492
424
427
522
624
585
499
747
609
570
645
646
689
579
572
582
621
546
562
492
614
866
527
591
635
496
569
722
627
708
611
718
484
830
471
564
436
468
570
501
393
549
582
664
476
577
514
557
689
543
665
582
554
644
665
545
310
719
562
674
562
531
619
507
605
574
594
595
511
677
623
607
820
835
667
518
717
504
616
557
744
644
728
768
743
533
652
628
604
698
574
489
545
562
546
642
650
638
516
750
841
764
583
581
612
668
491
527
519
678
685
623
605
751
456
709
541
502
636
427
513
570
512
600
600
486
769
597
712
647
584
675
508
637
702
580
669
667
630
771
679
543
625
698
670
529
720
662
555
637
476
678
476
534
591
383
533
467
691
395
575
646
574
517
476
644
608
589
648
567
527
686
680
461
661
735
653
505
382
522
519
789
505
567
357
462
498
681
535
578
641
657
573
682
704
550
688
491
608
673
564
406
457
687
731
583
417
449
647
715
559
573
635
634
676
626
501
582
602
694
561
551
722
656
580
704
565
622
716
582
706
672
618
488
667
436
624
682
636
552
634
513
508
746
627
549
614
621
627
468
620
574
730
500
633
635
703
625
521
550
410
544
813
534
465
563
669
510
605
469
501
682
593
652
733
576
547
593
627
575
592
504
598
498
620
739
727
639
513
649
583
435
468
538
869
644
681
641
644
567
534
711
562
612
694
694
872
513
509
695
435
657
700
552
429
560
667
823
463
725
531
560
525
575
709
598
484
628
537
587
698
426
546
508
568
476
758
759
538
492
805
495
432
415
608
493
641
650
682
575
480
414
513
621
480
648
701
500
671
625
694
573
648
632
415
584
515
639
698
750
610
601
517
628
555
593
410
562
641
577
613
480
640
609
877
641
727
511
663
580
630
648
602
595
475
764
553
451
478
458
467
504
481
681
633
692
548
704
507
628
816
748
439
450
666
618
447
739
476
479
561
604
579
645
422
496
600
470
658
609
693
654
553
631
740
578
497
475
607
505
617
424
542
573
804
694
658
644
733
669
685
748
703
516
604
577
694
713
519
467
549
634
280
489
529
606
634
502
581
674
593
547
619
600
580
630
763
734
388
754
611
698
683
539
634
626
538
657
520
537
699
631
638
612
640
482
373
621
560
625
495
702
656
685
601
578
414
714
650
605
746
607
589
634
723
588
592
730
720
799
830
598
516
575
619
627
527
622
643
421
763
510
696
527
552
690
736
584
682
668
676
675
692
606
549
671
601
705
563
670
557
432
610
460
545
688
536
532
734
632
488
606
478
613
619
548
665
474
787
633
572
503
692
634
680
644
654
708
499
644
500
629
564
601
442
672
641
642
590
589
720
679
640
600
637
662
556
645
474
659
575
563
534
449
686
634
525
725
703
540
496
650
450
568
719
635
496
622
560
561
700
578
633
494
575
538
391
646
636
438
642
599
618
684
511
668
639
558
794
660
561
685
556
703
696
497
517
499
694
625
497
556
615
626
586
458
600
541
781
536
640
536
672
657
695
537
646
558
721
617
582
434
536
688
483
666
469
698
621
659
610
601
497
560
674
588
542
667
402
669
554
537
698
682
545
643
676
644
578
411
568
772
523
293
707
730
686
524
630
288
722
610
614
548
710
438
532
778
656
728
542
601
678
671
898
680
519
597
496
521
663
430
545
675
540
677
660
654
701
765
687
581
469
625
731
573
546
514
684
574
423
679
560
480
607
554
763
695
610
677
556
900
631
664
648
531
542
516
759
629
658
752
786
545
507
483
718
794
575
685
406
532
785
652
558
743
635
554
630
529
657
649
728
682
572
597
611
699
701
524
399
569
603
778
580
510
679
418
528
613
644
470
681
513
540
553
451
754
684
631
636
677
597
618
584
700
576
457
580
712
500
658
610
562
641
575
408
459
569
521
674
509
477
655
554
538
548
466
404
517
515
697
524
608
516
588
631
628
411
537
464
640
501
642
821
660
721
477
629
584
421
594
615
657
609
595
833
621
602
536
492
533
530
564
552
582
638
495
726
672
504
536
657
525
599
589
630
673
819
330
548
553
452
576
786
431
489
744
595
602
666
693
647
516
613
572
569
673
709
570
733
640
396
587
599
632
599
731
460
584
565
676
528
609
600
732
848
676
618
584
554
593
744
562
646
648
556
650
575
757
535
661
558
553
570
619
683
491
539
704
453
604
558
682
631
597
647
769
597
567
541
475
737
688
679
737
679
655
521
736
462
714
605
678
550
531
683
568
658
536
625
420
651
640
728
640
628
531
463
634
659
380
538
539
655
510
611
648
882
618
566
577
625
494
549
624
658
559
461
517
866
587
569
673
780
655
352
484
471
513
517
475
531
500
651
717
605
720
624
700
746
540
546
759
589
644
678
618
629
451
469
645
695
700
557
684
452
482
683
422
709
529
675
538
529
532
619
637
558
581
526
600
440
594
566
452
691
673
696
575
724
419
619
818
452
729
614
589
583
558
742
586
524
518
503
658
379
677
796
651
529
540
832
583
422
604
441
583
758
634
775
658
569
596
626
610
622
697
543
557
613
638
752
577
387
632
724
540
652
601
467
503
497
633
547
571
676
687
481
487
586
474
652
637
626
619
621
548
493
426
580
628
587
769
673
468
775
575
595
506
402
607
689
563
577
471
770
647
551
596
490
793
538
555
709
826
496
473
412
535
482
629
624
534
485
667
508
598
369
475
597
711
483
463
655
644
685
583
516
562
526
695
546
651
688
829
595
580
554
491
732
600
493
755
599
635
637
548
561
568
643
508
662
605
642
753
553
631
724
666
698
768
529
566
718
562
506
451
669
787
669
669
650
394
617
699
485
629
685
519
488
516
700
599
550
554
492
662
462
674
635
582
687
648
667
769
405
564
625
521
732
446
704
478
489
548
784
725
540
548
577
510
708
496
621
433
583
450
738
640
589
749
600
652
523
647
435
591
540
517
537
528
625
629
694
554
720
574
621
581
608
544
795
457
492
552
550
788
529
367
655
662
507
674
619
673
596
575
752
640
565
696
388
688
652
613
653
641
298
607
681
546
564
589
541
574
539
510
586
620
490
670
627
658
773
557
583
517
519
655
467
699
523
475
378
682
629
583
438
606
437
597
626
619
756
637
552
776
738
526
653
544
446
519
626
595
588
513
655
659
514
528
519
742
475
500
514
394
617
425
431
606
543
636
739
737
724
672
663
539
589
642
614
451
500
547
570
717
510
627
757
586
510
732
619
502
737
740
630
577
584
559
694
565
726
463
582
677
582
506
666
744
745
680
561
594
545
808
475
614
684
618
629
491
757
526
641
777
669
554
562
702
486
771
804
501
446
704
658
626
439
534
562
646
521
588
673
643
468
567
571
644
684
528
642
612
500
704
653
763
623
714
610
700
708
547
552
736
627
687
549
625
538
686
704
575
395
557
557
578
653
650
694
621
680
507
473
589
659
715
657
652
589
711
602
469
680
582
668
706
545
654
578
683
426
322
629
528
820
582
597
691
610
498
812
574
576
621
572
616
506
610
535
487
550
593
556
639
546
465
618
483
807
736
566
695
482
521
552
604
520
525
656
862
623
607
672
596
684
556
569
656
598
722
456
715
296
603
755
700
606
569
772
571
471
490
705
515
704
486
762
579
662
916
640
678
333
592
740
492
548
536
499
559
532
597
550
691
615
831
691
757
723
453
594
558
534
724
486
336
760
874
466
611
588
652
478
679
462
366
592
653
761
725
500
580
728
564
750
557
498
651
635
501
523
323
591
688
550
620
592
605
482
635
537
661
506
780
660
828
653
510
633
425
808
638
448
523
746
495
609
709
675
532
639
662
580
628
557
655
614
496
605
506
731
575
601
714
652
600
507
736
503
718
589
426
678
637
621
634
697
616
451
648
636
618
584
726
674
541
436
639
647
632
665
450
591
569
660
792
484
602
527
588
560
625
471
568
629
537
642
634
366
559
553
595
480
572
498
530
601
579
569
499
702
621
588
702
617
594
723
574
565
675
682
748
659
544
633
459
594
686
603
582
707
630
513
545
839
436
465
504
506
677
492
660
660
600
668
687
628
538
596
641
631
600
490
478
482
637
571
571
739
536
700
549
586
535
363
456
488
398
572
518
634
474
563
624
575
483
574
566
753
672
585
636
637
607
520
701
481
743
455
619
516
725
566
583
579
716
697
545
704
583
432
652
580
525
692
703
615
397
682
633
556
583
532
653
557
530
660
530
399
666
805
554
573
667
549
619
598
590
559
845
419
637
603
728
601
501
665
749
565
534
504
688
593
586
602
528
670
694
744
648
505
530
518
681
594
567
885
452
588
560
443
382
685
737
805
617
436
751
480
803
519
678
767
520
514
490
658
802
652
660
672
666
721
536
757
628
638
513
563
639
513
708
654
668
671
535
548
764
632
739
651
631
514
474
813
470
583
495
663
567
646
615
488
592
527
657
591
568
651
554
590
547
510
669
570
510
584
488
626
473
553
422
492
501
650
535
573
529
499
694
604
593
808
328
639
541
668
506
769
645
781
582
603
871
578
618
677
464
546
445
500
590
444
612
645
501
645
606
639
454
576
743
664
605
662
604
528
643
396
767
510
590
558
739
689
543
521
594
609
632
598
481
445
571
450
599
541
579
572
752
603
450
631
612
662
598
512
730
501
582
648
450
696
593
660
456
409
520
697
666
590
667
804
606
537
560
527
457
796
653
658
433
673
434
494
500
714
728
729
659
639
697
527
593
753
819
635
686
471
352
633
644
439
470
567
581
592
660
508
606
536
697
540
541
837
516
612
565
623
588
446
677
567
570
701
580
504
769
423
577
490
604
629
538
378
582
614
688
488
400
499
654
700
613
623
603
766
586
499
412
756
672
630
446
742
496
760
651
494
695
510
557
578
583
577
503
586
611
577
611
338
615
628
534
671
633
662
538
468
488
505
558
698
523
537
599
594
725
608
568
540
580
463
653
558
568
689
705
467
484
487
654
490
448
628
824
660
553
612
605
596
496
565
693
635
559
466
752
597
587
591
594
814
610
426
583
570
647
569
646
519
615
546
475
670
499
671
679
497
609
488
590
609
485
686
545
534
463
654
474
539
631
609
538
551
637
549
818
644
625
560
517
565
630
665
356
534
625
756
718
746
622
622
466
709
507
801
771
527
649
449
594
639
473
623
671
443
551
707
722
583
538
616
618
595
556
637
421
548
633
600
487
614
674
787
693
572
655
563
540
445
513
581
514
442
769
604
619
800
618
490
704
789
576
624
669
664
644
667
671
689
470
513
509
559
543
743
546
533
647
535
513
451
456
565
531
506
705
683
764
581
646
337
614
808
478
740
718
686
616
717
721
596
588
713
342
602
560
559
765
447
471
803
684
655
638
599
697
686
363
671
609
543
518
509
604
589
535
613
667
423
734
665
635
787
514
684
549
694
679
520
397
712
605
730
589
676
602
457
692
668
519
604
528
571
594
560
755
468
696
653
610
498
702
618
712
452
577
581
594
523
459
816
724
528
602
665
554
492
661
567
692
589
543
797
633
589
562
680
579
807
671
638
593
607
782
731
625
419
577
637
701
545
562
620
430
490
731
623
465
646
520
581
669
632
676
586
563
566
690
574
590
651
631
658
446
543
692
631
595
682
562
444
460
556
630
542
686
564
699
601
646
577
561
701
606
707
763
537
823
428
536
723
588
542
484
748
531
577
626
628
527
640
622
513
647
588
630
595
737
596
598
585
604
564
506
499
675
543
661
664
580
636
808
407
625
546
571
627
725
446
531
444
601
807
506
641
732
576
594
722
626
570
722
472
701
663
659
666
477
469
610
669
688
547
446
312
520
834
788
706
507
547
653
464
574
455
506
443
584
621
694
453
653
389
558
586
573
559
588
664
564
494
705
700
495
354
517
510
653
840
466
672
467
479
538
535
613
564
657
678
659
405
718
677
689
554
477
389
583
687
701
580
561
533
680
565
565
583
590
615
503
517
499
692
436
605
646
692
614
553
594
494
568
667
564
543
686
600
538
426
651
568
644
650
541
601
665
701
692
653
674
778
646
433
561
533
594
536
557
478
709
326
787
578
526
730
479
797
658
598
618
494
347
546
415
683
572
645
619
421
651
711
474
684
623
629
519
566
606
548
385
759
561
477
533
516
597
660
583
766
677
498
676
462
616
696
556
795
706
619
671
655
655
574
605
682
764
613
520
455
599
692
640
789
765
592
688
615
549
708
456
571
652
583
393
674
819
568
695
648
505
517
555
679
638
662
723
535
610
434
739
713
471
732
612
532
711
549
715
438
623
529
753
519
730
645
749
552
691
549
719
750
438
478
550
770
612
581
487
601
549
564
494
644
464
412
577
746
741
616
614
694
594
625
483
780
699
590
435
602
556
541
617
572
760
595
510
463
604
573
494
531
335
702
614
592
905
845
744
622
444
481
627
698
466
502
718
671
359
600
524
693
614
727
588
646
539
687
547
541
770
618
744
657
611
462
584
505
700
408
469
612
575
572
514
551
638
748
570
602
605
521
562
542
563
622
854
522
405
762
696
500
403
663
474
539
659
588
720
695
534
588
613
664
565
686
505
756
367
863
621
579
520
362
714
411
567
524
623
634
608
542
564
453
652
604
800
660
675
767
651
516
671
596
513
523
610
671
568
511
564
646
532
629
397
732
434
520
569
753
582
705
623
625
624
512
497
602
679
603
505
567
569
620
580
614
597
522
544
500
483
636
746
579
567
680
481
794
687
500
647
547
583
667
687
618
485
560
634
464
499
655
597
429
607
650
580
394
452
706
565
649
512
494
570
308
555
661
705
767
455
622
589
624
549
448
547
549
361
604
415
513
420
641
806
316
564
593
512
674
552
488
546
567
503
589
535
620
675
453
662
680
616
645
560
609
693
642
524
578
638
679
547
557
645
532
492
562
544
796
595
786
561
503
486
695
562
718
600
646
688
541
436
648
579
645
631
763
664
423
457
676
620
719
546
529
548
406
631
425
480
637
730
625
436
572
607
614
596
622
623
512
632
666
691
536
632
730
566
630
671
542
626
450
508
591
657
664
659
588
578
612
552
595
605
584
457
389
610
463
763
376
538
658
516
657
698
638
576
560
845
464
645
663
674
585
603
515
499
299
521
550
468
516
523
674
646
386
627
554
449
643
562
625
574
538
575
709
598
654
727
579
641
521
661
745
616
597
665
437
656
462
613
678
495
677
840
526
902
461
768
683
727
721
688
580
600
422
596
493
390
569
468
669
505
695
705
698
670
728
583
474
587
689
507
469
682
576
549
382
665
653
512
575
529
496
512
473
723
426
547
637
404
475
608
606
607
492
601
608
598
573
627
618
434
659
473
593
660
463
551
532
711
557
570
705
582
520
673
480
425
491
703
511
526
734
613
690
620
599
465
628
721
475
642
504
547
627
580
533
834
612
660
525
640
697
537
623
385
676
620
581
607
536
649
660
625
563
677
605
639
476
579
605
664
422
617
531
586
648
519
625
589
476
647
596
573
826
692
654
584
449
574
430
659
580
573
732
562
571
655
829
618
449
657
676
643
612
637
412
754
579
745
624
532
464
475
686
529
717
606
650
594
873
733
664
713
548
578
598
625
707
598
643
521
735
723
506
402
771
683
542
539
742
760
568
523
641
573
566
655
674
511
498
482
623
474
585
642
685
509
732
729
587
666
641
627
592
563
491
581
565
588
660
552
527
683
688
502
524
517
496
600
545
751
641
374
515
670
419
693
457
582
581
559
555
459
723
401
472
452
762
560
686
445
784
455
483
467
538
567
567
737
804
616
734
560
657
609
580
722
602
727
600
723
579
453
352
764
514
476
486
471
810
726
669
624
692
542
664
675
604
571
603
751
440
578
515
424
545
585
692
649
573
634
592
748
625
618
517
507
520
637
563
553
663
648
674
590
490
554
607
561
580
555
481
713
735
603
619
383
544
555
683
508
839
534
615
909
598
620
524
461
661
531
518
547
538
533
574
594
551
491
513
609
726
767
727
632
703
617
630
731
685
599
495
548
567
600
370
666
515
685
580
428
779
494
679
494
561
646
690
532
419
454
581
578
665
571
643
558
838
570
719
664
678
638
748
803
496
402
473
679
474
834
613
694
577
700
649
639
637
623
641
610
664
594
589
511
541
663
457
605
562
715
550
611
433
482
629
507
570
543
387
630
587
538
642
512
404
685
475
423
643
542
624
623
600
692
382
758
782
641
631
667
528
649
724
537
649
682
676
587
460
508
718
604
559
789
736
535
535
592
543
641
618
528
598
643
501
698
657
664
543
419
689
613
598
669
626
651
488
504
630
602
532
629
462
544
477
494
565
534
776
590
488
721
642
594
488
434
615
658
685
610
598
734
575
586
566
625
669
737
634
618
630
494
762
671
540
580
640
739
728
593
618
563
814
545
601
679
583
636
806
647
617
871
548
611
656
585
710
486
706
540
330
553
511
457
713
454
564
704
485
603
495
442
481
451
640
529
554
691
585
607
660
709
647
633
588
709
494
590
686
708
529
541
634
554
398
570
495
539
573
514
762
358
522
610
407
526
743
554
580
669
537
520
548
531
512
434
674
692
449
467
625
710
684
400
684
620
722
563
598
657
630
812
737
746
465
664
592
452
638
543
481
601
484
756
593
685
618
672
624
638
609
467
598
772
397
515
631
597
526
517
864
616
475
773
611
574
575
665
639
567
479
528
520
801
650
627
528
650
644
577
402
579
616
635
715
534
592
386
811
627
645
516
541
426
648
507
455
738
582
735
702
660
711
623
595
606
650
678
528
657
757
646
621
588
656
762
641
633
526
595
603
554
635
648
597
589
601
553
563
521
525
697
355
525
549
725
726
611
519
765
615
543
523
594
626
524
560
660
478
542
653
646
508
688
647
459
545
492
540
507
628
688
556
569
685
513
687
646
684
596
738
715
539
619
501
729
853
462
822
579
481
748
486
712
597
633
524
448
620
541
533
494
568
679
607
648
735
616
401
712
547
674
638
728
466
752
489
601
530
643
544
592
554
509
521
669
575
635
618
530
623
561
511
524
550
713
589
578
736
549
421
519
636
571
657
667
605
635
536
406
507
568
418
650
726
572
620
470
594
612
551
658
684
588
648
556
615
804
749
572
641
680
620
647
565
585
524
563
572
705
583
679
779
536
668
539
625
595
539
486
576
514
491
546
612
543
725
387
677
466
550
688
700
507
405
667
655
401
397
493
711
592
443
687
836
557
662
438
616
575
509
548
508
613
667
832
561
525
748
560
680
536
611
595
621
477
655
785
694
669
712
402
560
585
449
545
519
576
495
604
684
466
508
605
653
619
612
771
568
752
510
689
636
604
719
595
514
777
576
621
688
715
932
839
444
686
645
742
551
609
619
566
579
709
566
786
700
594
519
691
777
412
502
531
646
573
765
679
576
457
511
654
532
643
510
453
442
600
528
625
455
620
458
609
575
773
451
802
708
769
751
726
535
623
533
654
682
637
194
551
508
679
622
439
511
582
540
599
656
609
605
597
678
528
511
685
409
435
516
560
705
727
495
785
641
482
615
608
461
578
638
567
458
505
588
439
651
514
573
599
618
572
616
750
469
646
419
746
442
824
635
639
501
780
384
661
703
575
527
517
652
543
400
764
604
747
376
468
617
640
493
693
623
558
666
627
600
479
387
492
578
665
725
644
652
568
634
553
509
498
676
667
563
756
618
681
598
439
698
402
635
524
523
618
631
653
563
892
769
548
427
553
528
656
582
576
686
766
502
712
522
648
556
561
510
653
571
496
762
527
509
645
597
499
597
587
758
684
542
554
467
665
434
340
636
508
643
559
533
600
572
714
545
525
376
371
489
664
605
