592
519
575
570
874
600
502
620
641
460
643
581
760
629
695
548
818
488
627
508
686
579
660
679
593
632
611
440
678
645
679
560
550
549
562
751
455
500
602
547
434
703
717
617
640
603
500
674
365
672
520
505
395
594
531
635
661
628
524
644
641
595
659
632
576
644
625
584
580
607
545
553
528
573
760
556
426
688
705
722
581
652
592
802
782
638
657
546
612
687
566
705
545
608
707
484
831
413
554
514
502
716
575
638
698
547
480
644
602
551
501
570
556
554
644
679
583
425
605
514
687
628
675
589
486
572
674
691
506
403
520
656
671
517
590
614
839
682
610
627
645
515
638
488
574
717
500
460
622
702
464
708
726
536
492
560
667
637
739
694
566
583
595
534
504
680
530
726
861
734
639
647
625
607
834
615
609
541
641
645
397
471
741
652
543
567
733
485
581
628
527
513
632
599
584
388
462
565
640
600
628
664
816
727
552
799
599
477
419
565
523
544
676
638
619
567
424
523
718
533
618
690
694
447
588
670
639
410
326
669
441
639
730
499
731
485
480
779
545
559
728
644
552
687
538
637
514
498
560
402
690
463
423
495
462
682
616
554
663
633
623
674
559
561
572
739
482
510
420
531
648
642
594
515
469
677
698
558
491
582
629
580
629
634
469
555
490
547
684
707
738
575
560
574
684
517
506
567
472
771
552
439
599
730
773
586
576
631
516
424
621
718
501
497
544
561
485
695
542
594
823
550
318
517
469
567
743
691
642
796
462
503
594
482
599
592
607
585
530
594
555
685
473
623
612
619
441
629
502
519
725
542
617
666
488
790
516
635
658
675
683
604
629
506
808
486
448
578
572
552
723
556
499
502
680
488
514
697
536
680
666
691
697
544
446
667
711
714
589
658
385
607
467
717
546
784
486
686
442
706
649
714
725
667
529
735
545
462
545
464
540
606
545
493
553
652
456
744
515
602
566
534
772
634
498
648
576
636
611
749
413
613
615
520
761
606
598
442
457
532
782
655
494
692
566
595
423
721
787
623
620
747
556
652
475
546
719
544
503
552
822
652
675
647
634
687
565
407
816
652
691
522
545
676
455
699
316
819
690
703
603
576
575
470
562
556
625
592
796
507
671
673
591
643
674
630
582
411
598
433
643
713
615
622
671
666
628
590
577
527
599
312
736
744
758
663
530
522
503
634
642
495
426
598
590
647
635
496
548
569
457
668
610
638
347
607
563
757
819
595
595
423
506
583
419
537
579
428
415
649
616
633
661
529
570
468
540
556
506
629
749
592
562
634
657
622
717
626
346
530
551
714
761
763
548
477
589
502
641
690
521
604
566
753
492
444
506
658
638
605
786
736
713
797
423
669
512
665
631
602
642
837
507
617
621
517
563
532
708
648
452
493
542
653
704
691
805
631
597
734
783
674
764
528
700
896
558
654
486
376
519
674
705
849
820
479
673
709
646
739
739
460
740
672
719
529
694
539
603
695
633
434
594
574
562
402
652
793
512
600
724
621
452
545
547
513
844
806
758
655
653
473
498
563
749
569
747
753
610
737
652
513
632
579
586
528
592
576
520
561
562
715
642
459
704
390
716
606
720
502
644
658
558
694
543
604
751
527
493
512
414
607
594
388
525
601
644
601
549
568
453
579
693
506
693
531
530
576
456
668
622
776
539
619
529
802
702
701
579
573
632
599
690
556
788
542
395
487
465
521
459
775
625
657
422
620
636
443
563
611
495
485
448
594
559
629
686
621
742
623
524
541
567
515
678
547
705
596
497
476
698
721
559
732
648
489
672
462
518
520
604
549
681
433
648
624
701
625
721
548
637
719
553
684
464
534
597
729
614
559
549
550
811
523
599
791
641
714
625
760
583
634
456
628
669
413
537
623
504
725
490
647
512
515
573
682
634
573
688
491
545
489
629
672
458
604
497
633
710
513
585
519
520
661
704
678
420
702
534
596
529
750
664
635
585
531
674
538
532
602
610
587
621
552
660
702
633
510
729
846
572
711
606
643
551
562
611
585
526
591
641
582
634
486
834
429
595
748
734
658
484
569
663
516
733
663
571
498
565
530
590
632
558
523
574
754
636
550
554
583
670
708
688
601
524
685
597
551
625
597
475
685
531
646
717
768
446
649
608
623
501
535
651
607
579
523
568
423
605
505
668
533
698
547
509
567
530
535
697
534
644
624
609
534
602
613
589
480
692
687
584
592
526
642
418
559
516
549
498
678
601
518
657
560
773
673
856
651
628
514
701
683
671
759
547
497
513
611
568
710
553
664
502
492
701
631
396
642
643
631
721
396
702
457
660
562
860
551
870
573
519
577
429
762
744
573
482
604
506
573
495
517
737
557
378
514
536
629
558
567
540
509
513
628
683
760
588
535
629
698
696
648
604
587
612
565
378
487
475
521
442
798
605
535
579
432
599
844
605
517
593
487
492
664
343
675
684
654
600
447
740
688
478
601
371
477
721
555
553
477
518
573
573
502
620
339
606
644
396
834
592
690
690
672
862
605
835
692
419
537
470
446
701
465
287
382
557
735
587
535
601
506
603
627
589
584
631
386
568
541
550
627
503
626
589
525
566
646
576
460
499
623
648
623
607
595
627
556
672
646
392
566
510
663
696
603
581
542
809
364
475
591
577
420
695
599
682
660
611
598
655
465
567
631
595
667
756
512
733
608
429
604
466
551
585
453
475
523
729
425
560
676
567
609
513
582
451
606
611
657
598
556
610
539
678
552
579
488
675
563
537
428
455
601
700
534
652
817
438
523
611
603
425
608
593
707
736
501
542
628
440
633
658
704
484
615
556
628
657
556
672
507
452
618
698
745
463
564
433
709
485
782
501
584
609
513
669
565
664
463
450
615
542
581
570
510
627
579
581
712
719
648
588
512
594
509
472
714
672
618
632
537
441
707
611
618
591
526
913
595
498
659
494
520
485
673
583
695
513
578
816
525
636
656
713
590
530
517
513
511
651
675
506
622
700
720
304
730
471
465
394
605
746
639
588
575
396
657
705
497
544
476
516
494
631
495
615
498
735
475
694
580
656
585
624
582
702
742
624
612
383
682
603
444
559
578
568
466
601
587
581
547
738
358
661
652
558
384
726
629
386
660
659
584
614
693
602
497
564
501
405
571
463
641
582
652
691
747
712
586
493
606
374
738
639
656
449
556
569
597
634
655
506
730
512
538
606
613
546
660
556
686
581
560
680
689
619
521
571
650
690
451
506
550
619
556
505
425
523
707
691
684
618
727
479
616
589
671
717
577
421
609
566
653
416
441
472
598
471
464
723
530
654
741
670
561
679
555
701
505
689
487
620
595
627
578
594
656
632
701
636
516
719
431
437
579
670
617
564
745
646
586
625
463
535
641
547
548
705
749
520
633
757
579
557
490
665
519
759
615
453
658
419
605
471
558
711
437
725
501
456
618
463
695
721
452
578
682
560
816
608
299
718
643
655
682
722
840
729
431
698
602
536
666
641
609
579
534
436
735
507
504
674
743
645
670
609
551
482
666
561
597
622
715
542
530
468
482
717
648
539
521
489
347
536
655
406
572
502
741
564
624
577
805
548
418
613
767
584
655
695
715
430
587
484
509
707
680
576
626
464
496
565
683
493
777
689
684
441
620
752
658
659
569
629
516
430
639
609
548
407
675
617
660
434
736
605
645
521
504
587
738
747
687
520
628
588
602
621
597
537
526
535
603
696
427
599
439
518
608
766
576
613
568
629
560
753
728
469
536
508
744
327
471
697
521
608
421
577
581
764
666
556
700
492
757
680
559
540
614
627
558
756
720
504
845
338
577
610
752
607
773
739
706
343
638
689
445
723
497
692
761
645
549
495
645
656
616
619
656
629
651
392
557
627
648
675
579
518
739
563
573
490
715
593
439
392
703
688
617
580
560
520
493
726
611
625
522
603
495
806
684
531
525
515
691
450
685
515
534
710
740
600
611
442
588
628
518
737
616
604
708
514
605
562
560
739
520
639
658
523
665
573
647
719
516
694
510
781
733
733
595
551
781
576
757
594
508
755
559
608
570
681
644
615
714
652
717
510
661
565
633
730
687
697
420
539
659
481
678
586
770
718
704
653
625
547
545
522
677
640
742
602
668
784
577
526
748
466
546
618
778
719
670
515
801
592
611
412
571
704
777
626
798
596
537
623
435
732
662
629
511
610
557
548
594
462
350
758
329
550
453
714
747
591
799
606
676
589
604
643
702
572
719
663
618
613
764
967
538
636
722
633
633
608
752
540
663
590
471
646
663
629
573
540
675
602
764
483
582
497
526
475
646
623
543
633
572
606
579
547
572
642
569
675
502
555
412
496
827
514
724
719
710
632
661
643
589
606
707
752
728
577
725
829
474
413
559
502
669
509
560
395
613
662
726
467
829
636
613
457
704
707
336
596
551
622
446
484
600
536
525
620
509
523
677
724
603
654
558
713
530
560
676
584
577
825
535
646
646
656
774
489
575
592
644
518
655
741
640
776
614
426
560
671
695
608
530
692
457
686
513
547
747
537
599
531
418
788
835
747
656
532
593
449
725
571
548
742
725
989
540
725
699
715
634
585
641
578
542
656
605
653
694
450
740
600
492
401
677
708
787
636
667
751
578
461
734
643
520
591
556
635
755
617
545
512
658
467
513
675
501
553
735
586
700
720
612
602
548
549
439
487
647
612
711
546
489
678
577
570
602
720
665
525
690
553
649
633
622
514
466
565
593
437
682
644
464
533
565
539
718
790
558
618
611
632
458
519
513
672
550
670
684
724
549
508
709
684
547
668
706
458
594
686
582
560
521
537
507
639
755
589
673
707
692
519
652
534
588
643
748
596
520
742
798
719
647
784
539
797
633
573
745
583
806
706
742
554
558
596
578
648
584
602
606
661
540
533
507
538
486
473
626
665
347
439
745
710
546
626
763
718
697
610
567
750
721
584
615
659
579
568
543
451
588
581
596
611
553
619
677
602
670
509
636
768
533
577
550
603
475
712
522
591
575
540
466
549
551
639
577
554
692
576
782
590
548
612
587
714
725
588
531
669
546
688
479
561
710
468
593
610
480
648
686
473
718
481
569
675
535
731
674
556
519
498
603
681
429
795
708
535
621
641
525
589
679
689
523
615
660
747
617
543
566
636
405
642
642
580
567
688
611
680
557
790
578
523
681
570
472
398
435
500
567
697
441
531
557
462
551
520
604
618
589
571
504
833
439
534
626
646
593
614
615
619
530
417
543
749
585
657
590
481
681
642
786
563
729
711
498
755
472
714
603
658
506
541
434
710
525
662
411
331
588
730
617
614
486
718
674
389
412
644
664
775
673
537
802
628
797
661
637
471
667
657
490
670
539
443
485
716
582
446
656
604
707
522
822
616
519
702
623
497
613
592
644
564
722
635
635
473
806
741
577
557
665
734
773
673
704
551
632
589
510
553
349
723
579
465
541
594
446
556
440
595
358
509
621
823
499
602
377
508
426
626
618
702
670
584
754
641
693
677
673
339
589
834
403
595
494
494
630
511
507
598
593
608
375
641
562
517
575
696
606
716
532
556
648
602
551
644
583
533
611
712
486
695
592
516
518
449
600
579
561
536
540
559
697
654
632
577
540
697
575
513
710
546
564
760
415
475
582
610
625
788
503
498
447
542
638
456
569
356
387
732
531
598
674
675
610
574
711
598
673
662
636
427
688
476
612
570
545
546
833
505
580
614
831
500
578
722
602
725
555
410
587
546
702
665
605
578
570
824
569
764
582
399
424
554
404
578
543
603
608
546
662
716
782
672
626
515
438
511
525
497
476
743
491
607
547
755
785
776
591
614
606
447
714
577
506
545
586
249
674
494
761
384
687
623
593
418
603
670
731
477
588
643
531
409
491
683
830
642
502
587
474
737
632
663
441
752
592
743
535
656
570
575
345
596
710
691
567
607
742
677
323
425
667
412
484
708
540
629
800
497
490
602
468
614
592
706
503
635
554
763
817
566
709
767
723
457
444
678
686
755
603
687
564
568
542
670
364
455
592
590
624
710
708
546
709
552
626
459
616
667
468
617
693
578
658
492
830
709
570
516
542
502
640
757
652
597
554
708
449
457
498
555
644
623
632
600
555
625
707
599
441
617
686
658
637
759
604
608
521
330
501
676
626
603
551
640
890
605
520
624
327
592
460
618
555
504
441
641
605
755
404
535
794
664
630
592
608
686
743
538
546
604
552
769
546
639
428
516
600
808
699
624
579
699
524
641
573
470
760
693
611
804
517
681
609
775
676
702
743
651
743
713
738
585
500
551
423
669
694
694
626
484
522
512
514
760
594
426
505
494
582
708
858
669
713
622
508
590
672
554
672
562
671
433
555
513
623
493
610
770
554
457
709
728
662
535
654
655
415
376
614
631
644
547
621
512
737
541
584
654
615
551
725
492
578
487
528
776
453
551
619
457
724
599
632
505
695
769
714
511
555
673
359
563
415
643
674
499
515
698
526
767
495
460
627
548
725
595
490
561
701
659
557
761
520
586
721
671
693
646
451
584
586
431
604
581
643
475
525
489
612
768
800
535
664
470
510
468
773
672
601
523
791
486
317
516
340
525
414
580
640
578
580
556
584
651
593
330
458
462
709
523
645
569
632
603
596
691
756
633
719
643
687
707
395
436
508
595
599
775
547
678
641
423
660
647
745
760
664
735
579
626
465
525
774
416
622
309
499
557
519
648
544
556
629
749
595
626
453
477
657
536
658
613
632
541
451
689
504
345
496
550
882
639
610
473
485
521
539
605
671
689
721
389
606
607
624
771
523
565
674
595
623
655
572
524
700
585
567
558
760
687
709
539
514
552
742
735
605
442
619
530
678
485
530
513
507
545
585
631
592
628
647
610
574
496
654
422
553
497
565
586
499
616
642
833
770
733
824
611
570
748
570
441
553
600
609
521
699
521
726
498
689
468
604
527
493
670
693
586
799
645
557
562
676
530
592
543
577
477
541
652
629
680
471
529
660
741
678
609
688
493
681
563
568
506
388
677
538
477
586
554
576
737
580
789
522
513
470
495
452
673
702
517
627
596
396
536
540
643
725
653
547
482
510
499
682
448
593
548
592
679
625
562
608
650
752
597
588
451
727
502
581
747
523
431
648
622
683
490
572
661
621
756
557
784
605
591
631
461
538
438
589
423
540
639
562
610
548
588
597
738
502
649
486
615
556
798
541
517
503
551
461
738
495
552
484
550
561
460
622
631
575
609
378
776
507
598
701
752
620
776
579
485
723
527
520
582
575
516
553
421
645
713
763
479
689
438
619
382
603
677
522
486
630
538
447
389
693
592
538
693
673
507
575
578
706
579
641
699
602
571
586
562
628
424
536
691
693
626
364
430
661
591
492
426
481
476
654
259
810
433
695
645
617
665
460
623
651
559
715
583
571
731
607
589
555
695
522
631
553
655
562
754
499
634
708
765
704
745
655
540
557
785
514
564
675
785
633
506
619
678
558
555
648
397
660
491
364
750
615
766
633
597
483
679
680
625
610
670
731
675
671
540
624
631
592
475
506
623
519
678
690
652
512
649
496
403
532
608
371
665
646
787
648
604
652
397
740
467
708
607
577
687
358
711
624
746
662
472
722
560
684
634
603
716
680
565
479
789
595
460
545
472
558
657
792
708
542
441
671
451
705
796
579
536
513
769
707
596
529
587
713
434
613
468
502
510
595
533
457
654
636
512
621
676
616
576
566
510
379
704
463
491
766
611
703
497
742
712
651
532
782
480
665
596
598
531
694
490
657
590
715
578
787
603
678
552
592
710
613
683
551
596
466
763
605
681
667
566
658
510
697
575
663
635
624
588
530
604
757
604
520
515
493
490
527
637
568
578
541
453
665
589
701
553
816
606
480
648
537
610
691
524
620
506
541
608
673
621
602
679
657
426
696
739
637
406
608
772
479
551
679
588
605
528
927
532
645
577
479
653
726
815
453
527
594
568
693
674
576
579
584
504
588
532
425
604
586
586
452
524
400
661
627
583
660
587
625
724
558
592
622
706
579
694
609
522
691
640
513
665
666
705
580
651
537
633
624
416
542
691
514
575
670
579
682
597
615
765
492
452
603
577
529
514
515
604
452
588
416
684
481
580
628
701
571
500
616
536
729
523
631
628
658
677
697
431
686
621
419
624
527
725
380
618
582
680
641
590
566
509
650
638
597
698
635
543
805
540
548
550
643
647
762
607
484
617
576
484
634
670
614
607
466
528
633
743
527
598
516
520
542
693
558
605
531
883
548
691
556
622
604
690
491
781
696
620
700
456
571
816
399
632
398
544
637
555
561
674
692
643
613
539
608
541
745
670
677
626
442
448
650
524
799
548
639
587
737
484
647
554
411
662
606
629
636
681
554
618
660
604
485
606
542
735
751
577
698
451
566
433
637
845
522
704
631
553
618
710
624
648
701
544
593
606
613
415
646
793
535
518
519
625
440
629
452
613
553
570
519
641
703
556
565
753
677
568
652
551
716
768
527
500
504
630
668
507
841
553
491
583
696
714
661
740
654
648
698
631
722
708
476
563
600
612
550
631
509
517
649
572
736
551
655
699
559
403
382
616
708
614
683
649
548
742
594
492
594
683
603
438
636
621
613
627
358
453
426
580
682
422
674
534
698
483
746
618
604
418
441
645
673
653
653
664
365
651
647
625
568
592
527
574
499
526
571
661
587
648
645
830
644
634
702
437
635
627
763
677
683
696
686
648
658
553
640
531
740
299
686
532
626
731
680
415
443
556
580
681
572
511
664
607
796
472
564
526
718
663
602
485
636
475
542
541
608
639
524
500
655
533
492
432
621
644
659
547
459
639
650
607
490
491
557
679
518
607
530
681
612
548
457
689
815
360
503
585
615
591
716
641
622
517
702
559
458
640
487
556
739
537
646
801
553
659
540
585
530
529
512
513
554
665
601
578
596
559
450
661
544
602
422
673
459
428
638
527
621
567
719
523
692
525
591
670
485
595
491
569
665
667
509
539
758
814
728
490
650
513
502
629
539
663
708
513
577
802
639
702
672
446
488
592
564
633
467
714
617
719
516
543
513
592
625
574
583
536
586
768
581
545
603
567
602
590
528
497
506
745
474
610
511
700
529
644
629
275
496
401
626
589
581
493
607
619
546
479
553
563
620
726
590
791
509
629
772
633
587
690
580
499
531
563
645
542
784
619
585
761
566
652
569
755
625
706
576
676
639
593
690
619
674
668
578
699
601
581
572
646
497
662
854
495
699
741
762
769
718
548
620
691
623
551
623
544
514
493
611
558
469
556
505
559
491
609
506
531
570
596
477
611
506
594
839
488
604
567
613
788
629
664
712
576
582
518
640
490
425
717
518
789
652
757
486
675
606
514
506
619
414
579
625
615
545
536
512
435
716
336
596
530
654
651
640
573
694
582
573
624
422
677
703
788
372
650
527
616
612
686
819
637
624
698
624
699
703
510
684
836
682
618
597
614
737
752
562
614
743
576
481
554
657
488
570
512
639
654
599
594
526
673
501
696
817
548
538
659
528
533
501
583
500
689
598
588
565
494
597
481
440
647
488
694
521
516
676
480
797
581
754
569
743
633
532
682
702
715
682
535
555
492
669
578
374
614
579
522
454
655
625
520
661
711
553
768
518
820
563
643
593
616
567
495
731
651
511
650
738
738
628
509
769
565
477
615
550
487
532
818
667
544
482
641
621
487
720
546
735
512
460
542
677
592
704
749
589
474
736
482
753
762
600
511
528
715
695
649
582
435
666
748
622
633
584
627
530
608
493
683
700
616
746
617
504
729
601
630
357
486
567
713
683
447
743
530
645
588
721
705
591
706
427
513
477
648
559
540
497
533
484
669
418
758
594
741
471
627
808
502
717
613
473
531
686
546
611
610
540
663
552
563
560
683
500
571
658
513
666
503
565
734
568
741
602
576
700
605
761
776
590
375
694
769
691
490
572
611
594
557
413
616
666
570
647
491
371
656
579
557
565
600
621
584
601
559
714
602
629
633
731
542
672
588
538
593
625
689
539
519
587
693
668
736
715
623
638
553
653
602
526
694
698
593
591
502
608
750
649
605
579
636
629
315
656
497
530
497
649
611
499
503
639
569
622
680
406
557
766
641
539
707
480
415
471
629
542
555
506
518
501
786
453
564
629
596
322
706
645
646
665
636
616
725
646
491
558
720
326
510
568
563
670
520
673
531
672
762
471
718
343
645
581
713
577
639
667
555
428
724
420
587
649
682
607
533
713
614
607
647
553
671
814
469
698
656
520
458
615
727
561
635
533
609
713
532
482
770
588
550
607
754
566
599
508
360
553
655
611
746
700
655
810
721
692
566
653
559
657
595
592
433
680
553
518
712
580
719
547
700
522
559
414
637
606
473
768
634
659
650
600
565
663
691
550
689
556
594
625
708
571
529
462
501
667
592
671
649
579
590
672
436
558
648
510
451
701
472
583
710
630
609
613
544
511
698
540
523
625
434
524
600
565
501
629
588
596
573
733
615
555
403
621
494
631
480
514
674
407
531
472
727
599
502
340
532
658
375
536
789
549
827
474
694
629
643
686
489
672
534
649
543
591
465
462
545
721
456
636
566
577
716
737
603
572
619
764
550
695
672
500
634
797
667
669
656
689
708
589
670
616
631
678
590
590
610
623
724
524
549
482
586
288
545
504
709
658
581
595
572
619
552
373
632
459
659
597
710
529
539
584
689
517
673
720
548
626
496
769
629
678
740
642
551
570
440
617
660
512
614
681
592
579
481
594
472
649
667
619
652
463
570
621
674
513
651
531
544
619
695
507
614
613
637
734
600
552
731
584
344
491
583
519
589
685
593
611
746
550
817
610
646
525
730
483
589
520
458
599
565
440
511
543
663
659
499
483
636
620
569
439
666
590
805
619
591
512
547
436
484
600
637
437
563
549
724
806
686
715
689
506
753
625
487
552
658
643
752
351
533
382
432
578
639
779
592
709
525
538
514
721
584
556
730
618
388
646
730
599
822
521
577
564
329
529
523
574
461
810
772
515
663
561
692
780
473
691
692
438
564
652
716
599
606
555
591
527
529
721
625
674
363
676
741
630
755
593
719
453
701
590
516
700
497
825
461
513
529
531
793
574
675
685
600
756
438
439
736
565
603
660
520
494
634
438
636
459
655
447
763
542
515
618
506
629
616
327
583
583
560
626
562
538
565
685
577
580
526
711
531
638
527
613
756
600
657
559
722
769
752
557
664
598
573
666
619
761
724
595
636
561
461
684
660
571
625
533
585
833
656
814
610
601
534
685
655
532
714
517
651
699
570
566
639
598
488
439
691
588
538
484
684
586
856
765
531
659
574
557
491
507
503
564
608
630
770
692
820
539
643
581
720
601
362
575
669
673
611
636
664
554
598
662
678
490
835
622
607
604
468
587
546
569
694
671
616
558
640
569
486
458
660
420
515
518
754
584
508
653
663
633
522
776
593
518
701
474
495
657
502
668
440
430
760
646
510
391
590
386
619
539
749
535
595
489
594
630
489
472
580
491
505
616
583
559
639
638
712
583
722
638
494
633
542
549
465
537
555
658
517
644
709
463
654
730
621
531
541
516
536
407
429
621
418
606
691
743
434
540
584
670
428
624
431
578
537
600
400
408
523
641
451
478
658
675
416
619
531
593
597
689
627
829
640
586
579
513
429
580
519
565
754
648
627
705
533
651
564
508
431
737
643
592
647
636
459
548
547
685
641
509
710
501
571
512
756
595
658
567
683
578
567
577
565
608
625
617
504
834
642
750
600
472
506
832
535
455
508
444
578
538
759
819
520
611
590
706
431
624
611
674
576
614
550
670
473
648
610
708
522
574
495
608
679
632
445
556
462
773
557
528
804
646
443
639
702
687
705
646
627
512
690
678
547
789
679
509
741
593
579
645
606
622
593
647
800
635
456
709
387
900
713
617
595
728
642
623
532
442
549
489
655
658
620
609
627
625
486
539
489
714
536
460
521
783
563
680
591
755
520
502
443
642
691
646
463
454
582
742
651
685
677
564
691
662
545
527
491
487
527
629
788
449
404
435
562
630
550
579
659
550
501
826
417
338
681
558
509
566
727
446
603
558
588
588
505
622
496
791
626
568
593
660
757
461
550
424
608
432
565
470
385
561
712
474
518
554
619
623
608
670
627
623
613
512
552
830
524
575
654
577
525
376
372
551
567
565
542
544
584
672
685
515
638
575
590
643
595
587
412
703
586
583
648
578
693
540
742
785
571
633
448
808
562
652
638
594
670
600
690
541
494
337
567
548
687
619
570
442
591
463
599
579
631
577
670
703
635
676
603
670
712
625
462
634
624
632
616
533
785
720
583
654
596
488
652
687
658
821
453
610
663
528
626
603
624
706
652
638
686
769
685
339
615
744
608
624
490
711
584
698
797
601
689
587
526
625
512
477
726
553
510
509
611
616
534
513
607
748
738
749
426
618
561
637
433
504
460
542
640
574
537
547
659
611
617
693
607
732
699
615
760
635
587
296
666
724
632
469
461
609
640
533
507
558
589
456
685
685
766
608
613
523
751
551
392
455
526
579
601
510
511
618
782
421
603
498
582
570
731
435
525
573
559
677
608
511
611
716
601
607
629
625
565
604
638
710
701
717
705
665
571
661
435
544
629
557
486
791
600
644
613
596
513
516
617
506
450
499
469
513
757
585
533
498
549
711
401
562
484
692
531
751
495
696
577
819
625
601
591
744
458
613
625
670
614
542
672
829
715
371
548
562
640
484
590
480
795
722
488
541
666
642
739
548
566
722
647
594
503
563
584
630
686
456
682
538
631
598
595
577
645
760
535
569
541
669
733
654
607
624
532
607
485
698
697
595
624
638
599
719
466
647
472
535
516
557
461
757
494
681
539
713
550
716
574
520
408
743
714
721
528
701
581
642
648
599
537
695
635
580
562
782
523
566
584
598
591
772
778
717
429
555
550
543
349
538
493
541
659
681
671
578
632
655
615
518
655
509
582
626
670
629
642
635
653
563
805
673
767
598
606
634
534
776
609
560
604
703
730
506
640
693
452
767
655
759
610
531
666
503
510
493
600
409
666
405
795
375
598
654
494
588
492
678
662
779
657
655
652
525
720
689
585
678
699
464
513
373
589
639
643
553
600
631
601
653
669
661
580
554
564
632
384
579
500
455
615
703
688
578
560
508
550
642
566
633
556
941
552
706
627
810
509
564
606
547
706
564
788
544
689
620
797
568
645
786
581
664
666
670
470
610
654
556
463
679
622
698
363
724
545
496
556
754
751
847
761
595
670
409
459
685
600
708
740
482
623
626
609
556
623
524
648
863
621
414
605
516
688
561
558
663
630
653
635
593
422
752
677
640
707
591
591
721
611
505
583
498
654
629
606
566
735
559
628
615
751
575
553
422
509
588
764
535
542
532
616
690
715
533
624
679
462
553
620
427
570
616
410
506
597
571
507
887
516
634
721
557
534
713
665
754
539
695
319
694
666
753
511
658
632
504
558
451
529
454
756
688
595
596
587
531
623
619
565
575
726
600
672
587
378
485
576
649
553
620
571
467
592
655
484
674
548
661
486
496
620
576
685
659
481
564
589
416
683
461
561
757
302
481
677
561
487
680
462
609
771
719
498
497
613
397
687
568
548
630
484
550
564
483
464
586
691
509
485
532
532
519
624
712
570
572
548
709
462
474
615
574
732
671
782
534
568
410
474
666
553
628
516
565
602
546
504
591
751
564
866
478
585
553
419
611
568
647
556
690
525
563
404
621
367
634
530
548
847
675
434
664
824
517
558
697
672
610
639
619
640
532
723
577
591
593
587
693
666
369
673
472
540
608
445
624
660
625
614
334
570
473
429
480
715
619
627
673
549
371
546
706
465
625
655
705
550
555
509
762
568
494
680
594
631
528
702
678
626
618
590
570
432
743
452
787
680
619
745
480
487
699
603
652
618
471
451
552
515
875
609
675
573
531
471
553
651
574
787
550
577
645
563
530
540
684
483
518
702
615
719
746
506
753
611
702
500
546
519
492
570
715
568
619
548
512
479
668
581
644
739
557
702
571
447
616
628
494
472
580
637
565
549
621
687
472
736
576
569
726
508
600
683
494
454
434
469
523
817
603
761
667
691
725
569
613
543
737
674
624
658
351
635
552
661
752
529
583
619
471
557
528
830
752
554
604
440
528
481
524
621
622
628
618
643
470
507
479
515
511
522
469
442
691
734
630
623
411
530
666
543
596
602
515
555
740
708
694
723
676
703
619
751
536
506
751
435
720
699
719
474
698
586
668
815
480
687
561
746
700
592
492
753
465
607
541
546
571
625
606
606
551
674
624
708
657
543
711
498
592
543
431
603
558
606
730
529
620
515
581
549
662
482
555
416
610
674
621
718
628
559
627
614
492
496
636
725
668
554
795
665
405
615
561
519
678
450
630
470
577
689
607
608
687
686
588
595
567
646
529
638
777
567
580
611
595
553
613
678
790
584
479
678
514
550
359
502
490
409
513
507
341
526
697
434
684
657
572
384
794
703
650
499
432
647
731
461
832
621
635
576
511
767
654
585
601
598
670
699
600
668
552
666
582
625
631
605
829
649
648
472
675
615
685
566
549
729
660
684
499
652
528
765
538
720
569
724
412
548
527
461
517
650
542
737
518
535
701
585
456
646
484
565
674
565
790
577
650
700
694
610
643
581
659
813
790
620
588
496
485
676
629
630
519
723
817
586
580
625
521
613
662
697
765
551
707
434
455
583
513
487
540
529
561
603
603
564
596
639
477
488
543
593
473
684
553
645
517
620
532
570
750
608
542
437
413
483
400
681
721
538
749
577
583
534
514
422
464
735
780
609
544
551
670
562
587
587
547
412
579
596
720
680
615
616
541
574
569
441
551
694
584
619
501
301
723
744
549
610
581
518
641
755
480
687
701
671
639
784
535
604
565
621
554
580
397
572
705
589
847
582
739
633
640
693
466
507
728
629
646
525
565
666
605
736
672
643
732
555
660
532
612
689
453
517
575
568
504
614
492
764
566
487
520
307
612
712
573
684
769
796
773
483
681
632
666
494
451
418
690
603
750
642
688
511
568
683
580
632
632
479
568
603
483
841
645
760
550
632
817
697
425
657
429
555
659
482
440
676
457
745
633
623
604
505
620
605
469
674
629
698
547
597
607
723
601
625
598
377
612
580
477
738
790
509
649
617
368
535
689
534
670
564
508
584
762
452
627
386
533
505
860
451
749
648
717
635
552
426
703
654
738
503
600
616
677
551
621
502
816
596
598
444
764
512
660
501
643
606
552
739
584
552
578
591
732
591
602
640
522
732
534
597
460
704
473
669
469
583
566
490
756
559
562
602
722
586
688
652
714
677
558
659
605
621
596
653
632
577
425
623
597
718
655
667
471
502
530
475
720
661
586
564
583
605
606
662
509
457
649
507
572
537
557
643
715
739
716
616
515
582
536
633
435
654
685
590
717
420
780
690
660
698
607
647
613
569
583
757
628
604
520
439
647
714
631
601
345
647
622
679
749
635
815
515
738
537
406
549
709
684
432
718
549
543
653
594
574
658
726
534
647
537
562
649
737
696
565
620
538
554
568
512
646
662
557
594
667
652
698
576
624
743
630
605
561
765
596
693
540
698
441
602
575
569
645
710
664
688
652
565
554
584
634
551
677
598
685
600
499
517
617
744
585
696
609
508
481
595
379
580
434
517
573
407
660
675
678
167
560
604
605
648
363
603
585
461
617
630
667
562
445
660
649
541
574
426
460
452
800
538
728
698
578
616
513
580
501
570
716
583
633
618
568
629
547
521
646
545
658
551
618
709
539
623
565
588
612
589
554
593
468
450
649
679
701
644
837
576
623
689
533
575
768
608
492
619
566
463
800
555
611
614
659
689
633
444
534
456
682
621
656
662
557
516
631
587
631
665
545
570
663
554
731
613
823
477
437
561
669
731
540
571
564
643
458
786
732
651
601
629
461
403
780
650
680
730
486
550
692
607
735
564
641
388
697
522
594
665
800
528
546
577
617
569
552
735
670
738
602
408
622
532
529
606
447
644
738
661
626
791
580
528
376
650
650
468
702
684
658
679
453
593
562
482
590
652
519
659
572
466
361
578
673
636
803
703
738
650
537
745
479
644
538
782
594
502
572
564
700
521
676
561
681
651
694
507
572
700
707
584
610
701
600
402
740
629
607
436
573
510
709
556
538
532
620
521
558
721
681
525
657
503
772
594
656
505
594
509
525
591
569
712
586
738
647
792
444
618
650
531
551
733
632
641
541
638
473
643
628
641
630
678
729
370
534
798
564
514
575
430
614
637
694
680
533
518
445
577
659
616
413
603
711
549
640
530
716
595
587
749
567
546
542
724
671
535
692
650
386
597
820
622
688
544
552
580
496
714
477
593
668
588
536
661
574
720
619
541
883
662
665
728
804
592
540
740
546
632
633
440
611
639
609
756
612
376
724
666
488
512
632
677
452
567
467
688
618
632
546
714
602
502
796
366
664
706
574
557
513
578
670
672
548
736
551
561
556
751
465
556
363
564
723
630
658
572
542
596
562
539
436
548
495
686
577
635
609
506
648
444
736
649
633
623
619
635
786
762
538
792
706
614
639
757
420
494
374
639
602
841
727
543
554
682
657
663
515
710
713
489
365
682
366
562
650
685
513
493
603
800
666
689
793
625
692
405
677
697
598
705
635
482
554
550
539
513
698
768
513
471
487
527
677
585
494
555
670
683
657
595
627
415
703
555
531
739
480
514
717
450
393
661
451
755
507
687
572
632
416
503
582
572
610
522
661
488
615
589
531
652
511
305
411
542
629
678
453
552
546
622
692
560
487
777
532
649
745
637
380
574
570
514
488
664
645
440
741
709
611
714
537
627
523
498
542
572
447
617
581
528
671
659
607
678
673
606
721
622
688
622
767
633
616
712
533
409
583
427
675
597
671
467
677
526
576
581
543
744
692
696
629
603
636
763
610
588
399
366
600
662
500
634
469
390
617
732
510
601
652
663
649
523
802
646
577
564
594
454
541
748
611
495
535
594
539
827
610
561
668
685
575
756
552
499
567
481
661
714
635
726
609
525
588
754
694
757
633
555
469
622
599
724
662
699
585
643
517
526
572
855
519
767
669
631
753
560
515
438
489
667
823
673
578
660
655
452
455
551
536
511
556
646
689
463
592
765
643
446
606
491
675
805
552
608
593
574
437
616
638
556
387
616
526
754
603
578
624
618
599
763
508
544
715
648
657
644
625
573
618
528
560
610
576
557
386
911
579
607
695
583
453
720
456
661
547
803
443
586
885
482
571
732
704
862
733
733
660
542
677
472
536
577
775
692
692
496
535
609
592
476
771
679
618
596
409
609
368
542
643
565
742
569
692
530
731
644
398
578
740
562
557
674
415
473
663
754
627
653
638
536
610
757
591
582
368
541
429
638
454
717
667
574
573
511
551
630
648
694
515
755
360
685
723
645
564
517
710
425
480
502
572
585
622
764
514
439
728
655
694
602
677
403
500
584
527
546
590
481
625
624
761
449
646
721
618
500
529
673
631
697
680
430
563
639
549
545
573
584
553
648
569
727
752
527
543
628
687
758
670
623
523
553
762
567
601
375
680
602
567
629
698
391
536
679
779
548
668
727
607
502
750
715
449
651
541
523
553
608
593
715
487
566
638
605
656
365
401
665
396
585
640
619
615
561
601
717
628
731
675
528
718
483
691
599
504
548
508
598
560
804
655
561
433
397
570
681
654
796
413
706
694
473
624
709
467
628
567
515
578
553
640
480
606
616
639
673
594
467
666
673
817
606
484
573
624
618
662
633
503
675
684
660
575
664
590
667
733
540
762
590
522
512
533
573
740
455
576
552
583
612
535
576
569
656
613
540
699
622
590
623
410
713
670
651
541
462
522
626
742
758
692
574
673
684
511
568
752
696
495
749
588
518
653
567
631
677
631
646
759
545
496
334
631
602
599
501
532
488
419
465
550
819
497
473
617
706
657
528
855
603
498
756
711
740
585
777
561
530
671
434
664
733
586
731
528
666
713
436
539
495
642
819
614
599
456
461
656
706
537
556
504
463
787
674
671
488
589
271
729
847
516
686
442
686
731
631
815
592
687
629
559
619
607
696
652
783
538
733
678
535
554
474
501
534
628
561
729
551
692
757
543
415
522
566
528
711
754
439
903
709
602
431
604
590
551
650
492
710
664
403
633
621
550
780
630
526
485
575
685
646
732
578
573
733
403
594
689
648
519
475
648
541
668
613
428
522
647
577
760
508
697
563
750
673
668
658
602
597
647
527
752
606
521
534
522
435
855
610
551
747
595
655
618
773
514
526
510
524
588
689
559
744
557
555
487
720
636
660
564
391
664
383
680
755
574
665
513
742
479
689
647
755
591
709
538
658
670
537
595
633
551
682
710
303
688
508
768
550
433
561
486
586
640
628
671
637
541
592
479
465
829
695
479
771
697
639
575
534
516
536
538
661
650
467
656
637
750
464
494
614
680
602
612
621
687
530
487
731
695
577
525
634
740
582
503
512
546
580
621
557
567
612
549
635
690
678
667
664
453
646
603
623
633
616
706
699
528
766
659
513
610
703
554
594
542
639
411
560
625
781
601
651
543
576
486
880
669
540
690
501
625
567
654
811
488
725
614
576
634
670
633
694
549
658
544
764
458
671
659
592
750
575
857
680
786
708
562
643
700
651
463
705
642
518
567
660
485
698
663
645
516
681
860
629
754
531
608
560
657
642
501
261
408
636
637
401
480
475
797
553
489
612
688
700
712
708
881
651
477
634
385
494
652
527
598
681
579
560
724
609
568
742
743
466
754
932
458
602
625
558
365
625
770
652
648
640
478
479
598
703
614
612
629
666
673
503
588
496
454
719
672
527
595
602
594
589
513
709
720
527
744
551
529
581
447
524
520
640
707
691
702
731
532
388
592
540
860
506
520
762
777
673
754
508
651
428
467
429
524
642
623
518
827
703
632
661
651
527
598
512
633
716
674
775
670
597
727
594
480
406
670
464
754
533
662
504
667
526
643
666
588
555
579
756
725
559
503
778
645
617
462
598
519
476
696
608
465
603
557
584
643
549
564
624
661
647
677
556
625
463
571
444
685
588
755
493
651
753
512
481
475
719
519
707
778
742
675
490
693
728
657
558
503
570
708
525
513
682
699
587
651
649
479
573
607
514
678
732
686
662
658
589
612
668
676
580
527
616
390
720
606
728
515
632
621
661
559
551
472
654
462
496
566
589
442
615
565
619
500
517
404
702
612
653
786
679
731
589
541
553
804
559
490
758
606
619
421
342
645
607
502
687
578
640
621
532
675
466
563
660
653
618
599
608
737
609
629
558
691
723
629
636
623
524
455
641
559
560
595
527
549
678
641
683
613
471
598
545
795
460
689
705
334
534
629
713
550
539
553
583
564
511
716
480
624
751
503
607
623
592
685
463
465
613
650
477
630
627
622
769
507
571
670
624
466
693
677
384
848
517
685
604
485
730
553
581
824
580
515
675
716
475
683
410
491
488
694
579
686
630
582
595
717
501
513
636
597
639
719
759
523
662
564
558
664
568
535
621
656
560
702
541
554
726
626
676
539
543
677
715
675
582
404
546
761
667
549
512
470
597
704
497
599
642
834
668
619
766
702
691
579
759
456
700
592
501
657
604
537
630
649
662
503
343
459
733
362
634
615
639
619
667
528
607
559
652
570
657
480
594
472
516
381
498
816
520
613
612
455
540
577
570
527
581
532
593
703
679
744
532
765
654
531
546
435
709
825
415
677
649
635
757
670
598
598
561
612
648
563
560
548
533
762
650
426
633
568
543
485
656
607
578
789
605
675
598
566
611
492
377
618
660
574
516
611
778
658
523
668
775
660
584
617
582
733
704
708
629
576
758
553
521
573
448
722
619
703
565
596
575
458
583
387
553
610
483
708
625
469
550
409
638
607
636
681
607
678
578
600
717
688
551
390
484
610
546
541
757
611
578
562
561
417
689
530
497
554
563
692
644
697
576
531
608
558
422
606
794
700
622
513
600
430
531
808
611
613
497
471
625
584
551
612
740
719
604
430
667
709
611
616
628
650
732
724
458
849
640
630
600
712
662
440
732
594
775
758
524
746
508
587
841
563
492
490
572
513
459
511
604
592
648
574
806
657
585
351
586
302
407
470
652
434
686
638
494
591
605
452
719
417
672
592
647
636
605
547
614
618
551
568
585
685
481
493
747
465
595
627
658
681
550
570
409
530
638
719
545
581
694
649
704
426
727
555
475
564
719
537
727
498
562
547
716
566
705
605
607
597
451
795
542
605
652
632
480
730
562
797
509
483
318
666
576
803
412
358
403
629
606
504
492
643
643
696
624
532
754
546
546
649
573
575
769
537
521
683
504
651
482
689
572
746
666
749
610
658
825
655
509
567
574
613
526
579
606
778
463
686
618
639
575
605
379
554
641
706
728
634
776
816
477
633
545
676
659
513
507
583
527
549
556
713
545
696
501
455
491
709
634
575
689
484
457
695
612
432
705
659
375
499
650
428
619
605
382
504
497
692
562
499
625
690
466
724
623
500
466
521
652
646
558
759
877
775
815
624
781
702
609
547
582
763
453
584
476
607
464
436
720
613
436
820
649
687
536
505
660
672
615
705
459
496
646
531
817
505
539
565
501
686
511
477
596
494
564
373
433
631
671
560
597
631
673
708
571
571
787
742
778
590
648
593
724
712
584
563
588
521
390
607
536
654
731
725
686
651
706
538
627
640
554
584
508
656
648
640
534
466
557
583
696
648
639
660
916
630
519
402
660
515
586
535
632
571
519
611
559
541
659
684
710
544
554
599
596
689
705
631
432
685
583
748
525
440
564
622
510
632
621
601
737
708
648
638
664
608
538
446
640
406
725
632
633
677
730
483
374
637
507
410
614
562
581
629
532
651
477
754
527
761
563
384
488
841
407
581
742
547
465
766
497
550
657
573
723
732
453
762
555
693
617
662
631
769
529
644
607
592
525
483
552
760
664
761
512
510
548
918
484
684
598
569
725
554
669
649
733
628
546
710
539
666
575
696
580
758
686
608
700
795
590
732
664
548
740
690
593
727
727
595
663
664
594
695
482
581
665
651
469
364
579
735
618
598
494
493
429
680
470
520
572
693
671
578
573
515
585
618
664
673
565
549
563
683
395
597
491
638
651
669
665
575
575
667
526
547
750
677
729
585
706
507
438
612
534
539
683
715
654
505
555
646
704
527
609
459
650
680
753
617
595
583
604
644
567
427
644
702
516
610
526
534
558
514
672
447
516
602
799
567
675
620
568
416
675
455
624
505
555
533
746
546
521
582
648
649
622
435
798
611
680
483
377
680
567
670
592
645
738
545
773
468
437
465
653
566
475
664
556
622
601
479
538
692
506
687
579
745
449
612
663
697
670
561
616
695
462
602
786
422
487
478
538
571
782
690
241
508
599
591
616
523
661
575
596
663
604
601
410
500
608
552
821
744
689
585
543
652
503
659
724
327
602
509
494
543
603
529
599
383
688
583
604
649
650
501
683
576
507
572
573
825
543
735
553
553
638
597
527
642
454
486
573
665
481
606
498
542
717
631
670
637
677
503
672
364
530
639
622
582
539
746
621
491
496
572
535
612
610
584
580
474
616
637
552
609
738
802
599
520
513
472
683
593
296
555
562
717
382
706
523
693
548
603
645
518
719
486
409
568
678
685
629
607
609
621
613
581
637
695
551
508
552
659
613
590
566
656
814
610
717
606
606
729
522
579
502
617
450
556
718
688
596
554
708
799
499
560
420
502
496
632
611
629
493
508
564
517
780
625
654
606
522
592
716
499
618
456
500
407
493
803
635
605
618
644
475
418
618
722
700
589
634
802
452
589
415
639
605
553
577
653
629
393
454
524
573
563
488
589
569
489
603
593
718
737
553
681
399
661
564
615
834
534
576
494
706
557
460
493
438
591
678
554
725
641
521
537
635
766
636
714
397
525
627
713
536
551
652
619
489
687
690
658
678
714
626
654
765
558
638
442
745
694
445
738
589
864
466
658
432
546
521
693
506
649
747
619
565
463
563
481
581
589
463
626
668
517
595
564
658
716
716
652
656
629
479
420
830
593
769
533
591
667
590
586
708
529
637
598
659
517
627
582
669
575
831
670
641
634
559
498
790
652
665
807
580
544
585
622
413
533
684
591
489
462
721
683
679
595
391
677
529
619
586
647
508
613
570
694
418
620
536
601
427
636
672
489
633
508
318
515
602
618
713
579
443
738
779
572
589
687
505
583
576
539
398
551
617
606
803
503
715
634
799
657
672
633
652
708
711
565
679
541
604
750
640
567
785
696
706
624
666
498
714
500
502
602
653
550
623
736
531
705
493
678
633
511
663
585
602
790
648
369
622
382
472
654
566
647
516
719
555
499
575
633
593
561
635
598
868
554
812
566
412
732
489
587
571
433
543
554
702
738
625
543
872
434
486
592
633
758
671
696
549
750
559
527
444
545
628
623
508
555
554
523
767
702
674
456
733
649
675
732
553
500
561
415
625
646
578
677
650
455
680
724
784
426
632
763
784
667
556
486
601
678
700
540
578
643
635
478
630
589
414
537
654
663
697
613
627
642
624
608
