533	521
594	542
556	595
592	604
694	664
649	663
817	604
782	426
545	480
738	617
466	566
605	439
556	590
493	490
660	497
676	610
500	608
545	573
463	578
535	693
611	577
471	384
568	644
736	692
554	552
560	775
437	747
639	496
687	682
542	474
522	575
490	678
661	572
706	725
417	620
645	691
724	514
564	592
517	501
584	501
570	404
729	697
674	570
688	552
547	716
644	562
685	747
554	549
663	565
406	657
494	510
605	611
428	480
635	494
692	579
617	537
688	498
496	671
550	521
616	593
422	503
475	523
512	594
625	456
693	556
511	644
529	494
610	720
582	578
501	722
595	512
582	733
611	558
601	650
505	680
746	505
595	700
512	861
678	556
680	635
561	687
480	482
551	746
610	583
617	390
662	620
583	417
577	635
538	656
486	694
609	587
683	756
522	557
504	534
540	581
660	564
355	601
667	694
632	702
593	410
739	727
567	669
637	481
557	534
456	530
646	632
786	648
347	815
611	532
416	602
567	551
471	461
616	869
606	663
884	558
573	475
517	537
403	940
508	636
504	451
623	493
528	449
597	613
630	496
530	574
591	676
501	573
548	711
658	573
614	676
722	618
508	556
605	644
440	502
450	657
677	538
667	399
512	520
533	413
620	538
603	556
577	737
656	481
343	655
658	571
558	588
609	465
502	440
507	679
703	505
633	528
638	579
769	634
454	698
565	453
640	683
753	749
578	514
644	611
667	585
576	817
435	550
528	726
733	579
580	631
427	595
712	735
714	585
486	789
555	607
594	683
919	630
757	805
455	671
540	658
841	636
597	656
769	567
539	678
666	403
464	812
761	640
635	746
707	598
822	433
556	688
672	819
677	617
501	713
601	595
674	464
619	579
615	617
519	496
735	819
551	623
707	607
564	560
533	744
561	561
630	595
759	648
595	624
558	748
524	599
653	554
475	743
624	539
780	514
541	605
693	604
499	628
592	733
724	669
642	606
501	745
639	605
572	537
576	554
646	596
676	689
791	562
647	549
830	628
684	448
653	680
516	615
563	514
588	494
538	484
522	583
650	645
502	536
555	469
518	664
578	629
495	618
549	574
593	492
661	595
509	462
457	669
742	496
542	391
559	663
617	685
566	462
570	684
626	587
726	442
658	611
730	623
531	525
615	579
665	612
783	535
484	669
667	578
675	552
640	432
575	524
557	559
547	660
594	531
280	512
662	607
918	543
493	447
575	539
496	618
648	728
680	697
662	557
576	619
575	644
680	747
413	615
541	706
611	567
432	616
512	517
613	734
738	382
796	527
577	545
587	595
423	635
727	588
411	500
480	568
508	645
640	703
621	689
503	477
672	577
588	478
700	627
428	663
599	763
563	620
560	612
721	680
678	637
570	398
598	552
512	624
658	528
688	522
644	606
508	609
716	836
535	543
516	502
568	654
650	752
681	657
839	642
434	600
767	705
749	755
525	510
569	574
748	524
647	558
683	751
716	636
673	514
690	613
439	710
746	576
325	690
671	458
704	753
619	693
588	573
772	696
674	419
376	637
587	650
392	776
654	639
522	499
668	632
630	463
699	777
785	647
564	500
672	504
714	718
754	556
659	482
545	603
547	663
720	467
589	638
656	604
562	516
594	560
627	707
515	519
727	403
559	581
462	599
547	659
527	577
546	350
764	674
544	678
581	511
580	774
591	628
504	693
497	677
659	807
549	571
704	486
804	617
742	583
715	657
539	689
595	746
587	498
855	518
509	588
540	769
692	618
588	394
623	674
691	565
678	619
669	722
780	633
678	500
640	402
725	737
501	546
655	678
636	592
594	642
729	608
427	507
520	512
668	668
483	553
433	643
505	652
524	519
592	695
671	631
640	694
612	363
844	649
706	636
702	652
680	723
340	756
472	774
623	470
611	434
746	644
542	601
557	807
555	677
601	725
486	627
682	688
572	522
665	628
663	603
634	676
739	639
684	737
629	481
429	521
491	750
667	736
797	629
808	465
639	414
614	701
529	437
688	679
587	501
604	617
709	678
586	614
472	755
603	620
582	673
473	618
602	492
506	549
666	626
645	553
550	695
703	464
581	581
651	546
787	380
554	686
663	741
512	585
468	617
601	769
556	568
508	579
565	618
671	740
555	539
579	619
618	579
660	637
610	744
634	446
473	656
566	563
605	628
807	641
543	687
527	521
605	567
552	768
639	750
539	565
549	550
623	684
583	511
550	605
517	654
581	601
618	600
616	492
538	480
525	710
667	517
647	586
446	689
487	570
641	766
485	529
560	656
479	539
467	734
710	557
621	407
696	727
616	489
585	660
487	718
716	763
451	659
401	497
586	530
600	616
606	589
582	733
679	795
632	471
617	411
639	515
604	719
571	649
739	541
696	532
792	649
470	569
640	471
596	624
704	563
646	518
404	547
689	613
581	501
424	633
376	672
768	706
699	580
565	539
679	693
509	724
531	653
607	701
333	558
637	730
452	667
546	635
683	505
637	560
621	613
676	929
721	487
436	534
441	513
675	581
611	465
567	643
592	552
403	578
505	600
714	439
691	683
693	711
590	494
411	519
346	523
646	509
721	797
467	675
577	632
653	518
534	758
622	590
625	460
754	467
766	376
458	807
698	644
412	741
423	502
625	670
712	676
664	557
687	657
570	717
499	329
549	499
519	524
628	602
654	513
722	667
748	450
633	468
701	575
463	613
738	767
617	654
744	474
639	519
510	597
516	280
682	665
721	665
708	500
635	721
653	541
656	661
609	673
615	533
729	574
605	604
405	421
595	654
621	706
520	640
636	584
503	441
482	598
537	586
511	565
560	560
572	538
586	584
575	642
600	586
506	686
585	546
724	669
522	740
579	589
637	739
476	484
623	517
482	697
738	646
507	735
513	579
718	703
682	666
535	698
666	604
712	555
427	665
570	628
558	475
542	520
603	654
317	628
704	546
623	624
543	635
634	621
458	551
597	475
634	829
562	403
601	650
485	514
711	618
393	580
693	625
666	643
714	615
520	624
682	670
394	786
443	613
445	528
428	469
693	722
436	477
682	372
596	611
550	696
636	617
606	638
563	589
851	423
521	613
635	743
717	568
595	788
742	786
481	603
671	558
533	618
751	692
795	435
587	536
729	537
683	671
600	573
494	607
695	608
472	607
621	611
597	667
428	547
842	504
366	678
631	455
636	567
652	507
609	645
618	621
674	471
669	640
742	589
639	607
594	729
589	726
565	597
606	762
743	590
503	613
658	636
401	750
630	528
599	571
573	696
787	504
609	671
517	502
489	650
601	616
524	588
618	662
439	569
703	681
665	726
621	666
510	471
674	736
622	481
640	608
611	703
384	767
698	546
661	653
639	522
730	861
679	606
798	482
584	643
560	605
494	490
418	403
614	507
687	308
370	592
599	528
764	599
527	717
673	521
552	603
565	587
660	679
711	782
493	570
677	525
592	537
485	692
483	629
444	618
460	667
542	546
703	622
356	671
594	696
616	509
535	511
674	505
634	589
577	638
659	554
600	550
737	685
410	531
669	611
572	605
480	575
464	682
482	697
539	416
529	619
391	619
681	710
783	633
682	668
763	599
442	387
465	597
507	528
525	620
529	721
656	390
595	712
618	663
538	347
726	520
726	539
518	612
548	630
622	614
797	757
752	573
582	503
595	604
784	600
685	599
810	684
654	679
659	567
861	800
514	518
542	581
505	589
452	502
643	549
572	808
587	649
680	619
821	525
490	517
547	650
547	576
748	650
642	539
427	588
444	572
443	685
615	716
881	577
589	541
513	523
663	628
472	473
600	602
586	637
717	789
444	692
485	498
605	521
567	628
610	729
591	623
602	471
554	735
513	648
672	594
602	454
533	541
697	464
604	602
651	517
535	630
566	644
397	551
501	602
678	600
570	594
669	513
656	520
657	429
760	691
664	479
522	473
456	660
538	531
608	505
570	666
478	549
662	700
691	494
538	637
473	648
643	470
643	689
466	807
743	614
512	401
527	719
516	795
696	666
721	431
541	719
690	562
442	675
614	476
717	629
708	643
757	617
756	757
474	525
633	659
580	409
474	658
698	746
650	682
547	577
617	604
705	587
615	580
593	666
696	428
520	538
518	517
706	686
586	520
409	531
416	559
648	608
465	743
749	664
762	576
410	545
523	558
589	652
756	600
669	532
545	382
477	402
559	552
598	614
563	561
682	576
468	570
446	514
570	519
594	572
498	585
681	639
655	646
600	612
691	558
698	554
698	658
721	721
796	562
502	626
692	497
596	542
700	444
419	798
555	546
553	438
547	673
456	613
544	421
724	465
474	427
644	538
607	797
585	688
579	770
608	727
516	561
608	691
619	565
530	454
536	570
692	772
588	525
719	671
574	795
548	560
579	632
588	606
654	487
586	564
556	676
650	538
531	637
544	416
648	735
517	533
638	626
702	739
518	504
703	683
822	464
575	644
494	734
608	638
701	685
499	267
615	567
442	767
525	647
652	636
490	757
572	518
529	677
710	542
745	610
718	675
502	537
642	700
437	508
632	681
524	530
620	657
576	790
531	640
569	653
460	545
556	631
739	580
665	553
550	825
656	601
557	702
409	608
684	602
516	516
420	657
632	866
546	595
744	444
537	487
449	710
528	547
690	739
590	709
652	723
644	583
680	642
652	549
388	613
498	714
602	604
506	510
500	547
679	483
558	657
608	692
574	661
606	587
588	380
836	725
673	634
704	724
611	614
513	504
554	674
554	607
514	601
423	636
529	665
677	811
545	656
513	662
670	498
745	841
504	524
442	529
460	603
701	639
534	666
343	736
664	728
715	624
702	615
638	500
659	616
588	662
702	486
470	578
546	610
453	521
551	424
636	637
684	697
580	493
598	462
644	488
698	582
643	668
453	405
583	585
478	796
725	583
673	684
558	635
415	505
508	683
685	577
527	465
566	578
512	609
626	351
787	629
684	675
632	598
651	417
690	589
554	703
722	718
754	589
613	584
664	511
483	515
685	594
518	639
566	629
540	696
653	569
585	529
565	664
462	725
685	494
562	623
696	671
546	689
541	705
545	513
610	677
610	649
579	357
671	653
688	574
480	539
617	740
575	640
635	719
344	563
571	530
635	585
451	582
615	734
569	494
721	388
443	560
778	673
448	449
579	528
659	757
590	654
532	656
584	644
476	530
596	424
479	730
543	551
653	677
448	600
558	710
609	701
612	689
394	552
571	568
678	649
729	520
718	574
622	599
563	822
488	512
633	560
537	596
668	463
521	583
479	401
677	549
521	532
567	459
482	478
636	572
571	582
800	625
681	535
400	492
766	656
673	564
602	568
546	593
568	549
618	609
542	588
512	783
563	720
581	415
663	461
540	591
771	637
551	773
762	605
559	487
568	623
624	373
773	755
493	541
673	751
692	753
487	685
506	600
620	477
609	517
663	775
476	621
612	646
555	555
708	623
525	542
553	578
615	489
537	642
700	559
308	762
916	627
628	546
402	433
499	679
621	630
564	479
784	475
549	424
520	641
555	695
407	433
463	534
596	629
519	769
589	440
623	727
598	454
761	601
565	542
618	608
594	638
695	734
583	446
595	710
510	552
559	523
516	569
747	703
742	591
595	558
569	626
587	321
578	478
623	570
856	684
653	399
554	799
558	444
826	585
595	598
518	684
595	686
542	601
421	584
699	582
850	685
776	541
734	684
809	745
804	680
662	576
655	569
666	450
516	509
581	618
800	681
588	547
522	591
554	551
632	422
621	472
473	674
658	510
683	615
483	538
654	668
465	414
542	611
753	580
826	441
609	650
665	587
528	584
590	521
551	593
685	567
577	548
665	711
603	727
672	576
622	693
526	653
768	540
454	671
667	635
600	574
563	582
608	486
688	536
616	561
500	645
459	747
665	725
410	729
737	593
562	567
524	566
549	615
481	428
704	616
537	802
499	675
598	611
785	596
680	427
526	596
652	631
629	592
701	726
759	719
756	584
661	815
618	540
596	456
415	590
686	476
642	603
665	737
661	623
563	448
681	451
553	401
561	758
617	509
544	540
587	518
545	569
583	619
570	566
635	552
570	650
740	648
474	664
622	640
630	615
647	714
731	477
555	380
548	516
544	821
583	566
575	596
460	753
668	669
603	755
563	632
614	562
412	682
623	642
614	487
605	557
579	575
779	458
587	620
725	633
546	738
731	841
532	778
749	692
686	698
718	553
611	620
595	504
504	746
656	612
394	712
336	575
665	422
579	588
666	520
642	701
447	501
840	715
618	573
743	848
603	346
567	598
436	479
590	653
536	687
702	655
499	653
610	405
562	593
508	748
672	612
536	615
664	723
594	536
581	475
661	478
508	632
454	661
463	686
519	913
674	565
581	603
635	601
549	525
657	766
589	630
650	661
608	255
484	492
424	665
412	721
411	721
468	533
711	552
466	655
773	612
466	475
512	744
507	635
554	625
535	661
548	666
424	354
482	618
581	513
621	567
516	738
488	544
430	636
546	666
814	517
657	653
643	656
455	477
485	563
581	348
639	607
818	691
481	594
601	619
668	306
718	698
621	696
566	546
629	561
635	436
536	567
649	597
553	627
586	784
614	461
672	476
624	627
567	469
356	530
589	531
509	776
705	631
544	625
634	400
625	666
454	835
788	365
426	488
542	536
645	580
579	689
670	592
600	852
719	614
785	434
601	639
569	643
488	542
757	476
540	377
578	679
791	615
631	812
674	452
626	539
665	487
507	851
503	387
594	575
532	710
704	660
437	524
654	708
478	609
606	755
659	546
753	563
712	780
752	600
599	658
378	519
482	747
656	416
599	593
593	593
486	461
479	482
528	651
625	363
559	650
599	727
605	721
594	676
565	518
609	758
472	692
456	736
489	636
394	595
510	586
713	632
652	697
635	596
582	614
689	605
501	522
466	685
559	717
701	552
573	542
529	647
661	527
503	536
581	710
532	446
685	517
668	502
657	487
645	562
713	475
780	607
645	407
592	555
607	513
512	479
501	586
431	684
580	515
489	379
478	535
776	590
399	474
571	748
608	779
761	602
591	620
448	809
509	753
517	591
553	670
732	572
569	634
467	825
773	376
636	441
647	765
605	486
543	620
469	575
646	440
675	691
647	481
589	563
485	441
616	436
519	530
579	628
687	568
343	749
675	453
761	503
550	430
645	551
734	474
692	614
602	614
495	656
605	398
564	522
639	563
646	561
751	567
534	491
563	610
593	609
566	594
655	490
435	524
644	503
675	520
562	642
558	555
742	577
652	729
474	744
488	657
690	535
494	639
667	591
551	585
713	437
472	580
443	608
486	531
575	468
465	792
773	672
409	440
671	569
651	497
758	485
667	664
491	523
654	728
634	610
526	631
642	635
801	638
649	536
677	605
531	692
608	681
604	858
468	519
534	644
640	622
419	598
561	555
506	671
369	686
632	581
564	527
584	647
578	680
532	591
562	707
646	252
596	634
518	419
605	541
670	892
517	608
418	667
421	590
574	443
565	503
464	669
734	471
748	639
425	542
522	608
699	731
602	576
662	440
482	509
405	699
646	692
445	696
694	567
667	566
561	597
707	769
531	518
674	370
583	532
491	632
737	537
609	569
600	487
730	885
647	546
515	616
526	500
660	570
581	397
579	556
678	649
374	601
548	586
624	588
752	612
596	629
553	487
577	678
711	443
730	589
485	716
526	631
595	690
489	646
502	601
691	578
731	456
551	603
686	743
599	569
448	557
611	561
373	563
570	610
618	602
661	458
594	501
627	417
582	638
572	486
590	700
852	588
805	418
704	475
537	647
751	649
636	608
530	556
318	596
591	561
681	580
594	703
691	730
638	640
613	360
621	536
468	633
753	599
736	718
513	608
723	644
611	557
391	573
721	382
640	394
713	587
574	550
571	669
659	692
659	653
632	545
582	735
604	482
514	596
480	538
701	637
722	667
522	565
641	713
685	544
492	589
516	587
640	529
496	662
701	537
625	722
412	451
561	418
601	694
674	549
633	719
599	593
637	458
481	519
475	593
683	480
579	667
631	581
652	599
640	477
639	478
502	717
691	647
476	538
341	720
732	635
601	663
611	581
630	552
780	546
627	552
478	689
656	673
496	672
578	470
703	670
528	666
640	695
652	475
827	555
636	630
501	548
728	625
608	592
402	695
495	664
737	508
602	609
566	594
512	513
566	532
647	634
553	640
472	712
541	665
679	768
553	772
644	595
561	686
475	711
674	558
521	716
574	444
580	399
632	589
564	409
513	602
811	773
568	771
632	641
556	512
565	549
642	753
626	543
527	602
431	483
550	603
604	494
519	776
594	829
600	643
517	509
551	647
457	627
612	609
464	660
647	575
639	492
712	460
544	796
508	518
668	636
541	494
544	566
423	596
492	612
648	564
532	558
615	597
831	467
762	488
572	709
561	600
528	496
511	500
544	529
551	682
740	613
552	462
788	687
619	785
601	634
589	693
475	529
661	530
714	595
607	685
887	491
577	665
548	601
476	780
633	576
524	664
667	517
601	684
587	702
637	652
710	653
609	498
711	693
602	555
673	572
653	785
622	612
521	515
481	693
506	621
689	641
909	572
644	641
471	714
484	566
519	574
595	510
498	600
626	822
564	541
677	476
542	626
583	529
653	635
576	534
568	647
685	667
586	701
562	675
706	512
350	387
600	713
626	604
519	686
760	643
460	652
591	457
711	668
636	477
760	537
535	583
596	638
502	586
751	712
417	659
547	412
556	632
799	437
442	541
547	579
438	754
534	668
682	472
740	396
663	398
613	430
353	757
555	660
611	525
566	611
626	550
699	540
606	588
745	647
657	688
648	488
644	517
630	659
595	581
593	801
540	628
555	576
465	432
704	562
609	676
579	590
730	657
882	685
611	628
728	672
769	830
399	729
494	676
487	524
748	376
703	782
629	614
697	480
543	581
625	654
633	523
613	648
585	630
680	665
729	424
637	582
604	692
624	502
547	656
580	646
627	693
731	718
767	735
736	652
679	501
659	652
501	551
637	478
611	714
592	543
678	628
510	603
481	688
665	528
531	535
520	765
419	707
620	456
348	579
457	656
683	611
904	645
482	489
640	537
704	510
557	710
675	687
823	680
665	742
479	569
492	484
726	649
670	545
568	621
633	665
706	615
727	611
460	595
618	617
537	636
566	431
524	782
475	697
412	493
510	546
696	547
624	669
621	639
534	489
635	582
679	628
661	570
633	675
512	682
693	629
389	612
720	643
733	616
512	541
496	550
457	599
617	607
718	725
500	620
552	605
627	628
674	756
523	524
710	629
586	609
626	664
616	594
472	564
614	567
599	538
541	553
692	679
589	515
461	448
581	441
657	657
501	589
698	502
408	657
630	564
575	540
629	524
656	614
559	604
707	727
719	587
579	677
573	476
604	727
722	557
665	509
797	598
619	547
479	677
612	696
729	710
597	740
436	728
747	831
474	463
690	683
571	500
501	479
447	487
817	631
655	614
570	608
557	679
698	430
506	560
602	485
785	808
731	765
583	654
577	579
500	768
627	592
381	515
727	701
778	673
751	671
642	553
529	653
552	621
461	656
693	872
583	560
532	620
579	744
723	678
580	357
643	623
628	696
677	687
567	465
555	663
646	578
802	595
599	538
762	510
580	531
620	615
461	740
778	731
640	570
423	442
614	586
387	545
617	448
803	517
622	439
544	454
602	420
509	451
598	600
551	568
553	687
607	514
735	620
693	508
607	635
511	678
719	526
457	538
800	721
655	569
659	753
454	634
670	433
416	593
467	559
594	615
503	557
672	580
685	494
658	547
376	626
634	582
545	650
598	592
484	739
527	631
587	677
735	573
700	576
674	640
607	653
750	767
833	573
731	551
564	540
635	627
677	608
755	509
582	602
640	557
445	574
745	772
697	766
488	574
411	626
713	548
572	667
768	573
574	643
667	654
513	586
786	606
283	567
750	456
547	579
696	604
651	607
554	541
635	359
663	430
591	739
602	784
550	480
421	495
736	592
538	532
536	662
629	531
687	963
531	438
529	435
485	728
649	610
526	552
522	638
464	602
547	742
562	592
555	691
572	901
586	463
490	855
716	511
820	802
684	550
774	544
705	521
738	693
661	592
457	667
620	357
690	626
701	658
560	659
537	490
795	802
653	622
760	743
555	482
562	572
749	701
526	657
589	610
571	639
754	603
614	743
488	582
669	718
585	516
433	469
546	620
391	658
442	522
631	579
820	659
580	523
661	496
471	682
742	472
670	700
571	666
465	552
732	591
590	607
614	709
490	632
456	781
757	445
503	425
627	746
470	741
536	793
535	554
538	553
791	800
503	746
641	526
560	720
507	622
679	684
547	733
559	627
531	571
569	802
557	679
642	421
778	509
467	531
547	711
613	601
682	804
617	583
683	561
517	516
603	547
577	570
565	651
459	650
588	499
599	563
663	630
572	850
702	538
640	659
736	706
602	618
661	487
700	593
602	519
508	669
622	590
590	587
783	686
605	599
378	513
481	470
633	780
551	621
717	603
565	585
516	505
595	571
459	557
576	526
569	371
687	600
543	651
571	763
678	544
458	624
593	511
640	512
603	590
637	777
678	552
644	658
463	441
782	487
531	608
551	699
670	602
511	478
563	690
666	629
700	524
361	704
646	654
480	670
650	697
732	755
712	764
751	493
707	562
531	778
542	895
660	547
622	696
579	514
676	595
680	610
610	395
720	655
613	401
564	658
699	673
652	633
437	682
567	550
590	717
510	626
654	827
570	573
526	664
619	721
650	510
480	757
743	521
725	814
679	651
474	511
691	675
563	621
604	500
631	709
667	600
578	624
887	594
593	387
714	444
440	518
650	639
665	634
606	603
510	755
570	618
564	532
549	661
735	549
497	595
539	824
614	657
564	680
473	395
682	583
494	651
708	618
602	790
451	634
722	488
552	629
449	576
629	594
624	550
519	757
703	549
576	763
688	596
629	637
557	612
571	407
637	509
525	675
489	544
540	612
632	614
661	528
606	591
442	519
551	543
577	502
466	494
579	622
442	633
722	573
624	569
810	637
442	649
601	597
609	437
752	827
540	496
468	699
504	691
866	485
520	532
603	579
422	631
565	620
669	591
425	582
669	546
727	537
649	640
779	559
723	725
699	629
593	601
692	652
627	684
492	482
613	578
521	476
635	648
580	544
631	659
536	823
548	697
480	510
542	783
570	564
568	570
673	863
415	437
571	424
640	658
577	641
671	575
569	500
713	685
570	467
592	750
685	735
600	585
592	580
703	749
496	593
652	433
512	563
819	652
502	677
593	600
636	628
544	491
526	661
483	610
554	548
574	706
654	610
690	547
497	456
506	604
614	638
543	541
469	631
541	691
626	575
727	488
365	548
525	826
465	604
487	426
556	664
646	544
565	745
645	604
751	692
543	449
454	617
648	685
637	790
594	517
470	486
658	577
516	627
664	549
646	496
807	590
562	634
687	609
468	473
443	708
549	659
461	681
583	538
476	565
658	772
473	534
553	634
561	778
611	529
594	678
548	737
482	604
855	638
553	706
692	566
400	740
513	604
618	626
530	610
592	451
780	582
538	741
528	662
523	694
748	618
442	711
461	758
537	558
792	655
451	588
712	598
610	568
484	640
567	711
511	488
763	541
676	599
452	736
592	694
749	761
521	590
514	491
796	551
812	467
452	539
427	703
671	579
701	541
740	661
488	725
593	611
564	648
476	539
598	786
535	419
441	658
530	505
462	594
568	481
521	718
363	628
498	511
566	704
572	441
460	574
584	585
537	531
573	609
598	600
545	644
562	637
737	750
677	689
656	601
627	547
527	582
538	606
491	700
714	730
611	530
585	526
657	513
734	608
648	704
581	654
500	442
614	587
610	617
617	619
565	532
542	747
421	551
534	603
645	740
569	686
429	493
674	754
531	653
527	614
606	789
557	621
297	554
716	657
753	539
802	584
665	605
639	600
553	592
572	590
594	645
545	687
727	413
584	348
579	514
553	883
696	596
567	771
666	610
569	647
465	737
688	450
540	421
661	661
495	586
369	594
576	614
599	535
474	446
534	514
519	507
461	552
503	658
690	608
545	844
681	602
439	753
610	453
658	602
450	573
486	467
570	763
501	619
436	782
569	610
444	474
423	527
617	452
614	701
569	603
594	663
692	666
471	587
585	637
561	738
516	515
716	517
631	579
618	674
654	673
649	518
543	621
486	663
760	890
651	706
516	538
600	500
719	551
665	731
558	486
466	772
497	413
751	648
680	602
529	584
525	573
605	547
553	567
627	515
685	605
689	583
717	669
580	662
489	483
581	919
602	530
733	814
604	492
534	397
731	354
737	557
686	575
552	593
612	532
535	712
638	637
621	635
645	620
640	637
481	564
740	549
627	694
546	582
533	583
655	644
591	639
701	720
351	683
531	666
554	528
657	606
805	621
522	690
682	639
707	651
549	623
906	726
675	502
482	611
480	519
566	705
418	338
651	571
344	716
770	547
653	477
490	729
714	746
469	617
608	718
727	605
528	772
657	468
517	523
781	749
544	532
760	434
713	616
644	607
579	537
429	568
567	637
689	704
564	720
677	672
769	721
564	576
754	665
807	710
639	473
490	539
472	600
736	529
755	451
668	621
739	527
711	556
590	712
448	701
671	638
614	696
533	650
605	660
527	678
728	678
543	635
574	702
654	599
591	585
609	478
408	598
614	579
604	747
653	913
620	428
567	542
576	641
595	570
666	660
603	427
590	736
511	575
454	660
483	662
530	611
614	543
502	570
629	651
573	415
574	422
489	577
645	451
503	561
540	729
679	685
635	531
632	603
574	877
621	661
621	589
639	405
595	856
481	615
606	770
522	672
815	543
481	734
576	591
834	626
468	677
555	692
661	377
513	676
611	664
655	569
681	509
567	539
659	685
715	543
504	721
540	684
579	436
460	554
489	630
695	545
652	534
415	483
394	680
562	653
567	722
650	683
634	516
524	652
710	485
576	640
714	599
484	625
582	452
618	490
681	690
763	637
766	619
661	692
536	535
707	615
603	594
592	601
533	693
488	774
681	636
556	506
486	586
526	442
529	497
525	349
418	665
684	540
727	648
443	393
627	570
499	489
397	728
603	424
453	662
475	775
526	645
502	449
587	645
487	544
629	477
700	575
588	583
625	639
655	601
696	797
607	618
640	617
536	499
685	629
537	545
730	782
502	520
491	582
725	540
719	656
518	561
443	472
511	562
613	764
696	462
552	579
781	634
513	522
774	622
625	504
455	677
641	609
571	558
440	632
834	574
579	574
591	757
586	595
728	721
383	698
579	571
558	751
602	484
608	548
382	435
579	652
623	641
611	637
537	640
575	584
675	591
508	797
507	480
516	435
614	560
818	604
461	524
398	729
714	506
769	624
561	567
396	644
617	754
438	555
619	710
708	546
445	672
420	428
565	642
612	559
613	553
474	647
343	590
725	779
633	617
528	511
619	514
408	435
600	846
545	668
511	594
811	569
601	484
765	541
472	556
669	434
678	614
687	554
571	614
565	316
535	662
622	642
666	644
592	520
439	713
577	526
773	358
759	514
670	543
676	661
456	601
651	364
580	588
587	627
564	562
590	767
547	665
542	504
495	705
692	581
372	629
683	666
514	585
618	636
887	496
597	671
718	631
726	717
480	585
418	609
542	551
551	347
549	442
664	733
587	553
596	485
744	551
598	853
501	611
402	648
466	393
758	566
522	707
580	681
593	747
620	549
706	696
626	736
514	649
430	626
615	502
434	467
580	617
598	544
722	559
590	620
515	641
569	357
424	656
518	490
543	467
580	672
712	584
741	423
585	540
684	621
606	606
553	694
776	472
671	568
547	589
345	523
771	435
636	640
628	764
392	667
534	674
564	767
610	726
547	602
537	564
724	489
653	739
600	583
722	680
513	581
666	532
859	493
667	563
523	722
677	653
440	517
709	743
538	653
631	499
671	611
712	616
502	515
515	707
475	544
629	479
609	577
447	357
537	460
676	619
619	552
605	521
739	790
479	614
468	700
602	514
532	687
669	773
596	574
693	486
651	618
771	663
717	572
490	573
526	464
585	656
550	550
667	775
573	681
754	572
576	699
656	634
580	509
399	804
521	423
568	540
577	569
576	635
509	503
643	682
521	578
704	719
550	675
609	441
389	489
506	732
425	686
718	560
697	614
602	651
539	401
647	578
626	537
585	688
762	671
372	759
696	654
653	521
670	604
673	540
783	556
765	577
610	727
567	591
620	728
408	542
883	541
421	671
569	495
467	578
534	578
653	523
662	652
520	486
383	490
500	515
766	542
560	537
602	728
501	469
582	517
393	797
607	409
506	519
496	526
625	560
667	613
715	629
627	429
506	537
578	536
601	432
617	566
663	530
718	722
619	633
687	506
642	716
634	501
435	630
570	571
675	673
562	614
399	626
575	689
604	425
518	703
555	664
654	436
707	778
554	724
639	493
519	472
628	486
801	584
457	590
448	515
726	660
636	491
736	590
640	551
558	616
673	654
456	648
654	586
536	634
496	534
728	605
553	659
588	462
556	695
551	609
581	412
554	607
731	528
695	765
602	414
611	429
618	742
580	697
545	614
682	637
532	696
505	611
540	407
631	513
551	597
584	639
751	595
657	519
721	731
657	543
592	644
583	682
612	733
624	689
650	740
447	542
555	651
494	596
648	530
609	741
659	745
503	576
605	589
695	737
418	578
644	671
707	617
626	720
614	547
615	573
664	637
424	582
466	575
540	434
568	689
612	572
611	689
592	650
462	527
516	590
544	427
539	534
482	672
519	502
550	660
561	580
415	492
666	703
815	715
493	658
722	532
403	457
623	598
500	500
511	607
647	652
724	590
639	442
590	545
567	683
616	536
385	483
579	629
575	553
568	622
710	642
503	532
637	695
496	535
584	674
737	605
626	428
745	637
470	619
682	477
485	526
904	784
608	655
729	486
605	464
649	646
576	527
457	504
564	699
400	501
552	663
593	805
575	667
515	583
620	731
587	506
586	628
602	550
634	579
706	512
407	657
640	586
601	523
605	564
567	775
586	593
668	655
411	673
566	524
697	743
785	691
474	452
573	652
803	551
809	499
606	456
872	632
628	514
512	592
605	559
511	630
637	668
464	772
553	536
574	427
593	583
764	501
595	664
638	773
543	549
654	478
570	539
533	597
645	574
584	551
398	550
405	657
500	495
737	637
500	577
631	625
520	466
692	525
580	653
514	576
591	748
713	652
465	527
430	583
653	614
636	658
622	698
556	571
626	355
417	417
564	669
482	686
760	539
436	766
596	583
583	506
666	709
607	570
435	399
526	583
573	611
582	640
544	651
626	510
729	413
515	523
622	556
572	611
627	553
630	736
519	715
663	647
611	698
722	641
461	523
606	559
542	593
554	660
560	596
511	523
683	617
415	677
648	566
377	599
628	766
520	636
550	563
459	514
535	459
616	675
844	642
309	596
693	594
516	597
574	627
647	610
380	581
801	479
599	626
658	471
807	514
484	608
510	805
518	502
486	632
509	665
658	741
511	475
644	691
710	527
675	573
488	511
629	601
444	733
517	456
447	512
595	653
618	739
567	500
654	537
701	639
492	490
604	704
832	640
503	678
445	730
622	561
683	524
595	716
783	476
905	688
547	525
455	614
564	679
622	643
757	459
624	614
673	756
644	506
569	759
533	635
735	573
718	524
690	654
481	755
580	686
541	657
534	661
567	753
592	658
683	466
413	570
390	489
594	589
495	558
600	393
635	501
627	527
528	724
682	573
674	572
473	432
673	618
643	660
506	617
330	673
454	470
574	745
534	478
672	560
723	633
635	422
559	511
753	640
657	651
662	543
580	875
714	689
527	506
579	552
512	443
501	599
733	615
526	456
640	699
610	721
565	633
613	595
498	575
618	647
644	543
422	656
507	439
684	592
455	617
616	675
710	705
767	658
304	606
610	608
642	580
509	623
658	762
515	573
651	556
573	656
633	717
654	771
636	495
552	783
500	529
581	637
561	589
635	627
606	545
704	714
722	544
577	579
569	549
638	802
700	517
565	423
543	520
889	544
589	593
580	423
635	645
582	592
653	460
803	684
574	743
590	740
495	570
504	433
628	601
651	673
358	439
456	471
598	586
654	622
385	571
480	541
543	700
587	702
513	708
481	579
748	701
704	701
495	638
731	624
631	926
694	664
559	595
533	531
690	537
588	457
466	521
580	569
587	563
754	538
540	429
650	693
507	710
714	609
569	661
693	815
416	697
483	544
493	707
692	621
462	583
659	488
567	519
671	907
608	845
558	686
503	542
499	745
556	625
647	449
576	454
524	598
651	633
549	565
456	456
670	581
784	448
453	654
563	592
623	561
482	456
545	603
647	420
823	646
449	564
528	499
681	662
720	597
724	520
627	712
526	418
516	625
642	464
756	471
604	690
555	622
687	563
544	712
691	655
593	567
672	512
666	568
596	469
673	422
480	489
725	558
639	582
686	529
572	536
696	644
643	710
552	669
635	417
908	762
476	601
465	415
694	536
633	594
614	640
459	605
640	457
674	738
642	565
675	574
721	591
500	530
460	601
668	416
679	700
563	667
565	690
646	654
633	583
596	573
704	696
455	596
689	549
603	608
729	482
435	613
558	604
534	662
747	745
617	476
502	522
664	824
464	634
541	665
518	542
557	610
715	837
624	652
417	656
549	608
577	570
799	637
453	568
544	713
602	653
610	652
679	605
389	664
642	633
843	534
821	489
692	650
672	568
559	688
551	784
587	561
666	500
744	607
502	454
594	594
675	623
745	674
476	707
565	571
399	669
727	604
520	615
762	541
487	682
665	552
323	746
785	518
468	657
438	531
540	722
560	586
647	452
727	745
674	731
540	700
488	730
474	762
506	782
702	592
646	640
539	653
581	617
833	490
754	681
733	579
696	519
554	470
618	724
521	440
452	528
660	573
611	631
510	749
607	552
719	480
635	558
518	452
635	685
699	783
494	610
609	611
677	679
845	620
606	549
473	621
723	577
543	575
628	652
649	581
682	675
754	627
483	637
539	615
679	652
602	604
603	673
635	749
520	688
578	631
654	496
612	391
640	708
573	576
601	694
556	735
645	611
335	644
581	622
608	488
603	575
667	555
598	551
624	742
653	510
698	679
650	408
743	850
671	563
665	638
474	562
596	663
562	557
683	581
627	784
538	546
684	637
629	566
622	730
542	557
346	672
537	524
496	712
639	498
582	549
657	574
600	500
607	670
632	524
618	484
765	706
652	586
705	506
613	733
690	668
595	590
740	609
645	500
647	580
477	660
658	402
544	624
639	546
647	464
474	658
608	708
616	694
652	615
802	515
745	611
502	671
693	575
687	608
447	400
519	560
595	654
618	504
465	569
728	496
545	672
587	703
636	687
641	591
445	691
641	586
442	813
627	676
702	550
666	608
619	597
500	737
525	554
686	557
503	538
441	666
800	670
664	561
633	818
615	639
713	559
530	493
634	587
536	428
623	661
481	791
425	719
576	548
518	753
557	632
681	658
504	564
706	476
537	493
476	665
541	744
521	511
704	554
592	627
681	558
592	559
545	672
561	420
556	540
479	559
632	571
686	552
418	541
726	455
695	858
561	585
731	872
744	543
478	529
679	745
801	568
586	363
628	600
575	529
539	629
492	550
517	703
590	415
571	656
519	617
445	765
588	724
489	520
459	549
580	463
636	727
644	549
563	451
613	554
716	418
465	584
568	611
514	489
685	580
485	682
750	775
427	622
615	539
849	457
581	704
584	598
509	671
713	741
517	761
468	543
561	502
478	594
662	655
736	393
629	584
543	674
605	842
666	801
668	573
741	561
882	580
630	734
696	665
606	587
526	545
695	539
497	647
658	646
590	725
649	561
578	745
500	651
535	547
652	576
468	650
526	481
717	690
692	522
636	539
662	684
486	506
457	569
771	647
633	629
650	610
429	675
587	636
630	490
614	606
608	632
608	773
765	493
623	580
774	638
652	684
585	559
664	574
648	553
539	676
641	513
612	627
442	628
676	688
489	510
618	598
499	575
639	665
592	522
651	596
507	646
747	690
579	457
618	546
749	594
555	793
562	578
673	687
559	517
836	651
553	832
656	490
561	701
648	547
563	564
480	502
627	812
770	650
532	780
524	457
785	554
611	758
589	747
571	636
673	499
663	606
666	565
569	555
692	633
656	576
769	510
599	558
743	470
602	630
590	639
691	535
630	444
599	580
559	546
626	607
608	600
634	670
542	726
450	531
739	562
539	710
800	687
471	577
658	731
618	596
645	636
615	694
579	567
467	610
478	674
563	646
383	436
459	664
603	648
712	442
712	638
643	585
495	501
546	659
640	396
611	545
595	668
579	702
670	429
647	538
331	506
599	442
718	654
630	616
460	586
643	746
590	638
499	601
793	459
540	472
561	536
678	576
524	704
630	609
657	757
516	557
429	779
623	639
733	543
658	490
605	605
446	633
487	569
529	484
497	441
596	670
760	533
579	479
590	565
747	473
575	463
577	474
638	595
672	573
605	500
501	622
571	669
460	411
697	511
707	670
600	569
559	517
612	404
537	843
682	603
597	620
697	606
693	663
503	372
653	675
685	701
747	557
756	685
543	510
635	497
619	381
567	601
471	683
586	500
698	634
765	609
646	539
481	375
456	492
579	465
551	674
605	778
618	564
636	506
542	507
644	482
603	589
678	442
461	662
712	727
522	594
635	725
398	664
554	548
595	456
606	742
793	674
623	514
439	634
487	733
581	707
555	606
507	524
593	572
608	735
649	669
510	514
606	640
519	674
531	453
408	675
571	638
638	685
450	561
637	678
571	455
495	475
624	754
668	531
562	735
620	631
415	690
452	692
471	730
610	483
529	622
734	568
591	537
671	739
600	703
606	521
704	622
655	649
578	675
464	567
530	548
705	632
631	442
597	392
592	555
576	595
426	622
688	542
471	624
704	618
624	571
593	543
512	591
611	521
424	360
707	680
750	658
772	494
723	537
481	602
541	667
468	502
782	481
624	693
589	510
675	445
696	674
579	752
536	560
702	558
569	450
549	730
516	546
679	559
811	538
783	491
605	605
520	599
716	567
568	711
685	744
671	709
605	608
437	570
500	660
698	569
564	595
632	604
526	709
501	635
624	565
614	676
639	670
469	698
518	491
510	600
481	584
494	433
735	640
433	876
719	645
639	714
646	713
722	485
498	454
762	631
686	500
596	555
629	444
500	697
698	523
679	659
572	592
847	480
626	734
590	850
544	509
668	568
643	700
630	585
469	684
500	530
554	495
562	640
746	515
802	770
707	523
482	666
711	748
658	620
662	561
555	415
541	545
560	594
514	671
658	575
676	679
436	551
622	555
519	698
593	642
637	657
533	669
669	672
677	680
482	545
695	794
670	606
493	530
454	510
683	792
490	618
635	525
549	740
576	669
707	568
511	464
505	647
744	631
758	706
602	725
538	534
728	730
689	466
543	698
840	592
600	713
696	565
550	617
378	524
545	517
459	500
561	577
746	490
535	722
606	671
652	597
511	571
889	536
651	473
725	474
560	522
599	559
569	702
482	620
670	550
622	438
549	715
516	677
658	651
549	597
691	558
692	646
675	533
729	600
596	670
764	790
450	679
585	654
541	624
755	469
550	627
505	711
625	605
719	680
595	600
708	772
483	701
498	671
560	530
651	727
520	690
472	618
740	545
660	648
853	612
759	538
621	511
542	686
589	657
554	408
471	570
547	608
537	691
673	641
660	636
589	398
634	555
619	647
614	490
770	572
433	709
732	741
426	646
536	563
555	620
607	638
755	795
539	643
780	637
507	522
565	492
573	698
599	551
537	548
514	425
773	559
625	620
497	459
493	612
667	575
650	616
706	488
545	586
671	714
619	364
610	606
389	684
715	475
593	638
495	424
648	513
593	531
654	643
610	646
722	609
578	586
664	600
625	595
601	588
559	738
712	637
548	581
520	529
610	608
614	352
573	538
468	558
472	776
625	589
595	765
610	659
509	498
518	611
608	724
602	487
668	843
434	588
463	593
469	451
560	505
723	615
450	612
625	614
488	594
609	363
583	647
549	616
735	601
642	579
457	465
602	591
585	611
558	564
626	688
562	583
528	541
572	445
590	652
660	493
627	445
595	605
637	624
464	512
644	359
568	392
500	721
788	532
411	730
578	420
526	648
486	718
647	721
601	761
675	764
566	666
585	408
408	549
820	640
525	586
499	633
631	636
582	780
619	772
528	732
627	507
587	728
566	485
594	703
556	587
514	438
730	474
571	685
588	594
420	867
707	565
708	544
530	534
613	745
815	609
603	568
768	598
514	750
610	706
628	755
566	621
667	622
550	551
598	616
617	567
658	689
591	715
748	491
535	658
663	619
643	613
638	472
704	768
644	465
433	574
634	398
599	564
518	658
553	622
674	493
558	594
586	588
654	527
559	590
723	633
601	551
664	487
556	591
532	583
649	700
409	648
639	544
633	577
748	621
454	550
691	523
587	688
621	499
440	629
552	569
540	752
632	585
691	571
606	667
387	671
512	658
570	609
766	649
485	315
742	663
557	797
520	526
519	607
675	613
378	427
539	797
579	572
493	629
780	722
536	563
623	494
561	632
592	500
601	636
549	667
478	616
561	574
539	659
688	528
475	444
631	546
488	544
487	558
681	457
620	591
518	656
536	667
534	545
707	539
811	517
493	614
612	639
616	610
533	573
521	444
713	537
665	712
576	523
561	601
763	591
689	584
679	554
535	723
583	540
650	644
526	693
573	570
544	581
578	570
512	309
727	739
464	650
661	636
512	519
618	631
605	554
578	725
596	414
689	690
635	596
638	592
586	563
484	580
678	447
798	371
518	551
431	637
497	529
633	625
520	620
672	614
599	601
676	575
527	558
606	498
547	518
795	586
560	734
680	640
683	628
497	768
536	639
477	475
474	517
482	587
763	722
560	628
497	601
630	463
645	701
698	765
674	673
617	589
673	444
472	585
671	506
575	751
671	629
611	553
509	680
528	580
667	524
522	526
815	619
526	452
678	564
653	743
633	694
702	524
534	487
685	487
654	676
434	660
542	771
567	542
728	604
670	604
467	597
822	441
702	729
637	605
810	462
564	494
320	630
724	527
629	551
469	726
617	537
553	661
635	587
564	610
376	657
814	587
524	553
611	846
511	571
568	679
547	454
514	611
655	730
588	693
565	510
772	551
841	622
568	514
645	540
645	489
633	659
514	726
501	579
522	582
676	715
823	554
626	661
861	507
679	698
537	569
622	611
726	375
536	470
426	593
668	550
543	535
601	496
585	669
675	621
610	653
456	461
664	559
638	776
276	676
337	570
462	689
672	589
589	540
468	350
419	559
446	721
593	749
640	381
422	528
570	672
629	761
390	678
718	654
486	696
561	712
547	469
504	568
610	655
414	646
626	586
587	634
634	580
566	747
713	649
464	615
475	580
726	433
568	649
531	593
476	576
514	537
643	627
594	620
437	549
639	570
566	697
508	636
676	723
586	538
564	683
646	547
909	713
592	610
608	876
527	674
688	596
562	696
458	524
718	681
665	542
460	458
566	698
612	729
649	668
379	697
580	677
531	614
573	588
615	427
454	686
515	622
521	562
579	688
649	497
594	626
555	670
833	530
699	608
577	677
719	576
769	437
780	496
619	781
583	404
637	541
660	613
578	469
562	597
579	602
527	538
458	541
745	656
399	821
476	449
384	411
610	636
712	589
602	593
582	637
543	810
690	726
460	678
519	563
699	431
731	571
589	734
468	421
597	588
644	562
558	653
663	731
543	757
477	573
745	755
591	493
472	640
631	514
734	392
534	508
487	615
581	513
484	517
738	528
601	620
649	757
541	643
787	494
518	620
643	653
600	539
645	490
449	564
595	769
547	541
626	588
760	599
580	572
601	627
708	722
524	798
485	741
458	538
652	488
607	555
758	535
437	494
493	574
447	611
600	448
683	370
438	623
464	586
561	695
494	512
540	562
756	606
692	663
722	665
575	435
587	684
311	640
686	526
506	540
584	330
626	334
595	658
511	695
627	472
543	332
625	500
507	498
691	530
574	570
496	644
692	785
554	729
535	536
574	615
563	638
492	619
581	601
620	631
525	551
440	657
573	643
629	724
608	486
616	525
507	685
556	345
661	535
513	688
664	481
522	531
628	652
397	746
712	513
455	686
579	558
698	510
416	615
547	712
463	700
538	589
491	612
735	566
584	582
500	563
446	660
630	469
505	613
744	654
699	650
486	521
539	793
654	701
542	607
535	744
604	520
697	791
408	656
586	455
585	841
587	598
594	581
734	522
354	583
595	605
573	664
605	697
479	551
683	575
699	585
376	723
435	581
434	701
626	721
711	654
555	743
642	420
636	603
793	591
754	486
533	616
484	657
592	654
534	597
651	544
553	803
601	662
613	578
531	636
518	445
660	731
367	510
532	522
621	538
747	761
474	579
525	391
511	687
545	674
583	426
580	400
648	550
609	668
518	584
516	654
455	699
644	596
535	608
530	326
629	657
510	666
613	593
591	420
568	851
614	610
508	700
674	513
682	450
592	584
525	575
720	677
688	762
553	513
891	551
698	544
627	747
554	547
546	595
632	682
500	674
652	670
622	444
411	651
653	735
683	709
751	447
542	691
672	445
584	548
652	572
579	693
571	569
765	415
502	529
608	660
452	660
675	577
591	555
614	402
601	575
784	655
745	792
453	602
599	636
554	710
496	563
762	493
654	626
740	451
656	629
630	406
628	695
693	517
514	608
448	649
765	523
690	563
538	529
585	832
625	797
580	703
546	748
727	538
596	626
526	558
573	672
530	590
663	995
729	643
380	704
800	714
816	449
566	460
561	554
595	435
605	569
621	528
671	591
570	631
450	636
721	707
494	495
610	552
841	617
605	484
680	617
724	594
759	567
548	586
562	640
588	646
600	620
419	642
334	433
644	739
402	672
486	416
375	551
474	541
560	729
436	617
526	595
673	617
522	400
708	555
543	424
610	607
523	398
551	573
625	550
478	581
439	639
616	712
408	594
635	533
613	401
731	472
593	562
697	669
537	673
757	639
673	726
818	740
505	740
544	592
661	717
614	452
513	728
700	490
397	645
638	535
718	487
553	652
479	508
624	564
537	703
552	630
671	616
610	612
521	696
529	703
510	651
645	767
600	637
537	532
713	548
621	699
518	510
609	606
789	582
633	852
473	781
752	537
574	558
652	548
443	461
668	558
638	599
476	580
739	620
597	628
741	561
599	537
744	600
757	544
756	718
593	745
544	642
807	657
568	688
485	421
562	606
822	611
684	654
614	723
622	740
490	587
497	674
725	619
634	484
526	799
635	447
511	496
550	426
506	543
699	497
493	455
631	641
703	567
713	508
343	591
533	500
697	628
554	706
474	549
576	637
643	466
534	625
612	645
524	637
534	525
606	384
377	739
575	771
708	625
582	486
614	517
631	586
409	670
561	569
454	362
696	579
571	444
630	608
512	615
485	522
788	596
597	556
723	552
606	523
509	685
806	557
827	381
499	611
524	652
639	533
632	659
599	620
409	546
649	579
676	682
573	589
515	449
640	632
568	656
523	466
531	702
795	592
605	619
485	684
680	602
555	560
658	615
552	475
578	583
656	468
638	532
459	510
552	420
729	551
509	442
588	641
671	440
601	721
696	608
450	767
652	580
397	451
633	706
493	399
572	380
536	731
638	652
743	653
689	580
582	615
521	627
568	714
506	582
665	563
613	638
566	727
627	638
577	503
621	620
595	542
603	501
536	499
537	476
344	612
569	710
619	630
517	509
675	603
543	680
479	664
538	580
669	545
889	366
657	621
732	498
673	714
550	448
677	523
716	425
541	724
605	706
542	639
611	610
450	653
508	685
621	688
546	382
565	823
630	439
489	604
571	613
659	479
608	639
502	322
549	725
495	607
568	645
689	631
490	677
662	576
583	668
658	783
650	649
760	578
549	546
542	593
706	561
477	535
815	488
529	509
653	723
662	502
575	715
539	673
782	576
757	565
679	557
476	468
496	696
386	707
627	479
667	679
624	548
525	516
403	782
643	646
676	674
541	498
610	516
488	515
698	643
601	630
793	517
587	525
718	650
642	837
806	506
760	830
738	631
673	662
571	660
428	612
691	476
514	578
681	795
572	518
622	512
609	525
801	589
711	738
441	480
654	607
739	562
661	598
626	502
728	491
550	398
643	650
788	550
686	537
622	736
446	654
528	825
616	652
599	572
375	674
613	680
456	576
492	607
702	696
659	605
508	544
756	456
654	556
588	556
569	587
635	621
467	366
409	755
604	452
621	525
547	601
610	664
468	582
539	732
789	645
458	671
651	483
551	499
734	489
505	716
616	449
552	472
674	521
651	788
483	604
410	454
578	613
620	590
686	711
918	723
609	607
652	654
513	698
465	681
569	555
704	517
739	629
572	568
728	420
611	677
576	577
614	708
510	533
526	672
693	609
555	531
604	438
476	514
657	595
562	391
521	576
664	540
544	686
539	501
466	529
505	530
519	645
803	479
573	499
679	496
638	588
682	661
446	499
682	708
613	734
457	438
644	608
764	667
589	596
570	575
549	593
515	777
770	678
699	647
497	578
708	419
431	609
559	655
490	673
620	642
539	736
644	673
660	664
617	819
528	593
433	665
618	561
737	528
388	637
648	622
737	692
587	715
456	596
560	589
574	538
602	729
512	573
561	746
572	600
422	692
387	490
605	463
493	643
618	769
642	726
589	522
531	461
651	665
561	733
618	709
543	649
526	646
538	616
468	613
537	545
766	416
592	746
552	666
495	670
608	606
445	702
671	652
669	562
629	811
561	602
474	587
600	463
549	614
669	501
707	615
661	612
466	755
541	815
483	478
580	448
721	721
438	426
675	556
716	419
653	767
600	680
655	696
522	517
680	629
481	713
653	507
561	499
495	677
636	616
553	683
706	683
443	651
659	505
482	588
541	653
522	715
472	371
784	589
685	690
441	654
629	615
571	605
576	509
683	699
802	495
574	616
688	487
575	579
736	575
601	620
627	601
372	628
618	700
616	658
582	720
544	649
546	642
731	575
651	750
677	666
519	724
572	542
795	799
624	649
581	488
665	641
637	600
445	544
439	658
612	639
673	631
638	570
668	605
636	612
548	511
642	557
658	658
455	593
666	548
665	601
599	772
641	753
552	455
525	624
558	621
783	638
565	880
643	563
528	556
712	633
588	650
647	698
586	581
540	496
371	585
609	514
497	569
452	609
339	466
726	512
583	574
500	605
483	772
569	693
551	609
661	646
489	636
533	630
510	673
736	657
579	597
470	569
541	538
650	667
722	571
716	490
429	536
615	673
472	688
427	583
617	579
615	745
751	480
645	496
555	415
661	662
490	627
518	470
571	611
550	677
657	309
599	650
589	620
572	505
584	508
678	677
538	717
594	577
522	571
672	651
459	339
537	544
702	654
703	611
664	480
547	427
558	370
623	711
648	682
657	643
776	640
707	549
668	343
613	638
610	514
593	492
615	778
509	658
463	634
602	602
637	687
627	344
559	604
717	615
391	705
686	614
555	675
523	572
655	465
757	670
534	662
478	731
644	430
611	427
546	609
706	622
521	474
576	757
527	554
654	529
715	421
755	549
586	708
516	478
605	588
500	688
665	532
723	472
754	558
631	555
434	474
609	615
483	677
638	597
516	551
644	656
665	669
673	411
646	676
636	705
678	658
596	618
455	527
602	495
582	623
482	692
710	632
634	588
635	540
547	504
594	501
611	706
663	646
447	483
383	531
797	591
601	628
535	470
634	644
422	609
609	665
648	730
671	553
578	705
657	588
549	557
637	607
504	497
490	280
621	527
545	483
610	764
425	500
551	737
756	735
630	744
445	637
477	630
550	631
538	657
588	801
570	615
544	616
629	534
530	746
617	503
550	616
574	637
594	604
631	608
529	462
804	710
709	720
673	640
517	599
579	509
681	721
528	672
605	603
578	766
701	655
567	647
571	610
814	523
658	687
494	501
691	641
623	657
685	631
533	555
622	763
610	439
704	443
639	567
534	660
643	646
605	574
452	507
625	524
742	630
813	546
627	658
625	438
665	540
601	564
584	488
606	565
747	594
541	669
468	519
680	723
786	552
479	813
616	640
583	688
582	587
669	656
666	547
465	586
775	805
665	533
588	518
688	647
658	482
564	468
573	637
532	720
559	513
569	501
736	504
574	533
630	488
810	572
507	625
664	640
453	412
529	636
547	663
672	690
631	637
605	599
526	241
509	644
601	595
593	688
685	741
654	595
541	581
631	786
393	608
555	508
811	431
594	555
480	589
715	586
535	573
493	478
587	770
610	443
561	646
633	744
596	501
721	467
648	688
700	610
594	860
376	579
693	530
604	610
465	666
717	501
710	468
628	595
512	472
717	500
479	564
557	570
660	701
701	847
646	627
623	798
549	475
851	537
676	546
616	669
643	626
474	554
529	633
416	499
531	797
703	556
636	577
598	620
458	487
554	577
691	685
462	522
837	675
465	631
427	662
707	582
628	715
693	495
792	339
505	499
507	715
462	702
447	426
468	612
860	442
477	619
706	457
700	600
467	558
482	521
723	522
590	673
615	742
585	622
524	661
640	713
760	454
575	634
680	559
616	662
689	494
783	628
796	723
657	618
663	615
540	472
687	464
576	568
669	626
447	514
632	536
559	750
595	564
630	624
615	665
733	557
653	655
632	501
502	606
674	486
755	596
629	665
668	561
695	605
565	619
444	541
425	681
671	675
468	594
722	622
706	477
720	649
483	714
727	628
653	642
490	510
648	720
718	674
595	475
713	647
523	828
481	602
418	799
632	659
610	568
698	553
768	632
545	701
642	479
499	575
498	662
665	509
518	568
559	534
634	610
620	564
645	631
388	727
359	625
635	566
510	519
728	579
679	601
450	618
572	487
564	742
304	620
521	616
537	734
424	617
775	793
622	492
591	575
570	692
604	750
697	602
611	612
532	737
702	573
423	681
733	551
682	605
525	591
710	589
634	644
735	354
402	648
747	704
659	632
597	473
447	705
667	445
639	770
585	566
555	592
621	794
548	553
665	623
673	560
535	554
729	649
614	529
628	784
777	604
539	615
626	512
673	562
598	731
735	612
396	670
847	551
695	669
740	672
479	752
496	626
525	468
563	704
733	690
596	732
631	447
524	511
499	689
709	653
515	577
855	422
560	667
685	598
659	536
361	562
634	601
370	624
512	556
620	621
721	537
741	750
467	708
476	730
689	537
592	406
456	669
619	474
696	463
550	658
611	638
556	616
649	521
629	531
612	617
479	615
702	762
762	592
574	598
373	597
609	634
610	530
501	654
601	632
350	507
638	562
733	491
653	680
518	580
567	634
575	683
562	609
464	581
630	537
672	517
753	653
489	751
597	673
645	664
584	437
610	678
456	499
736	594
515	658
520	595
523	648
710	631
589	675
586	784
643	816
728	589
623	654
628	470
465	561
683	551
657	633
651	704
543	603
661	655
540	496
596	739
541	598
536	643
710	627
544	559
554	595
630	665
471	676
530	669
639	604
621	568
773	608
568	726
584	676
387	597
623	659
732	631
623	557
661	569
618	413
550	762
559	520
619	473
644	514
770	548
547	373
557	666
552	400
589	750
732	591
615	548
473	520
438	562
505	563
812	603
594	490
759	531
618	699
571	524
662	686
616	481
533	579
567	607
732	655
394	515
444	457
576	475
569	516
720	535
877	478
533	706
532	745
552	568
684	440
716	706
507	547
651	702
655	569
673	525
534	502
518	511
747	486
543	753
452	647
504	604
564	617
621	493
612	630
521	508
668	581
519	518
623	723
535	575
580	712
553	608
579	468
619	501
710	537
590	576
752	539
591	550
739	693
333	534
573	530
759	505
540	498
392	607
613	527
555	660
743	441
619	691
561	661
608	760
662	659
683	671
662	692
695	562
434	565
730	484
628	715
515	698
459	720
440	751
336	624
582	581
539	553
502	779
579	652
596	684
690	776
562	554
704	708
639	493
540	570
635	676
790	697
665	681
650	451
620	496
616	690
498	551
504	557
599	752
478	483
448	540
542	685
489	589
441	438
476	615
754	746
527	477
453	601
632	514
556	775
651	631
614	555
566	553
424	742
613	704
753	560
721	707
523	627
552	674
617	699
611	590
568	504
524	662
736	597
536	545
594	676
704	512
484	480
493	418
648	462
584	645
656	480
509	518
482	666
419	644
555	540
725	636
777	788
746	772
594	683
644	565
497	663
638	656
672	393
586	477
636	715
636	657
620	626
675	524
632	558
499	532
557	589
745	512
594	697
555	676
701	614
872	663
694	660
536	654
795	671
734	540
496	670
496	495
760	614
777	506
467	595
405	644
629	577
646	763
682	727
366	422
487	459
667	622
664	538
439	389
640	695
667	684
719	735
761	606
652	678
755	604
504	403
594	725
655	576
676	615
571	435
723	436
623	549
540	502
648	668
597	470
734	488
635	388
552	426
583	537
648	749
634	470
528	620
678	575
486	714
589	595
574	762
667	611
545	560
726	676
458	689
533	709
621	408
623	706
548	507
640	539
686	617
485	559
483	530
817	610
711	647
756	475
490	661
551	590
877	647
616	609
520	612
494	452
457	757
677	577
671	605
789	564
636	723
685	574
598	453
542	407
686	619
678	439
719	665
583	452
687	506
525	570
534	717
689	668
719	615
644	390
600	666
705	721
516	635
490	603
543	447
632	609
628	477
705	570
494	679
617	786
795	442
719	625
468	522
639	587
662	760
635	568
868	581
531	697
388	555
644	735
543	618
532	648
576	739
632	516
744	605
719	686
618	657
498	533
556	676
552	637
705	646
642	614
584	591
494	662
726	614
548	641
629	629
545	566
373	639
571	521
444	543
643	603
736	520
612	673
565	579
829	569
576	690
575	783
716	432
715	728
652	612
657	388
637	716
609	579
579	558
634	604
640	576
665	685
736	560
630	708
536	661
526	571
442	570
703	645
654	372
556	534
600	668
571	616
556	634
693	568
498	514
593	442
385	736
548	563
505	479
665	466
682	504
520	735
593	673
544	473
500	616
814	489
657	670
455	582
547	583
633	744
586	530
506	600
798	671
699	674
639	418
702	546
596	725
553	653
486	627
443	616
698	521
374	601
732	582
480	754
640	548
395	529
531	588
519	464
581	598
418	657
589	679
655	637
701	661
622	647
676	513
655	533
506	706
775	611
498	490
616	569
710	500
612	543
683	634
620	585
614	606
447	546
534	565
525	602
534	592
562	793
573	726
605	535
736	586
685	601
772	547
765	621
607	668
608	409
546	576
519	624
605	532
761	701
603	669
737	770
515	570
496	605
547	460
601	595
577	621
448	501
585	508
560	605
539	655
646	610
479	590
712	543
535	649
674	577
552	369
751	536
572	603
525	762
650	589
418	481
759	429
511	660
628	493
490	642
653	558
771	645
545	437
531	523
628	580
477	562
820	460
781	506
772	564
614	600
621	548
698	524
684	609
798	493
593	591
526	555
704	383
756	698
656	687
530	696
554	622
730	631
754	710
459	768
611	534
648	671
600	693
581	654
553	687
608	701
497	831
607	470
539	452
694	534
649	626
598	555
462	706
794	615
530	620
615	626
562	436
501	524
612	614
413	564
618	731
613	740
571	708
461	735
626	482
280	467
446	653
579	798
560	738
514	553
605	642
601	660
581	644
455	726
639	524
658	583
710	735
445	657
596	646
543	588
721	540
636	480
601	730
645	522
578	502
532	322
601	493
491	513
510	563
633	514
612	400
775	488
538	533
578	638
603	531
343	608
706	684
636	616
452	495
463	876
421	587
714	721
661	614
612	538
738	756
576	601
602	495
620	521
615	680
578	543
474	713
654	587
510	494
586	651
650	544
495	632
613	659
578	615
608	515
519	708
575	645
644	837
637	506
502	693
516	646
588	593
725	484
732	722
660	687
647	708
537	600
565	617
651	490
613	615
504	552
623	627
596	547
504	519
671	639
613	689
632	589
695	514
587	665
477	713
549	462
540	529
535	491
687	544
523	405
659	456
588	551
566	576
696	667
586	668
667	586
653	539
584	536
607	592
788	616
563	688
478	570
677	485
653	616
545	481
590	349
547	506
465	640
617	574
700	587
610	645
660	635
655	650
518	604
537	622
718	738
558	574
565	849
470	574
551	685
743	674
626	772
563	640
873	667
597	903
727	842
524	498
663	823
704	678
570	558
554	578
509	630
758	678
518	697
670	588
615	416
580	574
768	472
739	518
573	541
338	488
481	757
421	648
596	641
665	563
626	314
563	819
576	402
528	690
566	544
705	624
566	683
726	608
649	810
409	547
776	557
594	631
486	662
585	632
758	739
495	800
772	563
443	649
639	449
498	593
717	608
611	752
530	581
895	795
799	664
605	601
476	627
699	478
538	583
749	644
577	658
623	619
713	347
567	523
714	822
824	583
794	757
544	689
485	617
393	636
419	660
667	460
562	376
750	523
601	646
622	648
594	634
545	581
511	538
733	711
380	498
559	513
574	346
662	570
855	742
576	756
590	776
597	652
519	689
634	799
588	599
585	593
661	603
662	756
587	739
469	432
571	578
462	582
618	553
537	601
615	737
442	517
705	737
524	615
550	736
598	413
552	554
593	643
580	673
574	736
664	583
689	456
562	559
483	597
567	470
663	621
614	703
622	563
570	490
584	677
631	518
569	703
663	559
657	495
526	583
450	457
611	532
594	597
571	643
505	577
757	501
785	395
700	422
556	590
564	622
620	576
611	677
710	590
550	588
826	609
522	552
697	883
666	891
527	548
540	678
723	555
560	656
614	584
572	561
551	658
619	723
640	412
558	572
775	516
515	764
473	640
855	573
579	682
526	528
677	647
659	668
709	665
598	713
662	612
343	466
435	792
479	556
519	679
435	650
644	619
615	325
473	602
592	505
593	721
598	493
546	638
735	629
584	824
586	451
528	849
402	593
609	688
821	666
517	625
539	586
543	768
677	510
654	596
643	673
480	547
719	662
566	473
701	711
699	580
672	559
870	473
586	633
544	736
577	506
544	523
594	649
600	576
651	811
640	548
477	608
527	667
716	479
559	500
655	667
636	616
634	619
765	592
728	654
637	626
515	566
566	495
705	614
628	535
430	584
538	624
740	755
737	431
561	620
494	597
636	533
580	448
693	628
559	537
528	671
649	811
512	609
678	686
745	513
595	568
637	578
610	564
566	569
650	456
461	542
482	575
645	416
684	400
617	707
457	425
596	501
649	567
505	602
559	432
591	595
579	425
573	481
641	824
725	650
647	583
433	696
609	895
559	687
753	671
533	559
627	714
455	901
429	629
619	489
494	565
596	602
732	566
589	471
760	512
700	487
679	528
656	749
552	666
557	726
706	690
611	756
709	450
736	832
494	549
657	429
601	600
696	486
528	644
543	707
723	617
539	648
483	544
643	692
629	550
540	547
499	572
718	560
744	486
494	547
638	652
646	660
541	437
436	630
603	614
426	460
651	557
595	546
444	489
550	629
597	742
485	553
691	506
591	637
640	565
645	601
673	772
581	887
401	571
613	665
622	771
615	522
529	438
551	543
724	795
681	697
619	504
559	618
539	662
438	534
444	579
521	696
500	558
607	377
461	538
749	671
562	695
628	505
653	608
740	636
653	597
701	657
725	683
607	693
479	757
669	467
500	407
628	574
751	570
880	492
556	530
768	706
656	687
507	591
641	590
554	609
707	557
447	578
668	651
346	505
481	393
584	486
698	483
514	688
695	539
677	563
638	724
839	455
541	463
639	692
519	649
560	622
580	727
738	614
493	668
532	540
622	458
486	696
596	605
423	666
445	727
495	640
635	572
623	707
683	386
766	683
728	654
806	652
576	512
563	630
591	635
491	564
568	456
515	609
410	599
742	681
588	725
506	514
702	483
693	741
493	425
507	679
795	330
499	732
497	463
507	447
354	748
591	682
462	673
618	615
504	686
620	578
835	594
385	549
613	633
591	508
643	620
617	624
551	556
666	706
755	603
656	532
638	671
618	902
541	655
760	612
683	641
746	528
643	815
759	480
574	507
587	553
661	558
473	723
596	537
657	552
590	605
702	529
591	413
466	545
543	659
688	563
652	542
513	570
596	683
759	433
567	595
582	644
545	695
560	763
541	506
534	557
548	765
709	668
642	778
751	427
675	558
664	491
655	488
736	314
567	572
564	648
714	689
566	640
693	527
681	556
634	573
472	648
548	650
599	752
400	589
840	546
681	627
573	716
493	540
592	549
561	534
563	568
582	627
768	585
565	630
592	690
679	675
642	650
697	476
708	743
549	585
498	539
353	530
425	703
626	343
662	361
710	594
634	716
653	634
598	528
631	498
525	694
476	569
567	518
410	777
437	791
497	641
618	588
433	690
814	583
666	611
643	567
730	536
622	699
708	776
581	580
659	726
618	605
534	285
534	647
581	527
621	621
523	547
750	688
475	547
525	591
515	485
593	630
516	634
604	363
537	552
547	414
612	646
659	613
627	733
469	596
546	527
658	596
609	805
661	498
682	571
538	572
527	756
618	666
472	661
560	502
535	685
529	415
561	748
553	536
620	526
802	574
660	653
576	586
557	449
598	714
674	686
528	743
468	779
631	623
525	611
726	616
554	658
490	369
584	454
717	657
516	433
529	663
567	420
703	767
436	746
717	619
355	649
494	517
594	743
597	743
666	593
333	520
573	624
571	592
427	523
525	562
875	536
701	544
627	567
685	394
605	636
413	580
526	662
393	345
433	655
487	497
641	656
494	678
490	542
705	718
552	582
570	683
648	763
696	711
353	519
566	684
636	590
731	628
509	697
583	652
697	623
520	566
637	681
610	633
689	463
733	510
519	517
818	808
660	490
656	660
563	604
420	498
581	631
506	763
487	590
649	702
570	572
553	624
667	575
652	562
668	580
482	396
755	604
492	609
504	494
579	689
552	342
506	591
724	460
634	510
701	498
595	507
708	571
609	554
781	610
833	534
553	669
496	382
538	571
536	662
767	487
638	733
616	581
855	545
533	764
388	523
668	457
466	638
485	458
605	479
665	650
362	676
574	552
542	607
550	594
682	569
579	516
374	726
538	674
481	572
653	424
611	571
728	468
614	673
692	786
503	450
665	637
634	505
650	526
453	606
400	643
713	489
852	751
745	635
544	651
491	653
573	709
659	570
529	668
657	697
590	518
478	593
671	489
345	523
541	817
505	557
409	436
553	459
669	693
620	437
706	548
773	763
837	420
494	671
531	690
589	557
657	620
527	600
326	588
587	527
644	723
600	389
489	455
593	492
685	521
675	630
641	495
474	653
545	755
568	618
502	501
618	494
602	606
590	624
677	617
619	457
534	526
436	647
581	627
322	596
554	737
806	545
695	625
520	597
613	726
504	631
598	395
532	541
665	577
623	569
544	681
512	736
625	545
602	599
686	604
675	648
704	724
547	505
652	435
699	518
501	651
468	580
538	618
601	533
603	616
640	715
584	695
464	671
595	691
552	549
605	671
516	527
752	674
488	668
740	540
744	576
689	445
604	614
752	677
661	722
507	748
650	520
599	560
616	606
712	423
626	610
377	580
508	645
533	610
736	743
512	594
645	815
513	643
544	485
672	566
569	422
749	612
635	504
399	638
697	610
492	537
535	492
588	740
549	486
695	523
469	721
687	656
428	588
631	686
650	584
667	583
688	533
544	737
760	549
595	656
456	562
748	583
803	776
262	540
661	677
396	608
655	504
716	603
601	617
679	660
638	702
380	452
542	651
629	751
906	745
579	644
498	455
575	639
643	657
779	460
521	574
684	624
598	454
565	704
596	622
572	645
614	568
636	449
615	680
753	480
614	595
580	461
701	562
593	556
621	662
651	734
626	565
517	639
580	501
700	592
763	296
630	539
681	637
604	749
596	626
472	563
494	601
574	663
609	613
557	578
532	504
549	530
686	705
596	591
596	574
739	708
498	473
603	644
522	759
692	635
733	755
675	758
347	413
586	451
494	542
588	692
783	636
550	755
476	533
681	640
710	619
547	810
365	597
504	665
678	762
436	797
604	613
713	605
611	504
627	636
564	804
564	606
705	764
589	710
546	648
791	618
613	759
576	421
642	659
558	710
808	443
493	588
814	684
474	741
446	527
680	483
569	721
665	622
512	665
641	663
419	825
504	544
358	468
368	442
442	675
412	796
740	489
686	536
747	670
685	539
675	614
746	590
651	613
550	589
509	644
566	435
635	393
674	443
579	502
721	561
588	558
630	443
611	575
552	505
570	677
572	519
497	451
590	574
563	602
616	704
677	774
625	580
682	582
536	570
625	728
675	645
600	702
505	627
634	652
763	670
560	499
598	583
586	621
567	575
521	741
428	592
523	540
538	540
546	438
700	429
494	526
605	631
695	700
539	529
567	484
756	717
474	526
606	460
768	696
607	511
672	632
673	565
699	604
521	641
701	536
670	573
685	535
501	702
704	832
687	482
614	609
534	474
765	624
565	563
586	514
522	516
626	804
556	852
869	528
609	472
547	413
518	640
526	278
566	505
408	585
700	417
429	489
596	641
509	425
509	652
440	648
579	607
655	496
423	675
646	803
605	569
572	634
479	539
638	632
506	394
523	540
475	654
824	583
632	572
654	635
643	580
512	446
557	749
682	679
568	564
598	671
660	632
534	716
531	528
574	660
653	610
710	400
547	683
364	509
630	589
615	686
597	771
720	642
663	697
564	618
496	469
489	556
476	549
606	702
642	636
668	659
628	537
658	786
634	699
377	584
663	697
508	534
467	704
577	683
658	603
535	655
569	697
745	610
677	654
509	651
594	548
681	477
584	601
649	567
356	679
460	592
602	558
579	508
496	620
412	455
660	568
604	770
794	546
594	760
576	696
527	659
596	515
562	687
632	646
500	695
516	534
640	518
753	539
643	541
584	674
588	632
469	617
718	563
610	662
478	620
645	409
575	477
637	691
568	521
689	678
562	444
530	841
731	708
518	371
594	616
559	618
641	423
588	559
641	619
659	601
710	488
661	676
548	565
522	588
624	748
783	733
442	334
601	535
459	661
447	638
457	458
738	646
504	565
559	565
605	535
772	513
509	783
455	705
637	570
584	682
555	448
661	608
581	419
569	554
688	592
675	613
673	544
700	374
747	669
401	343
545	542
544	699
642	489
617	574
665	649
458	775
620	477
526	531
590	710
729	607
671	669
824	529
577	531
537	467
485	527
590	611
471	686
517	612
625	511
503	544
531	561
468	577
633	506
617	464
582	454
552	692
529	629
638	764
527	610
525	597
538	429
708	598
452	488
628	773
680	538
599	611
599	546
617	660
659	592
528	611
628	541
629	680
594	478
638	759
575	606
542	651
657	733
482	585
730	457
584	729
538	554
708	428
463	550
536	536
606	710
558	638
553	654
529	461
719	428
646	614
502	755
496	517
465	456
713	450
713	598
592	539
771	600
599	681
738	598
715	694
403	668
475	523
664	541
563	639
608	577
542	616
509	643
548	552
547	541
664	633
548	480
529	541
510	560
592	672
649	483
762	671
596	699
607	607
559	542
422	705
684	587
398	613
499	758
637	332
628	786
830	626
573	594
501	599
535	670
640	565
623	651
706	506
660	623
819	360
723	322
564	496
691	698
755	589
683	610
602	495
455	615
448	709
682	692
666	590
448	565
521	654
667	633
720	653
616	710
518	676
503	547
665	645
740	577
673	575
735	641
653	390
795	609
719	714
392	686
350	538
526	799
561	583
337	478
501	669
666	825
688	702
448	606
602	636
438	628
519	634
448	639
505	495
450	589
649	370
683	877
545	528
526	458
550	622
686	773
426	464
528	600
509	678
859	606
615	555
638	681
583	690
486	589
574	655
609	472
824	705
526	636
601	726
598	493
692	592
577	478
657	584
609	867
593	408
927	592
657	613
513	728
855	628
571	581
502	474
760	624
495	606
501	556
698	402
698	674
670	547
677	540
727	600
448	600
608	627
603	650
667	453
564	603
751	592
692	470
596	770
528	707
508	625
604	549
494	547
809	546
629	396
664	574
530	598
599	480
662	578
671	474
402	579
584	529
712	620
429	755
522	726
611	415
549	839
688	615
574	667
553	406
564	541
544	521
684	673
735	518
410	687
580	396
684	572
416	633
683	528
613	514
635	472
622	624
572	478
751	879
648	670
556	677
623	746
633	759
678	659
706	548
523	629
523	443
584	541
669	458
540	495
573	648
700	600
749	637
687	554
729	713
576	669
685	634
648	793
700	523
639	639
712	621
573	743
569	510
788	549
636	615
595	576
492	754
692	562
569	556
633	551
608	620
737	828
622	524
638	758
625	719
468	545
553	612
566	543
532	593
533	563
522	445
643	730
478	631
721	520
564	733
647	684
520	531
645	448
628	580
509	542
611	557
593	491
588	642
698	566
603	537
757	655
619	707
493	377
372	660
713	517
616	581
554	598
535	555
434	668
669	621
535	655
595	638
727	514
613	602
643	550
693	522
401	543
636	494
588	742
461	629
559	629
689	415
674	608
343	428
405	792
726	619
634	546
581	558
658	550
772	540
560	789
715	685
704	711
650	539
671	503
582	792
506	663
605	677
639	668
685	651
614	831
546	685
671	651
362	637
659	608
640	555
692	682
661	550
652	553
585	614
413	672
563	594
655	582
652	454
552	711
630	674
591	678
820	704
482	444
518	613
649	524
696	705
442	698
576	583
538	747
634	575
534	794
484	652
490	531
615	744
475	682
684	490
780	625
605	738
585	646
664	579
639	559
554	598
554	653
573	571
653	692
717	528
770	582
675	494
534	579
566	540
459	410
569	539
733	508
584	700
541	712
782	589
634	615
525	742
564	382
622	674
680	600
575	673
621	654
620	517
500	524
679	479
752	628
595	674
724	672
625	578
643	360
811	777
675	529
427	564
617	377
452	639
800	565
662	408
639	784
553	528
582	556
727	520
474	670
590	583
681	558
625	524
661	657
661	421
415	671
464	569
583	657
681	813
588	777
552	557
594	514
581	709
569	715
680	833
651	729
603	695
655	635
484	602
553	776
500	547
472	534
502	543
566	718
800	612
673	624
630	340
463	507
749	582
670	469
569	604
554	630
609	603
731	478
466	675
653	744
605	720
589	603
582	607
562	453
603	570
465	570
534	559
649	640
528	547
609	531
602	556
617	632
635	708
658	686
686	789
503	617
569	563
487	624
530	555
541	492
594	496
452	550
642	648
735	449
588	532
656	569
594	668
368	787
738	467
657	569
614	600
394	676
703	525
522	592
644	637
610	557
552	654
779	483
606	555
479	553
511	738
781	623
574	710
766	564
494	799
734	476
561	531
673	522
679	493
644	504
475	606
692	714
632	507
380	800
639	505
681	738
554	572
453	549
526	608
572	615
568	462
649	643
597	704
632	642
348	545
485	427
562	647
630	462
427	600
390	534
614	488
810	628
670	614
615	405
338	628
587	623
603	563
686	540
504	812
780	547
415	693
395	647
671	663
600	790
501	607
502	681
602	562
585	728
650	688
604	488
529	694
646	612
487	527
688	539
722	538
507	536
587	465
422	469
649	633
666	684
492	664
676	512
463	529
789	669
550	523
554	547
497	540
542	629
616	688
487	462
573	646
527	544
611	445
725	573
311	597
689	406
592	485
382	616
655	452
607	512
666	500
674	701
583	599
455	563
633	756
579	599
520	637
761	626
710	684
514	559
528	490
631	631
654	652
891	644
490	565
569	562
567	674
787	619
716	698
529	632
627	549
604	656
613	610
460	684
592	782
558	548
644	564
597	565
685	881
492	552
506	675
607	738
738	658
576	590
626	716
671	552
578	693
465	408
562	601
664	537
661	527
572	619
497	668
368	622
662	549
634	724
714	633
497	604
649	578
638	500
505	560
553	643
674	553
587	709
718	601
501	476
587	401
647	538
573	662
557	480
858	675
528	521
535	640
665	789
552	601
610	552
454	753
469	570
639	676
677	598
642	545
637	683
503	565
596	727
619	670
479	694
603	487
647	495
634	817
613	539
643	515
612	529
779	526
649	637
624	558
559	563
718	444
431	720
585	473
611	513
354	612
609	658
770	571
655	763
616	669
490	560
524	806
601	577
687	667
682	528
609	562
526	637
434	555
561	771
649	667
629	673
312	639
505	394
661	530
574	332
644	693
488	659
469	678
545	493
700	449
669	483
372	723
690	556
578	652
568	642
688	623
560	535
748	436
441	439
533	635
681	610
718	715
641	643
709	480
669	486
734	422
456	610
566	637
910	749
665	677
521	510
740	419
604	669
582	621
606	607
703	530
658	733
478	753
645	610
724	652
452	661
640	694
476	693
540	610
452	386
609	682
628	631
662	662
524	537
588	598
689	655
604	592
490	542
512	687
727	676
677	528
665	617
597	490
614	655
678	539
455	595
627	474
497	606
462	703
660	594
758	657
574	376
587	937
784	608
403	712
720	547
615	769
601	585
539	449
555	686
595	497
663	588
617	660
823	533
493	518
526	528
566	758
871	647
544	631
314	830
627	541
553	670
556	562
763	635
872	632
686	670
602	704
498	526
513	745
490	727
635	535
499	695
546	640
448	433
504	596
520	614
611	446
736	548
564	676
715	538
620	664
753	722
505	537
547	708
761	623
581	489
577	606
595	644
628	589
507	420
418	633
710	670
410	524
550	662
534	532
630	755
610	623
592	700
597	702
593	536
425	815
609	586
635	697
769	568
489	573
778	523
748	425
557	456
589	554
514	710
697	544
431	626
582	675
600	728
624	499
585	629
591	678
694	714
675	460
733	593
556	530
655	680
635	692
723	547
511	622
569	645
600	648
614	606
654	558
514	514
477	550
661	600
577	590
449	727
607	608
534	582
663	566
579	778
572	669
571	660
562	581
617	704
541	457
682	305
633	597
564	415
632	455
704	548
637	567
543	550
567	608
505	611
576	501
677	513
636	664
689	656
491	562
700	717
604	591
544	581
591	615
617	743
493	608
593	622
609	730
539	576
533	510
555	749
381	658
668	666
470	669
785	749
585	606
734	820
603	568
697	604
518	609
709	563
641	582
625	479
559	509
518	705
579	704
460	574
362	567
699	463
495	529
731	614
764	730
487	628
816	602
664	604
506	617
819	735
570	584
647	505
526	596
489	606
561	580
444	555
602	805
555	682
442	589
551	761
580	626
583	598
692	498
750	635
739	475
476	726
648	610
840	587
407	476
603	592
500	557
387	381
643	612
554	438
669	616
848	678
629	629
695	513
523	520
698	566
459	488
424	466
585	655
696	620
426	457
742	536
631	674
602	617
408	598
633	557
488	734
627	463
626	518
520	695
793	448
508	395
484	606
627	621
526	492
727	567
481	669
520	553
561	483
605	618
565	614
523	476
514	594
738	678
749	704
594	539
615	667
491	606
550	616
667	612
780	403
487	728
591	306
485	640
647	638
612	536
503	620
696	757
461	647
697	786
756	570
443	599
597	644
491	737
508	474
623	531
564	529
454	661
615	556
620	460
547	572
690	551
512	484
504	656
572	761
623	662
528	495
666	602
624	517
675	674
582	550
637	539
617	661
591	726
527	530
544	702
672	564
602	737
663	690
576	670
567	565
514	640
626	423
744	531
614	609
697	737
434	727
440	545
610	739
808	714
622	619
618	647
476	573
532	712
518	642
727	713
539	693
575	678
627	678
714	521
472	670
702	473
660	524
770	743
557	543
712	633
609	704
662	524
506	535
635	638
654	683
541	471
740	778
678	764
746	488
640	416
580	606
538	689
728	672
344	565
633	825
660	617
505	625
704	677
600	687
772	746
526	820
544	574
662	802
592	589
683	702
605	649
758	707
590	629
606	604
561	700
473	664
614	709
842	501
560	605
641	649
716	706
797	687
608	666
725	620
569	720
534	634
550	555
584	457
610	711
515	863
577	581
484	594
499	520
473	541
561	529
705	664
734	571
583	522
546	617
724	635
577	531
583	500
554	719
604	587
520	813
766	548
606	566
514	883
676	556
560	629
786	635
564	638
588	701
662	618
786	777
731	377
447	494
610	430
576	572
569	608
734	660
642	728
626	679
507	774
629	701
584	449
578	455
541	521
664	567
689	692
773	716
549	454
617	525
585	522
692	670
543	770
768	647
634	572
627	475
613	725
628	635
636	688
449	701
483	559
648	482
413	447
630	386
701	500
561	583
507	637
648	599
683	725
676	446
448	663
488	631
533	614
706	559
496	709
832	604
684	659
761	497
713	581
583	620
618	507
605	636
636	647
574	578
418	534
683	724
328	613
542	593
547	691
380	379
673	682
650	520
584	441
800	543
738	630
535	665
555	649
723	691
473	486
535	565
564	665
741	530
639	673
617	536
479	537
563	524
461	468
686	594
784	469
589	863
626	522
557	752
597	632
603	580
801	556
630	654
642	668
570	618
429	622
435	666
650	617
628	529
419	833
473	544
704	530
602	527
630	606
511	655
621	675
705	662
562	507
624	589
526	510
479	630
560	621
798	615
530	634
602	721
601	887
517	512
454	641
521	560
738	593
669	667
568	613
579	618
544	752
775	546
513	910
714	607
702	430
638	650
562	657
482	661
776	643
614	738
425	427
560	777
393	641
643	557
353	736
567	599
559	521
557	777
502	550
571	691
542	352
798	758
630	601
483	650
643	622
509	756
666	584
656	590
644	574
647	634
572	525
568	524
425	471
692	592
528	698
559	572
602	681
765	618
645	468
622	898
602	592
429	643
652	648
716	552
606	657
554	523
682	547
706	510
697	635
668	645
577	624
604	391
632	680
695	656
533	673
586	567
558	673
429	515
658	747
628	393
566	663
430	511
709	630
639	721
530	785
599	552
657	650
712	553
411	479
618	661
791	531
698	502
727	607
386	719
561	554
612	461
798	675
599	753
700	664
516	510
671	429
822	565
479	462
583	536
684	460
489	770
765	750
399	557
606	550
684	655
796	493
613	689
638	633
749	607
423	692
627	728
582	583
609	641
631	692
536	527
715	496
529	597
562	578
651	625
478	629
442	611
670	636
579	516
748	743
702	599
676	496
566	856
618	707
509	304
503	573
522	685
586	547
586	613
669	555
490	632
702	626
575	861
773	727
730	503
687	498
740	706
644	670
557	492
471	664
693	754
478	475
591	660
554	618
396	652
574	442
649	805
520	739
536	663
603	622
600	542
509	774
757	629
204	476
626	712
597	484
620	474
664	789
719	251
625	591
487	751
690	478
775	533
614	605
482	480
623	649
474	616
743	761
696	679
724	432
638	535
726	594
610	491
512	652
642	392
661	646
591	700
526	568
421	418
644	537
467	607
478	681
729	569
486	608
585	711
668	587
458	431
604	663
780	521
483	649
751	509
512	722
709	597
690	762
684	510
572	653
654	543
611	639
448	595
585	576
476	556
524	631
547	443
625	462
602	454
549	617
636	578
592	631
497	834
508	520
834	626
479	515
457	607
557	553
596	509
548	615
489	425
396	540
437	509
526	701
558	871
624	714
587	693
634	635
589	628
734	550
638	685
490	652
560	519
782	553
657	647
745	607
671	551
384	622
435	485
674	665
661	486
516	672
646	509
468	474
421	551
837	619
397	665
697	749
584	619
475	451
661	435
740	511
625	660
682	574
571	641
545	545
678	628
740	589
761	599
615	702
398	337
518	562
733	744
927	738
422	603
759	540
608	571
529	575
597	353
549	748
444	677
575	500
582	458
584	929
488	615
617	601
506	471
503	574
783	439
560	716
587	573
564	432
510	565
567	802
462	716
589	516
676	512
874	658
699	440
580	534
638	740
679	505
566	531
614	676
649	744
339	530
549	695
876	557
611	664
568	640
687	670
627	765
632	690
628	632
586	818
585	560
595	531
636	539
641	626
498	502
710	505
716	672
601	531
635	569
559	661
896	640
557	465
721	599
714	696
476	480
657	435
628	485
473	735
485	539
767	703
537	848
712	442
660	526
540	655
644	711
573	712
521	484
391	488
643	496
783	774
562	441
553	520
598	529
583	679
525	565
702	499
560	625
689	522
493	779
610	658
597	494
555	591
648	467
531	578
562	551
665	591
593	626
564	711
707	655
515	709
508	411
582	653
731	669
663	866
634	711
595	557
805	483
732	802
452	634
695	631
614	507
575	720
745	574
608	547
494	706
424	679
595	473
735	565
698	448
865	607
825	595
526	534
693	685
505	586
606	721
478	477
527	727
597	722
441	548
641	516
720	779
560	700
718	546
562	533
717	503
588	780
678	499
551	634
511	725
668	483
770	521
640	794
733	455
853	464
451	729
587	540
700	682
745	456
612	518
524	796
688	664
572	431
709	633
534	704
578	500
532	627
665	333
569	542
683	594
590	574
398	580
728	472
441	628
467	744
758	601
641	706
562	744
589	500
848	762
628	505
764	454
572	599
553	483
619	554
377	672
629	638
547	519
579	517
595	783
593	633
624	570
742	541
474	495
619	607
614	523
787	558
573	512
663	705
581	617
587	641
702	585
714	462
564	551
715	509
685	594
770	599
421	680
597	418
619	543
703	587
665	485
693	449
583	746
708	449
462	599
453	871
544	517
650	514
718	596
591	622
614	616
536	479
715	598
563	500
637	746
427	462
516	759
628	658
577	652
568	711
531	589
595	462
606	482
564	413
561	644
595	379
798	443
520	671
571	452
709	507
643	649
662	609
522	546
717	608
575	633
808	614
631	555
594	752
649	666
559	591
546	673
523	404
619	538
698	538
506	606
736	767
576	613
490	532
653	640
443	467
713	586
528	521
646	480
589	541
684	657
494	706
566	472
740	621
645	599
594	562
546	530
554	504
787	626
440	578
441	546
550	613
517	591
743	624
451	526
527	529
609	465
527	600
525	509
607	636
747	601
614	417
639	564
556	589
555	421
584	604
562	664
604	445
414	544
476	778
470	631
500	800
666	698
744	492
832	610
717	419
624	628
417	529
576	705
577	515
569	543
572	588
540	743
502	500
545	583
732	533
696	432
656	613
527	661
495	440
466	431
605	495
533	573
392	648
624	631
724	542
598	556
616	427
534	522
657	736
431	472
565	606
607	649
698	549
623	663
723	619
833	540
510	496
612	780
609	614
720	667
489	426
660	737
580	505
425	590
550	685
657	731
446	453
734	524
781	603
669	418
433	700
644	474
706	717
567	629
646	617
562	632
520	629
634	359
540	644
727	542
662	484
622	486
527	705
663	610
592	377
564	635
646	561
522	756
705	635
618	499
797	499
671	627
663	635
626	479
622	573
415	530
665	620
647	614
784	744
529	513
755	593
670	681
526	680
597	664
649	452
562	729
718	775
567	449
770	585
503	664
470	607
501	609
607	691
541	441
656	501
493	609
729	452
549	701
532	661
561	616
566	774
673	668
523	523
671	448
689	726
710	588
457	803
792	505
640	540
802	400
606	565
570	490
563	567
639	452
712	502
653	544
699	691
528	768
700	698
675	671
641	497
549	562
698	400
534	806
761	481
610	722
550	640
560	497
771	654
516	596
670	867
562	515
668	595
677	493
628	737
591	470
472	628
558	421
614	527
573	500
801	484
566	643
557	688
622	701
709	696
537	483
575	824
535	702
675	549
449	635
707	716
663	539
771	643
428	463
545	599
692	704
554	587
538	530
718	549
746	697
638	718
547	509
476	623
498	520
597	498
680	645
713	692
496	790
459	598
479	687
603	505
623	439
419	484
605	676
480	567
703	517
600	686
715	449
599	709
655	593
669	516
722	683
557	706
517	732
564	594
480	598
512	763
691	456
767	428
488	663
585	624
662	578
581	480
765	803
481	588
420	505
747	568
656	536
535	689
744	682
551	542
578	597
428	584
509	562
718	742
801	585
671	580
510	684
868	507
415	573
700	579
632	421
558	475
680	630
568	604
724	696
695	578
633	801
646	666
632	734
541	526
682	741
561	486
337	564
625	279
667	596
635	430
571	580
826	425
454	790
646	522
732	784
566	510
523	515
631	667
665	629
370	532
604	630
604	657
725	678
554	688
343	776
610	463
486	611
604	841
641	607
662	597
536	646
741	503
492	785
553	662
564	650
512	477
362	592
510	506
697	714
580	541
595	545
636	588
601	572
562	380
510	624
671	639
497	723
554	622
748	662
669	551
649	772
579	563
601	531
782	578
682	518
660	635
465	715
459	612
679	578
513	595
617	643
629	524
401	552
415	733
689	594
509	801
639	635
657	459
627	749
531	460
581	563
552	550
692	575
680	739
389	341
594	607
617	670
449	432
593	622
634	682
775	687
636	574
632	579
494	493
624	535
613	585
523	524
599	673
474	612
530	542
486	570
540	719
713	534
551	780
585	542
604	550
593	789
488	649
516	682
551	492
599	812
541	603
853	625
563	544
599	750
519	492
683	559
416	776
511	508
534	468
665	469
556	670
513	588
382	575
693	569
638	631
569	542
546	603
580	701
561	655
574	615
508	693
597	579
579	578
720	503
540	446
625	715
691	621
495	601
445	458
542	727
529	537
473	528
668	532
547	614
661	610
450	462
796	484
569	486
569	638
612	570
724	605
498	512
593	666
410	440
646	689
642	656
554	606
608	624
750	573
668	560
346	635
766	457
598	721
495	505
670	696
635	563
627	520
619	751
515	512
652	669
571	452
607	651
460	587
710	574
697	791
670	572
451	449
642	450
631	521
601	547
797	709
608	404
787	355
606	520
585	790
812	534
670	612
696	544
658	565
608	685
761	608
590	606
715	570
609	694
317	596
596	446
772	598
478	710
599	518
680	439
547	597
428	682
575	694
754	612
661	531
541	638
626	773
617	639
401	606
744	351
732	572
606	506
451	492
733	505
786	659
655	641
763	663
773	471
683	768
447	552
672	660
633	687
628	610
424	534
602	781
638	599
634	588
488	541
602	751
714	645
577	527
789	745
720	654
508	484
711	689
749	646
699	610
664	495
683	628
506	698
733	706
456	485
729	468
535	486
519	596
563	548
566	559
530	411
637	523
581	485
545	486
661	367
582	534
619	597
645	617
610	515
596	450
646	638
598	696
527	635
688	498
719	649
543	601
486	560
620	752
581	689
538	448
704	654
708	608
816	747
700	653
656	436
675	615
725	563
609	635
491	589
617	575
499	648
615	712
647	549
665	464
716	648
649	662
567	584
449	345
588	774
373	675
514	624
779	669
597	763
574	671
