0
0
0
0
0
0
0
0
0
0
0
0
0
0
0
0
0
0
0
0
0
0
0
0
0
0
0
0
0
0
0
0
0
0
0
0
0
0
0
0
0
0
0
0
0
0
0
0
0
0
0
0
0
0
0
0
0
0
0
0
0
0
0
0
0
0
0
0
0
0
0
0
0
0
0
0
0
0
0
0
0
0
0
0
0
0
0
0
0
0
0
0
0
0
0
0
0
0
0
0
0
0
0
0
0
0
0
0
0
0
0
0
0
0
0
0
0
0
0
0
0
0
0
0
0
0
0
0
0
0
0
0
0
0
0
0
0
0
0
0
0
0
0
0
0
0
0
0
0
0
0
0
0
0
0
0
0
0
0
0
0
0
0
0
0
0
0
0
0
0
0
0
0
0
0
0
0
0
0
0
0
0
0
0
0
0
0
0
0.0001
0.0001
0.0001
0.0001
0.0001
0.0001
0.0001
0.0001
0.0001
0.0001
0.0001
0.0001
0.0001
0.0001
0.0001
0.0001
0.0001
0.0001
0.0001
0.0001
0.0001
0.0001
0.0001
0.0001
0.0001
0.0001
0.0001
0.0001
0.0001
0.0001
0.0001
0.0001
0.0001
0.0001
0.0001
0.0001
0.0001
0.0001
0.0001
0.0001
0.0001
0.0001
0.0001
0.0001
0.0001
0.0001
0.0001
0.0001
0.0001
0.0001
0.0001
0.0001
0.0001
0.0002
0.0002
0.0002
0.0002
0.0002
0.0002
0.0002
0.0002
0.0002
0.0002
0.0002
0.0002
0.0002
0.0002
0.0002
0.0002
0.0002
0.0002
0.0002
0.0002
0.0002
0.0002
0.0002
0.0002
0.0002
0.0002
0.0002
0.0002
0.0002
0.0002
0.0003
0.0003
0.0003
0.0003
0.0003
0.0004
0.0004
0.0005
0.0005
0.0005
0.0005
0.0006
0.0006
0.0006
0.0006
0.0006
0.0006
0.0006
0.0006
0.0006
0.0006
0.0006
0.0006
0.0006
0.0006
0.0006
0.0006
0.0007
0.0007
0.0007
0.0008
0.0008
0.0008
0.0011
0.0011
0.0014
0.0014
0.0014
0.0015
0.0017
0.0018
0.0018
0.0018
0.0018
0.0019
0.0019
0.002
0.002
0.002
0.0021
0.0021
0.0021
0.0021
0.0021
0.0024
0.0024
0.0024
0.0024
0.0024
0.0024
0.0025
0.0025
0.0026
0.0026
0.0026
0.0027
0.0029
0.0029
0.0031
0.0032
0.0034
0.0036
0.0036
0.0037
0.0038
0.0038
0.004
0.004
0.0042
0.0046
0.0049
0.0051
0.0052
0.0054
0.0057
0.0058
0.0059
0.0062
0.0064
0.0066
0.0066
0.0069
0.0074
0.0074
0.0079
0.008
0.0082
0.0084
0.0089
0.0092
0.0094
0.0098
0.01
0.0102
0.0107
0.0113
0.0119
0.0122
0.0125
0.0128
0.0132
0.0133
0.0139
0.0142
0.0142
0.0143
0.0147
0.0147
0.0151
0.0156
0.0159
0.0164
0.0166
0.0167
0.0176
0.0185
0.019
0.0195
0.02
0.0206
0.0213
0.0219
0.0224
0.0228
0.0233
0.024
0.0246
0.0248
0.0254
0.0256
0.0265
0.0275
0.0281
0.0288
0.0295
0.0298
0.0305
0.0315
0.0321
0.0329
0.034
0.0348
0.0355
0.0364
0.0371
0.0384
0.0392
0.0404
0.0408
0.0421
0.0429
0.0439
0.0447
0.046
0.0471
0.0479
0.0486
0.0501
0.0511
0.0524
0.0531
0.0542
0.055
0.0563
0.058
0.0598
0.0613
0.0629
0.0639
0.0653
0.0667
0.0684
0.0699
0.0714
0.0724
0.0737
0.0753
0.076
0.0778
0.079
0.0802
0.0817
0.0831
0.0845
0.0864
0.0876
0.0887
0.0901
0.0915
0.0933
0.0946
0.0966
0.0988
0.1002
0.1017
0.1032
0.1055
0.1078
0.1103
0.1125
0.1143
0.1158
0.1176
0.1196
0.1217
0.1233
0.1261
0.1275
0.1293
0.1312
0.1335
0.1357
0.1385
0.1406
0.1434
0.1465
0.149
0.1514
0.1539
0.1566
0.1594
0.1616
0.1632
0.1661
0.1685
0.1707
0.1726
0.1743
0.1769
0.1795
0.1823
0.1862
0.1895
0.192
0.1944
0.197
0.2011
0.2037
0.2063
0.2101
0.2129
0.216
0.2187
0.2213
0.2244
0.2271
0.2302
0.2324
0.2352
0.2386
0.2419
0.2464
0.2498
0.2531
0.2566
0.259
0.2618
0.2661
0.2687
0.272
0.2757
0.28
0.2832
0.2866
0.2907
0.293
0.2966
0.3001
0.303
0.307
0.3118
0.3158
0.3204
0.3234
0.3262
0.3302
0.3343
0.3385
0.3427
0.3452
0.3483
0.352
0.3557
0.3592
0.3629
0.3662
0.3701
0.374
0.3789
0.3833
0.3877
0.3921
0.3948
0.4001
0.4041
0.4081
0.4123
0.4171
0.4208
0.4247
0.4292
0.4336
0.4368
0.4404
0.4447
0.449
0.4528
0.4578
0.4619
0.4656
0.4696
0.4746
0.4799
0.4844
0.49
0.4936
0.4988
0.5015
0.5064
0.5102
0.5151
0.5186
0.5223
0.5268
0.5304
0.5339
0.5389
0.5433
0.5476
0.5504
0.5544
0.5585
0.5625
0.5664
0.57
0.5741
0.5771
0.5813
0.5856
0.5891
0.5926
0.5962
0.6008
0.6045
0.6083
0.6108
0.6138
0.6176
0.6216
0.625
0.6285
0.6325
0.6353
0.6399
0.6436
0.6479
0.6517
0.6557
0.6593
0.6622
0.6662
0.671
0.6747
0.6785
0.6825
0.6859
0.6894
0.6925
0.6959
0.7001
0.7037
0.7077
0.7096
0.7134
0.7168
0.7203
0.7226
0.7259
0.7291
0.7325
0.7358
0.7386
0.742
0.7462
0.7488
0.7515
0.755
0.7569
0.7597
0.7622
0.7653
0.7687
0.7722
0.7748
0.778
0.7818
0.785
0.788
0.7896
0.792
0.7953
0.7977
0.8005
0.803
0.8061
0.8091
0.8111
0.8137
0.8158
0.8181
0.8202
0.8228
0.8257
0.8286
0.8313
0.834
0.8366
0.839
0.8409
0.8432
0.8469
0.8492
0.8513
0.8535
0.8556
0.8576
0.86
0.8623
0.8653
0.8688
0.8703
0.872
0.8743
0.8766
0.8781
0.8801
0.882
0.8845
0.8864
0.8881
0.8909
0.8928
0.8944
0.8959
0.8976
0.8988
0.9006
0.9029
0.9043
0.9056
0.9073
0.9087
0.9105
0.9123
0.914
0.9162
0.9178
0.9193
0.9208
0.9228
0.9246
0.9262
0.9282
0.9296
0.9314
0.9321
0.9337
0.9347
0.9355
0.9362
0.9376
0.9384
0.94
0.9407
0.9415
0.9422
0.9432
0.9438
0.9453
0.9464
0.9476
0.9488
0.9499
0.9508
0.9517
0.9526
0.9539
0.9546
0.9552
0.9561
0.9569
0.9578
0.9583
0.9591
0.9598
0.9608
0.9622
0.9628
0.9636
0.9649
0.9658
0.966
0.9668
0.9675
0.9683
0.9688
0.9695
0.9701
0.9706
0.9714
0.9723
0.9729
0.9732
0.9741
0.9746
0.9754
0.9763
0.9766
0.977
0.9777
0.9781
0.979
0.9796
0.9799
0.9805
0.981
0.9812
0.9821
0.9828
0.9829
0.983
0.9832
0.9836
0.984
0.9844
0.9847
0.9851
0.9856
0.9864
0.9868
0.987
0.9873
0.9878
0.9882
0.989
0.9892
0.9895
0.9899
0.9904
0.9905
0.9909
0.9912
0.9913
0.9916
0.9922
0.9924
0.9927
0.9928
0.9929
0.9931
0.9932
0.9935
0.9937
0.9939
0.9939
0.9939
0.9943
0.9945
0.9948
0.9949
0.995
0.9953
0.9954
0.9957
0.9958
0.996
0.996
0.9961
0.9962
0.9963
0.9965
0.9966
0.9967
0.9968
0.9969
0.997
0.997
0.9971
0.9971
0.9971
0.9971
0.9971
0.9971
0.9975
0.9975
0.9975
0.9975
0.9975
0.9977
0.9977
0.9978
0.998
0.9981
0.9981
0.9982
0.9983
0.9983
0.9984
0.9985
0.9985
0.9985
0.9985
0.9986
0.9986
0.9986
0.9986
0.9987
0.9989
0.9989
0.999
0.9991
0.9992
0.9992
0.9992
0.9992
0.9992
0.9992
0.9992
0.9993
0.9994
0.9994
0.9994
0.9994
0.9994
0.9994
0.9994
0.9994
0.9994
0.9994
0.9994
0.9994
0.9994
0.9994
0.9995
0.9995
0.9995
0.9995
0.9995
0.9995
0.9995
0.9995
0.9995
0.9995
0.9995
0.9995
0.9995
0.9995
0.9995
0.9996
0.9996
0.9996
0.9996
0.9997
0.9997
0.9997
0.9998
0.9998
0.9998
0.9998
0.9998
0.9998
0.9998
0.9998
0.9998
0.9998
0.9998
0.9998
0.9999
0.9999
0.9999
0.9999
0.9999
0.9999
0.9999
0.9999
0.9999
0.9999
0.9999
0.9999
0.9999
0.9999
0.9999
0.9999
0.9999
0.9999
0.9999
0.9999
0.9999
0.9999
0.9999
0.9999
0.9999
0.9999
0.9999
0.9999
0.9999
0.9999
1
1
1
1
1
1
1
1
1
1
1
1
