526
700
496
683
633
540
614
497
628
702
535
474
702
500
535
495
558
544
720
739
593
648
643
598
636
516
521
542
506
650
719
607
648
779
559
779
830
508
737
456
489
581
620
707
427
556
878
600
603
479
705
559
699
490
593
544
716
637
749
545
612
608
422
458
394
615
644
478
562
665
593
700
631
601
599
460
613
629
794
644
674
576
549
784
707
617
665
610
586
640
486
639
599
653
695
681
711
565
583
486
429
531
589
558
671
644
537
554
736
562
531
588
603
606
716
771
709
598
541
668
578
680
477
653
450
483
657
534
508
594
581
701
459
732
562
518
560
666
717
643
715
477
676
509
588
624
530
694
572
471
545
517
532
710
616
772
621
425
537
529
486
567
579
522
635
613
401
539
608
708
642
691
547
599
603
734
622
608
630
663
563
571
873
712
634
702
543
742
647
635
714
380
516
399
735
421
637
532
554
773
414
645
769
607
865
776
524
680
572
602
672
741
592
799
691
600
667
624
510
636
574
804
607
709
839
635
485
735
776
524
805
601
783
551
711
495
653
523
764
524
749
499
665
587
425
584
445
766
476
478
761
569
737
448
495
788
573
601
686
592
620
617
735
606
820
785
644
471
686
715
743
595
591
635
653
617
599
720
569
810
687
593
665
624
733
818
530
812
608
712
601
433
596
543
476
471
469
637
451
504
570
860
641
591
456
786
498
561
601
727
543
627
619
681
538
632
714
612
591
628
607
461
516
609
564
463
435
685
511
530
604
599
523
557
624
524
423
568
448
699
714
491
805
584
671
612
446
688
627
605
610
695
699
698
671
646
564
569
726
415
516
602
683
563
553
557
543
550
573
447
717
680
571
644
631
504
761
543
639
609
499
606
742
552
707
597
566
560
479
641
569
469
734
599
531
528
582
601
682
570
477
565
663
653
617
710
679
543
824
737
584
675
486
637
615
548
684
469
738
557
579
587
404
501
653
573
657
543
527
685
513
818
622
635
752
595
675
534
522
826
446
543
479
541
578
641
548
598
433
518
649
592
528
526
504
500
644
561
468
646
551
561
801
612
586
609
649
614
562
566
496
606
464
575
478
598
607
480
557
555
454
603
614
481
758
563
637
560
477
492
674
555
563
640
662
675
533
547
479
577
493
808
568
686
528
703
793
706
698
580
461
782
633
567
592
371
537
697
474
650
638
417
500
506
622
577
522
626
585
582
656
766
584
679
739
597
626
684
522
544
564
420
412
595
659
501
685
514
543
737
591
542
824
552
460
791
558
597
559
705
648
511
721
713
583
609
576
606
572
519
493
551
494
539
597
746
577
683
448
503
535
709
569
726
500
421
760
491
510
689
599
704
471
539
543
677
489
455
583
671
518
515
557
522
776
568
640
576
737
608
633
651
663
408
669
561
544
727
695
646
429
442
632
655
522
719
642
671
494
693
677
798
464
504
569
637
658
746
698
651
634
655
714
419
453
607
636
623
691
635
594
594
577
629
633
503
562
680
531
653
674
599
506
556
603
542
438
472
749
471
492
729
632
508
649
556
565
374
676
632
520
672
485
616
619
338
695
435
612
575
353
391
548
529
566
359
730
556
769
517
576
454
406
560
696
564
490
564
540
437
507
722
735
654
552
587
703
585
600
557
709
660
501
514
629
524
544
512
606
418
584
556
724
616
701
606
596
530
396
759
745
499
647
633
536
488
646
617
684
536
564
731
552
504
837
640
406
681
454
491
706
465
591
642
644
400
501
565
537
590
431
429
568
540
587
568
705
529
531
858
550
636
533
512
715
690
546
633
485
617
605
598
441
556
511
558
650
513
655
556
543
498
523
641
646
735
534
539
729
488
521
591
596
591
762
795
746
476
600
612
624
796
371
478
475
549
536
563
649
543
555
521
566
663
467
354
475
757
751
591
510
427
751
557
544
752
880
632
640
580
548
270
673
557
693
477
641
567
760
560
584
600
400
617
650
700
488
675
681
549
513
551
510
523
603
701
732
730
545
588
642
509
708
516
692
659
494
666
549
690
394
641
643
651
614
702
423
784
563
557
651
471
654
478
529
610
550
542
734
569
519
594
649
525
640
474
475
662
750
579
420
603
656
448
466
780
544
611
411
590
678
669
601
446
516
722
635
495
649
609
716
654
680
609
662
666
674
616
634
617
548
584
633
464
581
560
703
656
645
730
464
484
565
551
501
633
492
533
701
520
550
432
668
464
533
739
604
596
657
456
623
705
586
698
455
659
705
425
441
676
562
626
602
628
610
646
526
511
570
510
401
769
596
738
436
520
706
758
751
641
441
571
583
618
592
662
708
483
573
622
458
508
608
899
607
543
520
538
464
707
590
471
664
399
611
538
571
495
593
468
519
677
534
594
617
590
642
494
491
762
488
753
418
582
629
396
644
564
522
541
633
727
576
555
834
492
578
653
836
368
515
571
566
588
675
663
660
579
515
563
649
697
617
776
635
604
584
610
694
696
556
627
510
538
793
562
476
598
592
661
709
550
553
702
718
553
560
463
693
709
630
663
622
747
618
394
589
472
281
580
612
522
501
626
629
600
675
537
594
428
567
699
625
410
505
892
593
554
518
660
608
575
584
676
770
541
640
551
650
569
672
573
520
532
629
614
580
620
658
623
413
480
579
573
698
548
771
606
584
645
523
441
497
819
624
643
533
566
812
686
698
585
534
657
688
551
521
659
691
772
631
434
575
511
371
637
477
612
495
787
607
506
500
554
525
609
660
621
626
509
502
621
383
640
577
662
544
643
528
512
580
762
629
715
656
564
672
505
641
519
576
484
687
735
603
485
685
618
533
581
659
602
580
621
605
516
690
499
518
639
540
450
472
649
562
737
643
600
469
566
683
529
512
700
464
375
624
684
456
730
600
574
396
410
523
435
632
567
582
510
526
771
465
712
364
676
581
561
543
654
521
583
595
729
760
723
667
552
625
486
600
570
617
618
484
700
570
475
637
519
343
620
516
614
584
665
564
716
657
664
577
505
590
641
427
551
588
551
518
653
610
720
586
738
760
666
619
591
662
521
403
668
618
590
604
686
531
814
836
516
591
697
613
531
595
516
443
487
465
704
458
535
468
591
749
598
671
533
648
767
727
575
577
722
683
659
704
580
496
713
862
549
459
587
599
651
549
539
497
437
618
646
560
497
603
663
621
652
708
508
614
597
477
595
834
636
474
608
580
726
572
538
744
569
796
498
670
510
640
495
712
576
498
538
796
526
576
646
549
607
648
675
517
736
664
532
588
629
764
566
727
689
712
559
502
634
509
596
697
700
629
547
684
721
599
494
451
705
434
531
505
728
582
595
702
598
516
595
357
616
549
584
724
796
662
520
414
663
681
532
489
568
507
359
661
539
684
687
509
543
504
777
591
531
519
351
473
704
556
682
606
506
531
635
678
611
666
410
689
584
594
616
549
561
665
683
614
635
542
533
696
588
510
577
620
699
511
471
584
640
575
567
561
579
605
559
614
543
638
619
526
609
764
522
597
488
565
442
519
584
571
703
600
670
566
819
546
688
423
652
634
498
651
581
459
596
719
640
688
513
486
596
410
568
712
416
847
608
567
734
537
614
478
426
683
743
492
726
493
605
550
460
583
633
411
545
517
680
761
419
571
526
558
525
569
643
655
673
625
530
494
587
648
736
500
606
693
647
549
579
445
564
639
666
632
600
705
610
453
397
611
630
517
743
608
600
483
519
536
391
573
515
513
526
618
689
673
695
530
873
591
379
567
708
589
619
501
491
654
743
592
739
675
703
649
537
615
585
610
608
752
440
475
499
585
633
728
633
600
567
662
637
628
634
600
579
676
561
525
761
655
480
516
752
672
528
680
550
637
605
596
685
635
628
594
473
561
717
635
469
608
541
647
617
724
658
675
561
623
710
808
594
590
597
623
689
514
532
520
694
555
687
743
756
531
728
643
808
609
554
558
802
558
662
710
627
548
596
671
709
809
585
661
707
625
622
619
768
742
474
616
707
447
637
448
647
769
568
512
500
723
642
808
591
483
579
614
569
519
562
618
614
436
758
548
576
522
713
686
498
608
628
591
606
464
685
597
481
610
466
658
487
398
674
529
818
586
510
499
650
703
706
452
687
715
566
460
549
533
469
483
646
652
567
739
671
589
464
714
357
550
587
492
539
750
691
571
521
748
613
560
770
530
698
660
657
559
729
648
558
479
547
601
648
445
490
654
625
589
602
594
532
668
661
710
706
594
776
664
495
552
641
555
445
525
529
737
573
594
427
628
564
727
711
596
537
677
447
789
508
649
693
611
474
659
682
662
654
611
654
547
704
736
699
665
771
556
583
539
677
647
703
688
513
557
425
541
585
633
531
613
700
666
584
774
655
542
584
807
818
490
555
562
451
558
527
644
640
558
586
624
587
605
721
606
382
689
600
610
628
508
679
563
717
579
692
618
618
674
725
507
682
610
427
461
541
553
622
474
458
683
590
586
481
536
622
616
690
602
641
612
696
488
413
781
691
463
560
617
536
648
634
628
577
588
590
699
686
516
680
813
601
599
542
486
481
607
628
396
571
451
471
606
642
672
598
593
628
857
791
633
666
444
659
486
594
651
508
544
651
536
658
710
538
833
575
832
759
617
453
578
690
483
404
696
554
581
464
790
511
558
626
543
638
430
703
649
641
546
479
680
527
350
539
439
632
619
713
667
599
576
510
433
643
542
805
439
491
592
598
764
643
577
685
696
669
752
618
616
602
584
554
419
692
639
499
573
324
466
465
316
698
685
376
718
653
772
420
569
643
662
783
511
397
828
643
716
523
488
657
510
590
559
611
725
615
553
702
547
656
758
587
595
585
732
632
644
519
666
560
775
452
685
676
656
590
473
591
491
486
737
646
697
606
674
658
585
569
646
651
512
873
589
555
614
572
851
580
552
550
584
591
568
624
458
641
828
731
507
786
590
675
724
544
555
505
382
576
647
700
687
682
596
620
704
575
684
488
617
564
565
686
644
527
506
648
559
708
523
383
626
600
626
694
638
807
555
615
513
640
599
746
569
309
602
583
593
619
571
645
703
552
630
575
766
741
757
454
677
693
636
562
631
487
635
526
568
690
659
699
480
541
593
656
835
691
778
631
383
490
597
704
672
655
555
717
463
557
478
670
571
787
516
444
571
449
588
476
598
558
708
611
744
517
707
635
551
725
481
602
596
698
700
529
453
599
751
578
606
660
460
522
643
611
447
451
434
583
493
632
634
698
720
536
495
442
627
567
711
483
791
648
700
578
718
619
632
635
573
553
541
622
706
547
621
405
477
586
798
521
485
709
827
496
681
631
767
591
592
571
620
672
628
611
489
516
636
675
613
720
639
526
585
519
589
654
486
455
507
561
664
577
621
493
630
744
622
419
804
580
576
513
544
519
575
567
445
745
654
628
671
718
440
583
575
780
638
546
496
672
634
626
723
491
636
626
649
721
608
568
503
627
593
465
559
701
573
653
640
512
596
601
587
627
605
537
536
711
543
579
660
540
599
639
731
545
570
583
583
653
517
637
685
602
668
564
481
686
689
504
675
509
805
581
535
437
655
506
507
592
441
586
552
728
794
725
685
680
478
473
619
719
659
475
616
515
584
577
576
676
634
466
519
620
755
700
566
592
557
624
577
585
628
609
709
540
505
424
571
562
503
651
655
570
469
479
603
558
658
701
623
685
562
495
492
577
794
574
724
573
741
443
594
502
607
861
537
607
750
395
653
443
547
596
660
518
591
635
631
433
641
487
637
561
555
671
590
716
417
557
536
485
544
666
473
613
714
573
554
705
493
595
637
310
563
642
525
709
552
431
677
636
485
505
516
797
627
571
468
529
622
434
630
717
526
616
647
472
426
401
709
671
598
683
578
797
517
749
468
533
670
759
619
676
447
748
541
587
639
400
634
669
564
556
733
516
727
620
699
673
679
516
564
621
659
694
607
500
577
633
762
769
696
439
531
496
566
697
566
612
659
679
512
709
487
531
737
454
599
789
547
601
705
511
592
562
402
523
664
514
572
655
638
633
656
600
615
774
695
637
556
755
587
732
719
580
655
513
487
486
760
642
493
606
630
648
743
528
658
589
546
661
532
600
626
607
675
745
509
468
521
706
726
684
709
635
662
544
500
589
707
540
628
702
738
462
501
553
742
583
611
434
646
546
692
609
570
589
538
602
620
597
630
608
656
718
654
620
590
604
616
503
574
470
556
592
704
646
578
528
671
572
672
611
763
627
598
670
598
483
621
587
613
634
540
653
760
578
666
578
586
706
826
721
644
439
492
594
603
795
424
494
478
632
642
471
750
645
730
645
600
558
672
674
538
796
580
622
507
724
644
539
680
636
529
715
443
552
755
744
580
643
659
670
545
605
773
562
586
544
670
382
532
533
653
733
638
529
652
556
768
655
683
451
702
619
562
606
765
691
812
455
560
746
305
615
738
619
454
470
611
819
620
378
636
853
573
657
511
515
571
611
736
591
544
616
742
642
534
520
670
522
830
578
570
579
349
650
608
722
674
485
747
571
524
678
594
543
791
616
513
446
472
494
609
592
693
722
503
720
693
660
758
518
429
537
596
626
661
638
619
457
350
628
691
629
595
606
511
544
525
631
475
707
549
380
674
534
437
727
716
900
483
578
732
609
498
585
510
532
568
579
597
548
478
670
489
650
419
492
499
528
604
609
632
775
530
769
625
511
838
550
481
622
604
514
540
568
589
522
500
817
584
597
470
425
527
746
445
680
541
562
589
680
672
614
599
751
684
623
643
532
539
627
596
854
676
564
746
573
611
600
612
588
644
645
576
435
579
568
652
597
690
371
707
444
551
630
688
770
557
590
460
468
699
677
567
752
530
504
375
539
611
566
401
593
727
618
589
484
498
503
656
613
549
661
580
553
624
630
617
582
741
509
411
447
726
579
568
569
671
510
646
494
499
600
579
609
629
625
511
444
629
527
627
635
556
600
386
602
670
718
562
473
484
688
573
635
718
502
595
802
519
640
713
539
608
687
686
568
375
491
473
573
710
558
624
539
380
369
696
645
548
652
608
553
569
463
678
629
513
300
650
538
735
663
546
521
549
595
567
696
533
625
632
466
410
779
663
576
669
682
612
531
693
513
606
552
555
606
575
644
635
586
760
550
765
508
636
612
481
575
735
550
596
581
556
582
566
469
801
646
533
539
631
549
533
516
608
551
601
542
766
644
681
470
585
452
580
523
530
523
635
594
664
455
528
598
592
639
613
780
584
586
738
622
685
367
620
549
833
640
649
732
606
650
482
702
542
528
705
733
550
614
433
709
739
362
705
531
495
641
542
577
642
503
576
587
561
474
508
358
481
479
515
696
651
696
601
543
715
543
632
555
491
340
709
655
635
511
581
672
587
430
735
574
742
548
535
406
439
624
496
453
477
547
607
621
508
637
487
478
702
575
461
571
654
651
543
566
672
527
705
515
641
510
458
673
842
757
541
605
729
420
699
426
587
707
561
389
552
652
716
667
682
651
651
620
709
582
489
676
564
473
923
763
530
536
708
537
537
574
574
702
488
493
624
651
498
655
520
658
471
524
674
476
537
560
538
648
582
554
485
611
651
708
417
945
520
609
708
647
570
730
666
566
562
516
537
437
610
632
561
479
758
565
645
567
647
378
484
709
513
703
800
686
638
547
503
787
779
432
592
524
513
588
732
595
633
588
672
635
640
575
406
553
568
745
440
540
665
477
687
684
591
635
448
699
766
611
426
524
522
512
642
594
643
640
722
616
707
448
595
485
581
564
569
723
781
489
553
643
537
747
692
623
416
633
620
504
698
732
542
647
578
420
790
500
572
649
709
565
691
583
703
592
460
592
599
688
647
530
617
394
578
738
586
708
477
480
592
433
356
523
680
618
593
686
680
612
578
438
518
612
470
733
610
560
630
697
453
586
572
574
796
550
645
509
480
701
499
713
601
601
552
444
598
578
640
682
476
622
751
541
713
428
602
581
592
824
500
613
542
666
594
566
456
573
593
884
677
625
528
533
499
668
590
752
550
660
676
493
619
694
563
630
578
566
560
589
579
633
668
586
567
669
537
688
482
452
824
644
615
612
484
465
719
717
451
429
660
782
494
643
651
581
568
594
403
671
620
470
599
842
575
553
444
674
425
419
490
468
524
587
839
700
486
471
649
575
593
621
447
507
453
545
653
740
524
522
573
591
701
539
534
332
709
576
577
555
564
506
827
662
557
575
559
644
660
661
521
541
664
653
778
538
726
759
650
578
587
580
744
830
640
603
591
612
596
441
592
647
735
635
585
611
544
532
649
429
732
676
766
490
564
733
470
525
513
520
401
587
678
580
467
567
649
565
673
718
365
566
571
650
557
413
585
669
493
721
695
616
561
487
526
715
452
488
654
635
503
588
717
485
472
561
607
506
770
546
774
578
523
577
586
720
711
501
622
551
452
624
399
614
786
568
715
605
594
512
479
668
319
380
689
560
589
364
735
558
585
634
673
522
612
618
451
531
563
630
855
598
473
760
662
550
663
405
587
651
575
640
598
689
598
606
610
735
633
545
551
531
395
508
672
620
639
566
627
558
600
765
709
614
690
569
706
503
693
735
451
614
577
671
576
411
623
544
575
596
572
638
530
658
647
459
564
630
499
731
604
624
494
461
546
446
587
692
623
620
666
464
722
720
518
596
557
606
606
563
449
549
524
649
642
720
561
385
464
682
551
662
620
552
335
702
605
713
528
556
566
779
763
544
413
618
506
675
486
518
744
480
595
652
644
570
615
819
416
537
669
554
497
497
463
654
641
732
599
500
575
428
459
431
544
551
551
516
638
554
565
735
851
361
487
505
634
647
613
599
594
548
587
565
691
456
585
528
549
452
418
415
760
537
526
699
569
717
541
533
648
550
522
607
694
603
719
605
588
534
609
579
752
670
587
441
457
557
495
584
717
592
512
691
540
623
669
731
592
701
608
486
600
671
621
499
677
538
684
601
481
718
668
632
804
594
619
717
620
663
565
521
571
727
564
787
608
683
641
639
537
538
560
552
475
642
492
670
583
524
556
740
494
583
492
537
637
631
593
629
730
603
587
650
513
558
629
666
552
545
509
504
554
552
674
588
670
479
758
562
566
575
803
646
479
618
731
656
671
732
421
424
634
610
691
555
636
638
562
540
639
540
649
554
614
628
571
638
443
627
596
739
604
632
446
693
759
598
483
535
640
544
705
651
741
455
701
763
547
740
617
553
531
498
520
670
552
504
389
430
534
682
607
691
644
565
706
590
511
391
611
748
508
396
382
522
627
614
699
581
417
515
506
618
651
736
650
727
648
691
596
587
521
611
550
674
512
692
540
589
558
864
615
650
683
480
640
764
366
609
597
543
841
704
512
700
626
622
550
574
570
417
850
478
785
728
503
590
540
700
444
508
604
699
561
587
664
674
433
677
623
709
574
657
779
369
535
681
663
822
617
612
644
450
476
443
451
398
755
596
509
592
490
592
530
450
490
496
536
738
529
493
418
587
528
790
711
713
643
441
684
517
503
662
491
654
680
716
486
557
654
679
714
607
588
537
623
672
303
550
713
692
756
531
734
610
580
576
623
522
439
784
569
673
592
807
721
655
660
426
627
424
583
506
741
607
669
659
630
626
659
705
674
796
475
438
560
568
464
656
616
530
674
571
724
712
664
408
573
631
577
504
721
793
599
727
554
667
524
471
499
477
548
690
740
540
569
692
583
754
738
793
575
578
731
453
562
599
552
554
435
566
422
687
275
622
636
566
471
594
627
484
631
776
580
679
607
679
641
726
750
561
552
704
517
524
472
558
590
514
596
481
580
436
576
528
744
500
422
717
605
402
641
695
592
575
518
536
531
553
602
598
377
572
518
696
653
637
447
722
664
577
614
574
710
635
669
476
701
531
517
435
668
445
578
557
550
434
493
482
774
507
764
571
382
477
659
656
629
545
557
694
496
542
679
573
621
582
709
512
475
663
478
427
587
652
691
808
567
403
439
672
642
628
581
590
614
622
617
582
603
699
455
375
641
586
758
557
486
498
666
549
610
571
651
562
512
674
768
519
496
546
500
623
597
437
701
720
478
500
640
499
593
758
634
370
600
713
596
511
547
690
519
376
464
477
611
507
699
624
660
624
795
516
561
729
521
633
456
645
696
780
602
666
573
570
656
549
488
602
540
527
524
543
521
420
663
592
591
731
546
550
433
330
498
712
515
430
828
775
615
706
778
612
568
556
526
768
541
625
709
694
530
586
574
580
571
696
747
628
746
517
547
572
388
437
442
639
532
495
541
633
554
528
615
800
708
744
576
718
456
435
714
574
564
629
693
575
501
651
403
645
618
571
454
664
675
565
524
707
568
648
611
732
549
391
651
596
646
773
558
629
712
638
732
615
671
632
526
706
748
530
555
631
586
663
424
651
640
641
673
611
613
682
496
520
564
639
742
355
708
644
492
438
449
614
532
586
882
489
802
685
414
736
707
584
780
645
720
470
540
521
689
741
452
704
481
662
497
678
754
459
554
439
719
591
434
831
558
521
535
571
576
584
529
642
452
531
579
637
563
696
528
595
529
558
496
593
535
469
713
507
422
495
563
636
717
671
572
715
400
465
600
706
603
725
754
700
470
610
632
531
586
540
640
732
682
603
745
796
518
548
728
529
665
523
554
664
520
571
724
806
646
478
429
550
785
619
619
547
603
444
425
445
563
702
596
643
554
646
546
580
518
542
446
553
569
499
630
652
670
630
689
485
493
597
494
510
591
721
608
617
585
780
455
534
591
515
534
614
699
570
594
677
425
591
605
532
622
581
685
541
584
736
712
620
622
587
449
538
650
659
789
507
621
532
712
601
521
341
613
571
550
719
529
689
720
453
636
806
580
650
674
688
666
767
693
594
407
549
490
605
614
593
527
605
565
545
621
699
603
631
724
748
553
601
602
756
502
490
666
596
573
574
489
704
443
638
596
583
686
547
537
618
603
621
458
766
622
664
650
539
594
606
555
534
462
715
422
663
526
534
601
552
453
502
472
638
590
477
699
565
780
519
662
551
548
517
625
658
491
673
606
630
565
613
596
509
447
462
552
594
659
700
684
541
489
422
622
563
646
527
497
580
643
571
587
501
612
733
622
636
373
579
583
658
608
724
622
775
593
706
576
516
611
525
523
576
662
541
529
704
558
660
712
551
637
602
496
813
536
587
535
689
588
436
546
635
503
500
700
675
452
697
685
775
433
557
628
617
728
646
648
486
668
414
511
584
605
461
595
650
773
482
622
773
625
505
395
563
782
618
499
534
629
502
496
756
672
614
568
573
612
674
595
737
587
623
439
555
565
498
641
627
349
549
480
673
469
465
608
646
641
494
540
606
689
526
547
652
608
551
579
530
586
622
593
843
390
613
601
598
408
622
445
567
624
808
585
452
437
684
630
624
689
679
575
867
776
675
558
637
746
369
501
490
515
543
567
631
623
470
634
408
595
534
495
657
426
801
498
609
492
612
540
726
462
550
504
853
598
569
675
485
573
567
437
663
569
617
568
553
570
621
476
636
723
539
660
533
494
712
613
663
475
566
591
644
628
803
692
527
593
502
565
605
479
682
598
618
501
697
626
714
695
565
639
649
594
579
588
708
599
610
527
581
512
581
592
706
464
525
490
671
591
546
617
571
584
801
568
361
640
506
499
714
679
277
603
670
682
483
499
451
767
548
598
472
602
629
638
665
511
713
613
398
764
653
621
518
676
552
736
518
503
576
564
483
586
641
735
588
604
627
782
541
671
550
450
588
603
641
240
721
675
508
680
545
711
663
657
683
597
549
667
828
625
376
567
674
742
636
547
785
577
600
728
590
671
761
524
454
353
468
626
834
676
677
472
573
615
479
612
556
673
503
625
600
624
411
648
579
584
395
417
657
569
564
557
600
635
689
478
729
708
532
593
530
446
667
711
633
638
676
694
540
643
605
556
726
648
407
661
610
620
687
482
703
556
742
458
606
651
754
619
830
545
544
499
630
712
623
688
625
848
534
497
582
528
573
777
666
626
516
563
765
637
817
675
730
617
458
619
505
618
589
552
497
512
660
630
793
539
481
520
807
628
559
693
562
613
587
751
641
618
826
587
550
778
537
873
585
511
822
589
602
562
572
559
417
642
558
581
581
525
712
521
724
592
634
741
706
523
324
534
430
561
683
500
577
584
734
518
760
753
644
506
688
577
525
677
503
653
817
594
730
675
630
519
595
727
761
614
546
605
752
681
579
551
408
507
622
600
637
561
843
467
524
846
488
666
598
620
605
539
570
589
700
619
437
701
616
567
540
392
592
516
608
527
666
668
671
747
633
495
717
596
588
680
588
635
604
823
534
566
655
679
728
452
673
534
637
638
395
712
607
755
600
610
514
658
693
595
652
405
697
786
584
595
691
350
642
535
593
619
427
750
567
580
429
471
593
790
635
573
409
511
591
605
570
790
532
482
498
416
623
583
584
492
740
545
529
612
695
528
547
771
461
482
610
677
718
465
656
398
500
553
401
541
484
649
458
654
527
815
449
684
631
520
532
551
627
508
700
541
552
682
488
517
823
574
746
432
545
535
563
668
675
585
836
639
615
585
692
648
455
600
677
606
663
643
574
444
593
606
647
793
558
645
587
557
600
569
689
525
574
759
648
534
651
633
672
705
575
544
479
730
708
669
573
537
627
641
463
641
730
742
660
813
434
678
615
665
477
562
716
511
560
587
578
521
728
687
515
638
600
732
625
653
600
651
823
736
647
611
750
483
618
471
720
644
486
637
816
671
689
821
657
410
490
675
636
694
624
571
607
660
747
602
604
496
485
582
661
633
701
591
619
532
651
659
494
680
573
576
546
665
789
938
630
538
687
519
598
692
636
455
640
634
649
650
471
603
740
539
629
644
748
604
559
754
571
546
576
724
621
647
701
643
526
506
426
604
592
390
676
741
525
431
660
695
700
527
560
571
579
509
511
671
592
589
615
374
711
536
569
461
515
566
619
587
524
587
650
594
483
680
536
568
527
516
824
585
445
739
655
713
563
593
595
525
579
664
725
399
786
676
623
516
755
611
629
568
624
514
538
672
515
722
410
733
607
640
755
630
700
596
527
703
585
445
444
656
604
654
596
855
453
428
580
553
461
887
482
505
563
615
479
532
658
579
546
603
494
607
550
723
525
560
612
594
707
634
568
721
586
576
604
672
789
465
617
507
740
641
573
641
547
551
562
539
477
697
450
702
574
698
823
622
685
535
647
659
520
694
634
701
833
704
472
439
541
569
630
554
655
604
673
556
467
605
535
554
596
722
718
634
451
693
420
458
520
668
780
492
462
557
662
558
608
579
680
687
590
570
683
612
594
708
615
638
418
570
522
573
596
638
577
650
682
640
590
487
484
596
637
474
632
740
606
708
610
748
702
679
679
480
783
657
630
723
713
429
530
591
676
577
834
542
537
510
628
665
508
576
508
610
609
559
627
675
660
505
679
677
520
529
689
542
564
681
635
438
582
539
449
668
506
654
576
757
664
402
614
679
706
495
657
678
896
661
567
555
552
542
550
711
758
655
550
412
576
496
588
529
727
707
501
533
516
692
599
582
601
484
677
410
449
500
696
684
358
673
472
754
504
445
534
637
782
773
463
646
552
670
698
694
534
663
473
606
762
749
587
429
474
622
680
606
696
706
537
426
767
440
746
573
569
646
406
651
640
529
486
602
530
674
431
584
529
519
547
357
744
655
559
566
452
681
590
987
778
465
679
573
647
734
351
434
534
713
519
596
423
540
600
552
525
740
573
603
593
517
533
512
687
662
763
495
768
672
515
646
571
588
374
699
489
784
501
440
581
738
743
649
674
456
603
607
458
439
621
689
697
537
509
513
598
603
484
818
574
645
537
491
631
794
570
740
700
723
580
570
597
814
648
714
569
456
687
613
541
495
557
637
532
699
621
555
634
693
559
762
513
602
545
567
649
703
495
638
714
547
684
669
634
397
528
600
634
787
494
423
498
584
573
777
482
531
519
586
504
494
601
571
608
405
528
458
725
498
596
663
706
726
442
688
412
675
585
609
555
527
508
574
572
521
681
700
559
472
722
574
667
547
507
645
799
631
646
425
526
897
553
525
649
450
626
592
738
585
594
655
545
527
674
753
413
539
661
626
628
591
539
511
729
613
557
500
631
519
536
443
594
621
650
612
799
666
596
603
674
600
715
740
607
717
602
654
433
497
546
631
562
466
576
618
681
566
495
548
801
497
479
531
574
741
555
577
588
479
619
620
575
708
456
338
672
727
725
721
569
564
766
582
615
657
650
625
878
697
642
562
660
596
478
656
691
713
534
618
730
764
657
696
676
482
586
695
603
643
484
652
697
660
568
648
743
617
666
734
628
568
417
562
580
477
695
784
576
643
649
801
658
651
694
607
682
524
744
693
624
650
611
758
592
578
613
659
508
520
572
673
598
645
445
585
846
665
613
478
728
582
625
758
638
753
541
799
666
722
450
585
585
462
766
490
616
623
522
484
708
577
648
630
663
512
638
696
704
631
505
520
616
567
747
544
582
598
622
622
795
478
599
526
305
601
600
476
529
671
638
580
592
540
646
492
622
602
647
455
633
535
642
577
521
653
624
658
616
593
700
599
841
573
595
609
443
460
512
663
652
495
621
400
591
664
596
447
552
685
657
853
720
820
579
571
441
682
604
690
549
639
528
696
583
736
489
812
631
708
556
642
617
605
619
424
737
624
623
592
570
661
564
595
552
680
704
695
530
497
593
518
627
589
501
594
650
817
444
500
514
635
419
556
741
570
553
605
615
494
580
603
631
529
618
593
589
658
642
675
594
530
598
698
750
653
562
609
491
650
695
480
618
474
546
635
593
509
521
742
687
795
507
512
479
647
592
493
501
476
546
566
663
502
589
636
608
596
604
508
450
725
655
591
575
562
651
695
635
509
634
501
726
570
599
547
598
807
648
581
414
477
566
601
770
449
496
563
846
667
506
658
576
591
442
640
634
648
441
538
560
660
764
636
469
646
620
610
568
804
509
531
605
441
580
730
436
499
517
624
461
568
667
589
492
670
637
698
793
496
636
666
431
565
650
632
595
718
690
618
568
554
756
671
739
586
508
555
663
336
750
798
617
691
490
612
570
448
615
576
497
577
761
548
675
589
487
795
582
530
636
719
757
516
795
587
628
818
633
635
627
602
633
622
421
494
586
626
518
489
711
495
641
718
686
400
556
596
655
647
681
531
834
633
657
580
573
665
581
573
685
733
692
735
552
610
638
762
512
628
670
693
537
739
772
447
759
668
848
477
778
482
579
377
716
503
577
567
644
607
666
437
717
723
658
693
664
444
831
556
685
721
672
577
598
535
606
804
888
400
512
460
646
645
588
642
586
511
511
672
698
524
566
691
503
638
539
653
681
692
690
516
517
546
597
641
574
568
641
668
460
558
707
523
510
673
375
623
653
653
510
498
628
670
670
713
637
615
461
676
629
549
691
598
584
461
617
640
572
546
586
460
799
672
679
746
402
570
737
634
674
653
636
528
654
632
639
584
574
493
511
590
663
633
743
686
762
672
822
552
530
645
577
732
637
516
709
638
654
678
531
753
658
567
467
457
628
632
589
594
599
558
499
541
708
686
603
555
560
655
536
604
690
669
622
626
542
662
532
744
636
625
742
598
677
475
659
559
677
523
771
650
661
606
569
692
818
699
563
604
361
424
642
657
588
463
512
728
662
536
421
462
731
717
591
620
606
603
511
567
624
662
598
563
581
642
690
779
619
503
720
404
550
708
524
687
628
676
687
508
770
572
590
450
627
546
739
514
756
602
423
509
628
659
582
746
800
698
521
444
658
666
638
495
787
668
501
525
669
610
466
446
532
649
676
577
451
580
640
605
570
631
752
723
601
593
518
530
572
942
660
470
897
685
464
531
633
644
623
685
709
738
669
539
740
553
533
549
622
504
494
471
551
746
439
660
574
667
583
711
733
722
526
427
725
551
497
466
537
558
642
720
551
354
881
472
489
569
582
512
662
438
667
639
666
544
650
668
682
633
551
560
608
688
665
633
594
710
503
523
762
585
634
779
681
715
834
605
590
730
557
420
575
548
603
655
537
519
503
670
736
680
779
575
609
416
492
580
468
654
604
434
573
522
614
547
706
851
486
619
492
489
575
560
701
735
785
635
733
636
599
680
580
573
594
673
454
563
368
777
592
449
614
642
603
623
608
576
550
665
573
645
612
567
694
657
640
628
533
423
372
459
734
659
683
445
554
555
309
590
477
672
687
443
747
519
577
544
543
740
524
540
717
708
556
467
612
589
908
556
513
885
570
645
581
588
577
569
537
624
847
676
661
634
612
551
544
703
496
520
504
462
653
374
618
516
549
589
482
616
395
608
778
602
811
568
484
462
731
604
627
591
649
529
663
394
708
470
635
511
691
631
528
711
559
619
542
649
570
860
583
736
606
661
527
604
579
601
572
732
720
532
395
716
590
494
610
519
472
440
565
716
376
539
807
684
544
617
682
621
544
683
583
577
702
691
581
650
595
590
681
566
634
578
556
647
707
469
511
548
574
469
516
617
516
766
484
593
721
594
575
612
563
549
572
467
449
627
581
599
762
730
349
811
534
730
628
660
453
629
690
469
561
720
377
438
471
695
695
542
536
563
515
537
627
437
551
297
446
604
553
456
556
776
648
665
631
571
561
541
605
689
717
504
376
723
610
720
552
535
621
661
561
509
707
623
438
683
423
464
594
562
578
655
742
499
541
552
437
603
571
608
670
577
580
665
693
593
657
601
511
639
427
690
599
653
602
510
547
515
758
645
618
448
533
510
703
547
612
533
540
607
592
615
627
605
484
512
532
513
352
639
791
434
684
547
756
539
658
584
535
523
572
735
741
566
527
724
388
427
593
641
695
519
618
601
584
653
612
676
616
622
526
574
574
431
565
652
537
576
531
397
676
480
706
635
534
583
636
715
782
632
594
681
636
675
389
593
497
520
618
534
389
662
610
716
814
550
615
578
508
766
595
591
493
709
744
710
684
413
673
498
536
492
478
563
555
673
630
569
514
524
529
563
677
655
610
622
656
445
588
543
458
532
501
658
558
752
559
615
606
589
495
658
558
572
593
559
532
559
446
649
597
616
391
608
551
661
752
712
684
663
742
549
716
480
648
458
494
611
598
664
688
744
525
578
663
557
622
568
606
577
642
595
517
667
554
550
690
691
685
692
692
565
696
367
559
621
762
611
957
606
614
592
668
468
573
676
670
631
463
571
583
505
704
467
603
788
791
694
597
526
668
633
513
612
480
431
613
710
558
668
422
492
517
446
412
723
577
671
436
696
674
663
599
754
626
542
628
574
528
627
633
549
588
564
543
720
532
545
567
651
653
433
570
504
687
596
541
645
737
620
568
724
494
667
658
663
672
467
538
670
656
765
508
536
740
520
634
792
513
524
688
655
729
482
517
544
523
411
620
688
558
671
467
486
662
503
517
731
790
571
525
674
530
469
697
585
652
408
750
577
739
481
607
420
524
532
664
571
666
692
573
634
686
372
649
709
637
607
611
390
728
623
453
620
694
765
430
410
466
727
734
707
603
597
705
641
475
504
744
717
637
548
534
713
641
604
669
532
720
641
438
801
558
432
565
452
657
629
449
617
602
512
661
460
784
784
596
305
414
727
473
697
497
624
713
642
651
573
551
613
694
540
637
604
592
497
629
675
456
544
696
517
687
682
531
630
432
568
607
737
739
642
604
667
654
529
581
561
425
417
816
726
881
573
569
546
553
529
640
608
624
432
735
505
624
801
535
594
578
621
556
705
561
692
622
546
758
654
665
522
564
651
504
649
645
614
618
548
565
447
529
598
480
679
482
681
618
562
431
579
509
690
557
506
794
541
607
594
615
583
534
558
494
631
606
522
627
468
567
548
629
766
516
532
341
418
636
581
531
616
546
658
579
585
669
511
589
739
559
709
574
569
608
623
633
740
576
709
479
621
620
786
546
667
695
672
703
780
664
421
648
719
744
768
614
634
540
641
494
770
668
765
429
514
567
661
547
743
505
661
761
695
542
731
698
643
501
680
492
500
569
623
536
643
542
730
498
514
637
555
570
364
672
686
638
746
550
639
653
416
477
534
849
502
541
542
530
569
769
641
835
508
582
628
779
644
543
739
661
654
664
765
378
726
698
638
482
583
717
465
521
685
790
743
453
431
549
621
476
734
634
813
580
624
668
657
505
682
545
581
303
579
775
581
700
640
761
743
394
348
560
744
547
493
430
619
526
708
776
520
490
710
466
531
611
692
697
552
710
677
615
394
462
518
672
608
682
758
596
682
670
613
589
505
701
555
733
568
601
718
603
719
783
589
541
538
606
675
738
531
530
557
543
717
557
592
747
519
576
555
807
665
778
596
445
675
537
631
537
490
678
693
635
775
398
483
470
793
752
623
491
582
411
707
510
665
646
493
708
503
583
588
734
715
677
395
432
587
659
515
690
665
704
658
591
514
583
523
622
399
642
489
821
718
339
458
694
491
597
451
629
608
649
631
486
692
553
673
687
538
489
584
362
658
450
633
599
533
577
711
583
774
490
651
704
593
593
563
484
734
666
405
840
761
599
549
593
645
783
544
447
505
481
824
509
613
720
446
608
712
544
769
593
772
613
609
511
362
721
687
547
670
745
796
617
615
519
548
588
742
623
674
535
697
605
567
575
482
618
604
671
458
700
655
679
655
565
677
663
531
606
709
560
680
608
598
544
551
536
540
685
491
626
525
700
615
570
709
744
705
565
630
741
689
602
641
697
517
666
573
594
590
467
490
648
727
607
663
561
704
612
603
697
550
701
685
587
694
633
468
542
529
670
577
531
720
419
581
632
574
591
711
604
519
583
646
600
714
462
550
581
618
613
609
526
568
375
600
816
545
621
749
630
777
303
669
614
536
594
500
615
563
444
658
574
392
668
440
492
344
653
782
549
643
747
623
587
515
606
545
679
590
727
558
582
694
487
584
613
703
681
728
531
495
695
664
779
549
629
581
476
570
561
373
585
523
618
622
549
715
530
783
615
653
621
546
598
626
535
559
427
591
394
604
449
616
585
349
630
519
475
675
602
628
463
442
643
546
473
633
513
712
646
499
587
531
634
701
486
546
579
610
480
611
542
714
603
555
538
509
552
720
655
609
478
550
497
590
472
393
432
656
430
615
546
685
429
643
541
663
788
686
592
558
662
314
557
800
595
633
620
784
807
662
627
453
476
548
553
445
648
554
588
615
681
546
591
788
609
620
533
702
533
495
462
560
540
661
709
562
531
568
700
613
435
496
668
663
553
653
478
585
510
568
366
616
700
680
616
449
386
491
645
720
566
581
694
484
482
759
539
622
570
591
658
705
469
469
626
674
557
597
509
568
696
446
735
626
551
595
562
544
602
598
654
492
555
574
580
455
629
580
549
521
719
703
519
756
662
649
741
557
771
624
693
649
645
584
721
586
476
672
673
631
639
512
499
596
817
556
740
483
415
753
586
495
774
484
467
548
550
529
631
503
578
362
582
613
461
492
579
651
533
590
472
808
680
552
688
657
514
516
570
617
533
859
519
512
433
541
676
618
695
846
601
643
636
456
532
580
561
564
536
773
514
621
645
582
475
425
574
597
462
535
600
575
716
682
523
598
715
725
549
675
613
567
617
534
585
700
645
374
776
540
715
536
528
766
629
527
537
578
657
456
541
586
654
556
696
454
579
681
606
729
485
637
590
575
493
531
666
750
627
649
651
702
524
688
694
472
733
368
348
607
575
608
662
570
632
503
552
631
716
592
591
715
578
724
552
723
776
570
528
604
560
741
790
732
478
650
710
488
670
683
776
416
848
722
651
789
592
650
719
676
640
614
459
683
600
502
522
421
680
561
539
521
574
518
544
805
627
735
565
354
497
512
752
533
511
461
592
569
582
536
633
486
613
388
577
446
775
346
496
618
577
451
727
568
705
587
639
551
701
495
647
516
579
599
816
503
606
613
623
676
721
376
594
548
459
694
607
497
521
675
739
631
568
661
525
742
586
669
594
541
476
540
619
543
382
633
703
773
526
690
583
633
661
684
529
595
647
654
619
485
684
531
482
524
621
611
451
561
731
678
548
688
662
590
550
824
574
649
714
654
586
517
617
602
568
631
547
607
519
652
827
733
444
648
681
617
445
611
591
644
564
542
523
603
515
604
620
637
624
712
774
368
779
697
654
563
671
693
531
551
738
486
569
498
490
550
709
574
420
713
736
466
627
414
411
560
552
570
814
561
623
701
535
364
606
673
558
651
492
720
564
739
734
491
692
557
726
792
619
618
525
709
771
630
463
588
673
695
697
686
516
615
533
682
588
533
526
643
700
624
663
368
666
671
733
723
644
852
668
449
549
577
647
592
797
659
561
667
625
558
789
520
557
639
601
594
660
617
615
673
626
700
504
626
736
531
556
604
498
644
613
644
544
694
588
530
534
404
589
625
678
591
683
463
627
663
827
751
483
646
663
528
581
581
703
497
500
550
706
504
585
697
557
444
592
713
476
498
692
433
480
763
505
733
551
675
443
662
593
618
540
647
557
555
684
568
510
665
745
804
692
669
742
746
657
658
389
336
703
636
555
566
522
597
581
513
700
573
683
556
655
602
395
564
591
586
659
641
565
657
578
589
580
539
476
546
542
646
771
748
621
685
587
909
526
561
447
694
516
561
502
594
649
606
491
515
752
623
707
594
462
590
708
584
437
664
776
666
478
770
514
676
514
636
611
492
459
582
636
759
519
740
479
509
487
631
693
381
702
553
457
763
514
399
683
555
596
581
680
542
709
522
736
538
595
553
652
757
411
724
483
543
599
659
555
641
863
635
540
550
394
468
743
641
510
627
592
525
500
364
598
457
654
726
581
568
734
308
621
643
549
687
556
617
402
571
519
619
594
657
645
417
533
578
598
504
815
687
538
775
602
515
611
675
677
712
684
600
641
537
519
831
479
467
644
570
708
743
612
693
495
678
530
593
472
660
716
821
436
593
515
635
696
636
578
603
607
822
420
490
756
678
573
631
519
760
684
553
779
543
585
644
511
689
692
573
645
507
550
589
575
622
340
588
656
676
603
388
693
605
484
792
684
542
540
656
665
625
692
552
483
587
525
550
491
583
700
652
541
497
712
642
499
518
552
544
404
802
625
544
558
639
631
729
577
412
671
739
556
493
570
469
533
824
458
623
769
442
464
608
478
510
406
640
628
651
572
573
612
488
641
524
600
641
616
634
692
661
580
520
680
581
645
602
581
739
672
576
649
653
624
455
661
739
704
649
474
646
643
598
521
674
695
598
594
496
799
444
756
640
682
457
526
450
483
575
541
581
825
723
660
754
630
610
657
599
665
637
488
379
678
763
660
694
684
552
759
474
515
556
629
677
673
473
412
452
477
548
719
727
664
514
594
580
511
655
763
642
629
706
680
669
744
516
706
525
590
524
719
802
667
586
626
613
734
595
555
557
502
592
554
713
633
512
825
726
668
596
324
641
659
581
702
782
563
724
727
555
659
512
647
569
423
767
610
496
647
534
750
588
513
563
585
517
421
605
537
708
722
542
562
574
622
573
545
678
642
425
476
543
631
659
679
717
901
598
644
472
521
637
627
624
498
798
514
717
576
625
567
650
544
578
456
693
643
685
443
537
607
451
619
443
520
675
583
570
585
760
491
534
471
635
601
582
658
818
815
620
675
472
639
511
740
661
603
822
629
718
737
567
538
662
655
486
515
671
789
511
505
628
490
692
638
600
648
636
604
397
511
688
697
700
611
474
489
607
679
459
742
638
803
639
795
695
660
775
598
500
600
555
631
601
644
643
611
518
684
720
517
628
502
413
578
802
554
566
670
464
537
721
761
615
510
700
729
463
541
565
639
584
665
722
541
670
607
579
742
644
707
618
741
516
518
626
790
476
600
588
488
474
649
752
569
682
786
589
556
498
597
677
605
677
633
759
580
488
574
684
594
427
544
654
610
590
653
585
521
693
592
530
489
645
683
448
429
560
546
777
644
650
545
644
750
729
550
587
551
502
552
582
447
409
596
587
753
656
503
725
701
572
461
681
550
593
411
537
615
645
526
473
585
638
598
627
674
564
572
807
526
379
742
643
829
695
603
700
438
582
617
610
510
750
615
621
493
437
529
841
487
494
727
691
601
677
497
595
623
574
793
577
610
529
616
638
613
607
591
386
733
346
767
625
659
610
499
738
573
776
551
540
717
612
587
538
476
615
480
647
501
664
582
667
608
657
620
472
637
450
439
611
450
552
405
642
642
575
566
679
613
660
735
532
425
765
551
600
541
555
514
531
611
512
610
576
570
718
607
496
564
563
663
500
457
721
589
502
539
570
761
799
669
386
565
731
578
580
614
551
720
570
569
712
716
514
567
691
677
571
547
615
496
788
710
636
588
649
447
588
657
592
683
467
685
486
572
659
187
719
405
655
503
506
650
370
630
554
556
654
684
509
547
509
628
669
801
550
669
711
486
715
828
568
541
557
547
718
606
610
648
659
726
783
734
585
459
601
514
362
663
523
511
495
687
653
657
606
733
505
546
476
492
632
617
