0.0027
0.0027
0.0027
0.0027
0.0027
0.0027
0.0027
0.0027
0.0027
0.0027
0.0027
0.0027
0.0027
0.0027
0.0027
0.0027
0.0027
0.0027
0.0027
0.0027
0.0027
0.0027
0.0027
0.0027
0.0027
0.0027
0.0027
0.0027
0.0027
0.0027
0.0027
0.0027
0.0027
0.0027
0.0027
0.0027
0.0027
0.0027
0.0027
0.0027
0.0027
0.0027
0.0027
0.0027
0.0027
0.0027
0.0027
0.0027
0.0027
0.0027
0.0027
0.0027
0.0027
0.0027
0.0027
0.0027
0.0027
0.0027
0.0027
0.0027
0.0027
0.0027
0.0027
0.0027
0.0027
0.0027
0.0027
0.0027
0.0027
0.0027
0.0027
0.0027
0.0027
0.0027
0.0027
0.0027
0.0027
0.0027
0.0027
0.0027
0.0027
0.0027
0.0027
0.0027
0.0027
0.0027
0.0027
0.0027
0.0027
0.0027
0.0027
0.0027
0.0027
0.0027
0.0027
0.0027
0.0027
0.0027
0.0027
0.0027
0.0027
0.0027
0.0027
0.0027
0.0027
0.0027
0.0027
0.0027
0.0027
0.0027
0.0027
0.0027
0.0027
0.0027
0.0027
0.0027
0.0027
0.0027
0.0027
0.0027
0.0027
0.0027
0.0027
0.0027
0.0027
0.0027
0.0027
0.0027
0.0027
0.0027
0.0027
0.0027
0.0027
0.0027
0.0027
0.0027
0.0027
0.0027
0.0027
0.0027
0.0027
0.0027
0.0027
0.0027
0.0027
0.0027
0.0027
0.0027
0.0027
0.0027
0.0027
0.0027
0.0027
0.0027
0.0027
0.0027
0.0027
0.0027
0.0027
0.0027
0.0027
0.0027
0.0027
0.0027
0.0027
0.0027
0.0027
0.0027
0.0027
0.0027
0.0027
0.0027
0.0027
0.0027
0.0027
0.0027
0.0027
0.0027
0.0027
0.0027
0.0027
0.0027
0.0027
0.0027
0.0027
0.0027
0.0027
0.0027
0.0027
0.0027
0.0027
0.0027
0.0027
0.0027
0.0027
0.0027
0.0027
0.0027
0.0027
0.0027
0.0027
0.0027
0.0027
0.0027
0.0027
0.0027
0.0027
0.0027
0.0027
0.0027
0.0027
0.0027
0.0027
0.0027
0.0027
0.0027
0.0027
0.0027
0.0027
0.0027
0.0027
0.0027
0.0027
0.0027
0.0027
0.0027
0.0027
0.0027
0.0027
0.0027
0.0027
0.0027
0.0027
0.0027
0.0027
0.0027
0.0027
0.0027
0.0027
0.0027
0.0027
0.0027
0.0027
0.0027
0.0027
0.0027
0.0027
0.0027
0.0027
0.0027
0.0027
0.0027
0.0027
0.0027
0.0027
0.0027
0.0027
0.0027
0.0027
0.0027
0.0027
0.0027
0.0027
0.0027
0.0027
0.0027
0.0027
0.0027
0.0027
0.0027
0.0027
0.0027
0.0027
0.0027
0.0027
0.0027
0.0027
0.0027
0.0027
0.0027
0.0027
0.0027
0.0027
0.0027
0.0027
0.0027
0.0027
0.0027
0.0027
0.0027
0.0027
0.0027
0.0027
0.0027
0.0027
0.0027
0.0027
0.0027
0.0027
0.0027
0.0027
0.0027
0.0027
0.0027
0.0027
0.0027
0.0027
0.0027
0.0027
0.0027
0.0027
0.0027
0.0027
0.0027
0.0027
0.0027
0.0027
0.0027
0.0027
0.0027
0.0027
0.0027
0.0027
0.0027
0.0027
0.0027
0.0027
0.0027
0.0027
0.0027
0.0027
0.0027
0.0027
0.0027
0.0027
0.0027
0.0027
0.0027
0.0027
0.0027
0.0027
0.0027
0.0027
0.0027
0.0027
0.0027
0.0027
0.0027
0.0027
0.0027
0.0027
0.0027
0.0027
0.007
0.007
0.007
0.007
0.007
0.007
0.007
0.007
0.007
0.007
0.007
0.007
0.007
0.007
0.007
0.011
0.011
0.011
0.011
0.011
0.011
0.011
0.011
0.011
0.011
0.011
0.011
0.0144
0.0144
0.0144
0.0144
0.0144
0.0144
0.0144
0.0144
0.0144
0.0144
0.0144
0.0144
0.0144
0.0144
0.019
0.019
0.019
0.019
0.019
0.019
0.019
0.0228
0.0228
0.0228
0.0228
0.0228
0.0267
0.0267
0.0267
0.0267
0.0267
0.0267
0.0267
0.0267
0.0267
0.0321
0.0321
0.0321
0.0321
0.0321
0.0321
0.0321
0.037
0.037
0.037
0.037
0.037
0.0419
0.0419
0.0419
0.0419
0.0419
0.0419
0.0467
0.0467
0.0467
0.0467
0.0513
0.0513
0.0513
0.0513
0.0513
0.0562
0.0562
0.0562
0.0603
0.0603
0.0603
0.0658
0.0658
0.0658
0.0691
0.0691
0.0691
0.0725
0.0725
0.0763
0.0763
0.0763
0.0763
0.081
0.081
0.081
0.0848
0.0848
0.0882
0.0882
0.0882
0.0923
0.0923
0.0923
0.0975
0.0975
0.0977
0.1014
0.1014
0.1055
0.1055
0.1102
0.1102
0.1153
0.1153
0.1153
0.1201
0.1206
0.1206
0.1263
0.1263
0.1263
0.1321
0.1321
0.1329
0.1381
0.1381
0.1419
0.1462
0.1462
0.1514
0.1514
0.1554
0.16
0.16
0.1602
0.1647
0.1686
0.1686
0.1725
0.1725
0.1756
0.1796
0.1796
0.1843
0.189
0.1892
0.1945
0.1945
0.1991
0.2037
0.2037
0.2081
0.2113
0.2146
0.2188
0.2188
0.2243
0.2243
0.2298
0.2298
0.2346
0.2363
0.2403
0.2442
0.2484
0.2524
0.2542
0.2592
0.2592
0.2639
0.269
0.269
0.2743
0.2776
0.282
0.2865
0.2878
0.2928
0.2946
0.2981
0.3016
0.3051
0.3093
0.3138
0.3184
0.3216
0.3269
0.3272
0.3323
0.3364
0.3406
0.3456
0.3456
0.3503
0.354
0.3574
0.3611
0.3647
0.3681
0.3721
0.3766
0.3812
0.386
0.3898
0.3946
0.3984
0.402
0.4058
0.4103
0.4148
0.419
0.4229
0.4269
0.4325
0.4342
0.4385
0.4425
0.4467
0.4512
0.4551
0.46
0.4639
0.4676
0.4721
0.4772
0.4823
0.4875
0.4916
0.4963
0.5002
0.504
0.5083
0.5127
0.5172
0.5202
0.5245
0.5296
0.5316
0.5364
0.5411
0.5454
0.549
0.5525
0.5563
0.5605
0.5646
0.5688
0.5713
0.5756
0.5794
0.5833
0.5876
0.5911
0.594
0.5989
0.6021
0.6071
0.6088
0.6122
0.6161
0.6195
0.6237
0.6263
0.6309
0.6337
0.6378
0.6415
0.6457
0.65
0.6543
0.6577
0.6601
0.6642
0.6686
0.6729
0.6768
0.681
0.6837
0.6876
0.6913
0.6946
0.6988
0.7015
0.706
0.7082
0.7117
0.7151
0.7196
0.7196
0.7254
0.7265
0.7308
0.7347
0.7359
0.7405
0.745
0.7462
0.7501
0.7543
0.7543
0.7596
0.7598
0.7633
0.767
0.7707
0.7742
0.776
0.7798
0.7835
0.7875
0.7893
0.7893
0.7937
0.798
0.798
0.8033
0.8033
0.8086
0.8086
0.8136
0.8136
0.8178
0.8178
0.823
0.823
0.8284
0.8284
0.8336
0.8362
0.8362
0.841
0.841
0.8463
0.8463
0.8514
0.8514
0.8542
0.8578
0.8578
0.8627
0.8627
0.867
0.8704
0.8704
0.8751
0.8751
0.8751
0.88
0.88
0.8849
0.885
0.8851
0.8903
0.8932
0.8932
0.8932
0.8981
0.8981
0.8981
0.9031
0.9031
0.9031
0.9079
0.9079
0.9079
0.9128
0.9128
0.9156
0.9156
0.9193
0.9193
0.9235
0.9235
0.9235
0.9291
0.9291
0.9291
0.9331
0.9331
0.9331
0.9331
0.9367
0.9367
0.9401
0.9401
0.9401
0.9401
0.9416
0.9416
0.9416
0.9456
0.9456
0.9456
0.9501
0.9501
0.9501
0.9501
0.9501
0.9547
0.9547
0.9547
0.9547
0.9547
0.9589
0.9589
0.9589
0.9589
0.9589
0.9635
0.9635
0.9635
0.9635
0.9662
0.9662
0.9662
0.9662
0.9662
0.9662
0.9714
0.9714
0.9714
0.9714
0.9714
0.9714
0.9714
0.9714
0.977
0.977
0.977
0.977
0.977
0.977
0.977
0.977
0.977
0.977
0.9814
0.9814
0.9814
0.9814
0.9814
0.9814
0.9852
0.9852
0.9852
0.9852
0.9852
0.9852
0.9852
0.9874
0.9874
0.9874
0.9874
0.9874
0.9874
0.9874
0.9874
0.9874
0.9874
0.9874
0.9875
0.9875
0.9934
0.9934
0.9934
0.9934
0.9934
0.9934
0.9934
0.9934
0.9934
0.9934
0.9934
0.9934
0.9934
0.9934
0.9934
0.9934
0.9934
0.9934
0.9934
0.9934
0.9934
0.9934
0.9934
0.9934
0.9934
0.9934
0.9934
0.9934
0.9934
0.9934
0.9969
0.9969
0.9969
0.9969
0.9969
0.9969
0.9969
0.9969
0.9969
0.9969
0.9969
0.9969
0.9969
0.9969
0.9969
0.9969
0.9969
0.9969
0.9987
0.9987
0.9987
0.9987
0.9987
0.9987
0.9987
0.9987
0.9987
0.9987
0.9987
0.9987
0.9987
0.9987
0.9987
0.9987
0.9987
0.9987
0.9987
0.9987
0.9987
0.9987
0.9987
0.9987
0.9987
0.9987
0.9987
0.9987
0.9987
0.9987
0.9987
0.9987
0.9987
0.9987
0.9987
0.9987
0.9987
0.9987
0.9987
0.9987
0.9987
0.9987
0.9987
0.9987
0.9987
0.9987
0.9987
0.9987
0.9987
0.9987
0.9987
0.9987
0.9987
0.9987
0.9987
0.9987
0.9987
0.9987
0.9987
0.9987
0.9987
0.9987
0.9987
0.9987
0.9987
0.9987
0.9987
0.9987
0.9987
0.9987
0.9987
0.9987
0.9987
0.9987
0.9987
0.9987
0.9987
0.9987
0.9987
0.9987
0.9987
0.9987
0.9987
0.9987
0.9987
0.9987
0.9987
0.9987
0.9987
0.9987
0.9987
0.9987
0.9987
0.9987
0.9987
0.9987
0.9987
0.9987
0.9987
0.9987
0.9987
0.9987
0.9987
0.9987
0.9987
0.9987
0.9987
0.9987
0.9987
0.9987
0.9987
0.9987
0.9987
0.9987
0.9987
0.9987
0.9987
0.9987
0.9987
0.9987
0.9987
0.9987
