0
0
0
0
0
0
0
0
0
0
0
0
0
0
0
0
0
0
0
0
0
0
0
0
0
0
0
0
0
0
0
0
0
0
0
0
0
0
0
0
0
0
0
0
0
0
0
0
0
0
0
0
0
0
0
0
0
0
0
0
0
0
0
0
0
0
0
0
0
0
0
0
0
0
0
0
0
0
0
0
0
0
0
0
0
0
0
0
0
0
0
0
0
0
0
0
0
0
0
0
0
0
0
0
0
0
0
0
0
0
0
0
0
0
0
0
0
0
0
0
0
0
0
0
0
0
0
0
0
0
0
0
0
0
0
0
0
0
0
0
0
0
0
0
0
0
0
0
0
0
0
0
0
0
0
0
0
0
0
0
0
0
0
0
0
0
0
0
0
0
0
0
0
0
0
0
0
0
0
0
0
0
0
0
0
0
0
0
0
0
0
0
0.0001
0.0001
0.0001
0.0001
0.0001
0.0001
0.0001
0.0001
0.0001
0.0001
0.0001
0.0001
0.0001
0.0001
0.0001
0.0001
0.0001
0.0001
0.0001
0.0001
0.0001
0.0001
0.0001
0.0001
0.0001
0.0001
0.0001
0.0001
0.0001
0.0001
0.0001
0.0001
0.0001
0.0001
0.0001
0.0001
0.0001
0.0001
0.0002
0.0002
0.0002
0.0002
0.0002
0.0002
0.0002
0.0002
0.0002
0.0002
0.0002
0.0002
0.0002
0.0002
0.0002
0.0002
0.0002
0.0002
0.0003
0.0003
0.0004
0.0004
0.0004
0.0004
0.0004
0.0004
0
0
0
0.0001
0.0001
0.0001
0.0001
0.0001
0.0001
0.0001
0.0002
0.0002
0.0002
0.0002
0.0002
0.0002
0.0002
0.0002
0.0002
0.0002
0.0002
0.0002
0.0002
0.0002
0.0003
0.0003
0.0003
0.0004
0.0004
0.0004
0.0004
0.0004
0.0005
0.0005
0.0005
0.0005
0.0005
0.0005
0.0006
0.0008
0.0008
0.0009
0.001
0.001
0.001
0.001
0.001
0.001
0.001
0.001
0.0011
0.0011
0.0011
0.0011
0.0011
0.0011
0.0011
0.0012
0.0014
0.0014
0.0014
0.0016
0.0016
0.0018
0.0019
0.002
0.0023
0.0023
0.0024
0.0024
0.0025
0.0025
0.0026
0.0026
0.0026
0.0027
0.0028
0.0029
0.0031
0.0032
0.0032
0.0033
0.0033
0.0033
0.0035
0.0035
0.0037
0.0039
0.004
0.0043
0.0046
0.0047
0.0049
0.0051
0.0052
0.0053
0.0054
0.0057
0.006
0.0063
0.0063
0.0066
0.0066
0.0066
0.0066
0.0068
0.0071
0.0073
0.0078
0.0082
0.0083
0.0085
0.0086
0.0088
0.0089
0.009
0.0095
0.01
0.0103
0.0104
0.0104
0.0108
0.0108
0.0112
0.0116
0.0119
0.0123
0.0126
0.0048
0.005
0.0059
0.0061
0.0067
0.0071
0.0074
0.008
0.0086
0.0093
0.0095
0.0103
0.0107
0.0111
0.0116
0.0122
0.0129
0.0134
0.0139
0.0148
0.0159
0.0164
0.0173
0.0181
0.0185
0.0191
0.0198
0.0202
0.021
0.0216
0.0221
0.0226
0.0233
0.0235
0.0243
0.0251
0.0258
0.0266
0.0276
0.0286
0.0299
0.031
0.0321
0.0333
0.034
0.0352
0.0362
0.0373
0.0381
0.0393
0.0403
0.0414
0.0428
0.0441
0.0449
0.0463
0.0472
0.0488
0.0496
0.0501
0.0518
0.053
0.0541
0.0547
0.0316
0.0327
0.0333
0.0348
0.0358
0.0373
0.038
0.0398
0.0414
0.0423
0.0444
0.0458
0.048
0.0496
0.051
0.0522
0.0535
0.0552
0.0571
0.0591
0.0612
0.0631
0.0646
0.0667
0.068
0.0693
0.071
0.0735
0.0746
0.0773
0.0801
0.0817
0.0706
0.0731
0.0757
0.0781
0.0799
0.0814
0.084
0.0859
0.0881
0.091
0.0931
0.095
0.0969
0.0995
0.102
0.1031
0.1052
0.1085
0.1115
0.113
0.1149
0.117
0.1189
0.1213
0.1248
0.1276
0.1303
0.1336
0.1358
0.1385
0.1412
0.1428
0.0059
0.0083
0.0107
0.0139
0.0171
0.0202
0.0225
0.026
0.029
0.0312
0.0349
0.0384
0.0411
0.0444
0.0472
0.0497
0.0334
0.0361
0.0392
0.0419
0.0449
0.0483
0.0512
0.0541
0.0569
0.0595
0.0625
0.0658
0.0691
0.0721
0.0749
0.0786
0.0332
0.036
0.0406
0.0443
0.0487
0.0525
0.0558
0.0589
0.062
0.0656
0.0696
0.0747
0.0792
0.084
0.0874
0.0906
0.0679
0.0723
0.0765
0.0799
0.0827
0.0864
0.0902
0.0937
0.0968
0.101
0.1047
0.1083
0.112
0.1153
0.1193
0.123
0.0426
0.0462
0.0497
0.053
0.0566
0.0603
0.0646
0.0675
0.0726
0.0765
0.0798
0.0838
0.0875
0.0911
0.0958
0.0999
0.0751
0.0793
0.0833
0.0875
0.092
0.0967
0.1001
0.1035
0.1073
0.1115
0.1155
0.1196
0.1241
0.1285
0.1327
0.1369
0.0809
0.0838
0.0879
0.0922
0.0964
0.1007
0.1053
0.1094
0.1124
0.1162
0.1193
0.123
0.1274
0.1308
0.1342
0.1374
0.1122
0.1155
0.1193
0.1232
0.1277
0.1312
0.1345
0.1374
0.1413
0.1456
0.1478
0.1523
0.1571
0.1606
0.164
0.1682
0.0546
0.0575
0.0615
0.0664
0.0705
0.0748
0.0792
0.0827
0.0877
0.0906
0.0947
0.0983
0.1017
0.1047
0.1081
0.1116
0.0935
0.0974
0.0998
0.103
0.1065
0.1085
0.1124
0.1152
0.1184
0.1204
0.1241
0.1267
0.13
0.1334
0.1361
0.1387
0.0949
0.0975
0.0999
0.1022
0.105
0.1076
0.1107
0.1134
0.1163
0.1191
0.123
0.127
0.1306
0.1329
0.1356
0.1377
0.1282
0.1309
0.1338
0.1367
0.1387
0.1415
0.1442
0.1469
0.149
0.1507
0.1529
0.156
0.159
0.1607
0.1622
0.1645
0.0952
0.0974
0.0998
0.102
0.1038
0.1057
0.108
0.1095
0.1119
0.1138
0.1157
0.1177
0.1213
0.1234
0.1262
0.1273
0.1287
0.1306
0.133
0.1366
0.1386
0.1411
0.1428
0.1443
0.1464
0.1477
0.1496
0.1512
0.1526
0.1547
0.1561
0.1581
0.1286
0.1298
0.1315
0.1326
0.134
0.136
0.1372
0.1381
0.1395
0.1413
0.1425
0.1448
0.1461
0.1475
0.1489
0.1497
0.1506
0.1517
0.1532
0.1539
0.1549
0.1559
0.157
0.1582
0.1592
0.1605
0.1614
0.1625
0.1638
0.1649
0.166
0.1666
0.0573
0.0583
0.0593
0.0599
0.0608
0.062
0.0624
0.0627
0.0638
0.0645
0.0654
0.0658
0.0663
0.0672
0.0679
0.0688
0.0693
0.0699
0.0707
0.0714
0.0719
0.0732
0.074
0.0745
0.0747
0.0754
0.0758
0.0763
0.077
0.0776
0.0781
0.0787
0.079
0.0794
0.0798
0.08
0.0803
0.0809
0.0814
0.0825
0.0832
0.0838
0.0849
0.0853
0.0858
0.0861
0.0864
0.087
0.0871
0.0874
0.0877
0.0879
0.0885
0.0888
0.0892
0.0895
0.0897
0.09
0.0901
0.0911
0.0916
0.0923
0.0928
0.093
0.0933
0.0936
0.0939
0.0939
0.0941
0.0945
0.0952
0.0953
0.0955
0.0956
0.0958
0.0962
0.0964
0.0965
0.0968
0.097
0.097
0.0971
0.0973
0.0975
0.0979
0.0982
0.0984
0.0984
0.0984
0.0984
0.0985
0.0987
0.0987
0.0988
0.0988
0.0988
0.099
0.099
0.0992
0.0992
0.0994
0.0995
0.0998
0.0998
0.0999
0.1001
0.1002
0.1003
0.1003
0.1005
0.1005
0.1006
0.1006
0.1008
0.1009
0.101
0.101
0.101
0.1011
0.1012
0.1012
0.1012
0.1012
0.1012
0.1013
0.1013
0.1013
0.1013
0.0888
0.0889
0.089
0.0892
0.0892
0.0892
0.0892
0.0892
0.0892
0.0892
0.0892
0.0892
0.0893
0.0893
0.0893
0.0893
0.0895
0.0896
0.0896
0.0896
0.0896
0.0896
0.0896
0.0896
0.0896
0.0897
0.0897
0.0897
0.0897
0.0897
0.0898
0.0898
0.0898
0.0898
0.0898
0.0898
0.0899
0.0899
0.0899
0.0899
0.0899
0.0899
0.0899
0.0899
0.0899
0.0899
0.0899
0.0899
0.0899
0.0899
0.0899
0.0899
0.09
0.09
0.09
0.09
0.09
0.09
0.09
0.09
0.09
0.09
0.09
0.09
0.09
0.09
0.09
0.09
0.09
0.09
0.09
0.09
0.09
0.0901
0.0901
0.0901
0.0901
0.0901
0.0901
0.0901
0.0901
0.0901
0.0901
0.0901
0.0901
0.0901
0.0901
0.0901
0.0901
0.0901
0.0901
0.0902
0.0902
0.0902
0.0902
0.0902
0.0902
0.0902
0.0902
0.0902
0.0902
0.0902
0.0902
0.0902
