630
483
707
363
836
590
593
699
574
605
742
602
540
551
705
593
687
706
550
692
619
618
399
719
479
496
734
670
627
690
646
466
786
809
503
466
623
356
554
595
509
598
558
720
584
575
539
598
519
662
595
526
686
611
469
518
521
684
746
522
699
733
570
689
554
805
713
558
364
584
574
689
689
665
717
851
604
344
434
449
610
663
538
538
641
661
489
776
566
552
695
442
652
454
529
678
581
631
623
522
609
418
639
613
645
587
829
698
538
702
464
650
619
502
523
711
734
615
661
658
585
596
633
628
787
699
510
503
562
700
625
636
759
590
638
749
519
560
599
540
631
520
655
499
445
332
613
584
732
594
492
551
496
598
571
654
648
590
548
647
543
735
570
402
503
560
667
590
705
607
473
567
593
589
466
609
505
640
614
422
542
573
747
628
676
667
543
484
762
730
651
458
720
641
538
524
610
639
614
678
671
583
643
729
761
602
569
596
604
593
552
720
626
550
576
705
561
550
488
582
468
560
625
547
721
583
549
571
727
691
502
677
575
588
397
581
589
485
741
488
578
520
581
542
593
429
669
684
628
506
621
523
515
699
631
560
677
561
692
512
539
480
484
638
682
560
555
713
530
598
664
682
643
746
788
549
736
545
643
553
741
530
528
470
811
533
582
632
550
535
514
467
447
564
722
398
688
658
715
546
635
584
788
758
545
505
744
724
572
538
792
507
605
371
734
740
674
536
740
583
521
491
548
545
597
506
583
605
711
670
533
463
556
689
634
625
819
706
635
760
626
434
656
586
687
718
568
597
493
591
696
656
391
740
641
732
642
467
628
733
541
796
773
654
497
635
550
585
711
446
678
537
589
624
581
501
543
488
620
612
465
577
488
555
575
626
569
671
594
730
625
524
565
653
578
673
699
600
665
762
418
628
595
623
763
466
600
636
583
570
626
679
626
654
639
639
594
626
583
599
502
521
532
527
687
611
606
708
518
593
694
584
547
545
687
544
706
489
635
633
597
618
600
600
566
746
663
612
505
605
558
502
485
590
692
770
522
496
631
605
514
595
570
483
488
538
650
615
581
499
390
643
605
571
647
531
412
644
635
740
712
696
610
601
423
545
609
876
740
710
818
408
838
687
627
678
580
672
472
553
603
424
636
806
534
452
593
722
534
589
750
735
460
587
531
635
532
677
584
670
663
732
418
614
636
704
707
621
599
620
767
606
573
782
573
698
597
650
646
528
673
604
701
597
624
444
429
642
510
426
426
497
682
676
679
747
912
606
736
439
592
479
713
732
523
690
510
538
663
591
607
606
612
544
658
488
618
582
601
559
485
493
804
455
664
565
587
612
567
576
785
616
585
826
441
531
374
550
747
465
591
561
820
454
637
649
641
602
593
599
671
560
610
510
647
484
553
574
391
563
540
448
576
467
444
421
575
539
678
731
610
748
515
602
590
723
695
520
452
583
630
746
534
611
620
632
768
435
475
670
476
510
696
691
669
568
487
620
607
614
695
494
476
668
716
701
504
720
745
567
565
734
627
592
708
747
662
536
518
440
590
572
574
556
735
767
636
504
645
540
444
629
613
435
749
631
675
734
483
641
517
552
661
634
569
723
808
709
591
402
724
763
614
681
647
589
500
525
698
647
465
660
454
687
577
734
687
822
654
740
624
551
668
478
590
696
414
568
648
639
553
667
634
554
779
578
472
645
751
477
635
661
639
575
646
660
675
686
521
578
583
668
583
560
415
514
591
591
466
635
584
581
803
724
581
579
635
724
584
548
537
567
640
523
700
604
596
613
670
527
407
620
582
750
573
645
421
405
628
554
475
632
530
647
571
780
598
666
638
649
514
450
476
533
745
530
769
561
552
511
691
497
387
523
675
543
595
586
467
591
555
736
641
602
430
648
695
488
559
609
686
370
643
674
602
529
644
662
733
490
595
776
509
810
665
635
556
663
586
520
636
553
707
557
692
686
607
511
554
658
589
603
602
559
558
577
566
394
601
748
484
632
555
753
435
736
625
566
579
655
549
629
506
638
648
627
723
575
600
565
691
599
654
556
718
496
601
569
637
397
619
714
722
727
723
664
578
622
696
735
550
556
681
784
388
722
828
571
534
517
694
462
573
668
547
596
601
444
763
717
702
643
707
565
528
762
649
644
492
512
538
457
705
868
628
635
526
516
467
458
605
687
709
538
575
530
390
410
573
681
499
605
735
573
509
483
709
653
510
610
551
562
710
657
617
542
696
671
550
399
667
522
470
503
486
751
542
544
467
487
649
570
522
614
679
595
631
775
609
507
497
813
703
616
613
609
569
447
769
442
535
521
591
624
514
709
763
673
590
499
279
617
641
644
668
555
487
511
625
535
642
809
669
485
681
634
723
388
517
645
480
665
653
610
565
674
529
805
419
761
655
650
587
600
604
786
597
467
629
471
644
535
739
675
769
596
566
826
547
606
636
689
743
639
631
515
661
537
574
573
579
508
578
708
582
455
744
606
654
707
518
576
601
570
508
632
494
423
522
509
688
631
757
554
519
809
661
581
652
540
436
544
676
632
515
753
678
704
403
586
454
464
723
784
596
562
671
594
797
573
444
640
709
505
599
637
613
679
531
656
414
554
792
718
566
441
542
654
644
615
589
524
697
555
694
506
537
700
605
578
712
451
579
638
619
557
454
668
613
813
634
781
563
546
432
804
522
640
586
555
827
577
602
487
529
746
477
394
560
457
643
564
643
648
657
636
620
655
557
559
729
630
611
733
525
624
530
537
587
678
575
680
431
470
656
465
639
607
463
605
639
727
474
521
698
689
529
554
524
440
629
477
623
627
573
459
729
600
661
514
438
565
712
580
556
684
796
658
615
578
621
593
509
646
766
532
606
604
667
650
594
603
645
568
661
639
502
529
552
846
513
592
752
724
466
685
578
615
533
601
395
549
648
656
599
620
503
484
521
597
671
727
694
645
482
565
756
628
371
650
492
488
417
542
580
639
572
505
570
673
524
947
457
492
413
396
767
911
427
745
614
580
662
508
506
411
837
726
529
517
645
618
482
506
602
606
469
690
626
647
583
760
607
624
655
408
512
557
608
668
574
620
593
646
438
653
483
621
531
785
720
659
558
540
372
533
611
525
714
631
708
597
509
474
478
537
541
363
741
748
538
598
594
482
638
646
582
667
673
561
651
560
533
424
579
643
604
726
615
808
666
549
629
682
546
810
516
559
699
459
591
522
722
681
602
542
555
711
483
572
419
593
650
494
634
715
564
464
643
748
551
638
702
695
632
760
471
832
550
621
611
497
580
460
593
578
609
486
518
674
775
494
575
737
517
597
589
691
679
739
498
842
480
402
361
619
835
616
575
532
625
641
607
545
524
629
418
392
590
507
583
572
481
630
654
582
454
760
539
619
507
626
618
707
730
594
459
569
748
840
603
614
626
454
586
478
344
584
608
779
696
618
605
635
466
634
853
450
754
625
564
624
760
714
581
623
547
668
556
580
430
515
517
475
580
613
509
681
547
579
563
535
497
464
681
737
463
532
468
333
681
559
617
644
619
676
702
681
433
474
576
688
581
354
542
759
744
639
730
687
625
519
599
564
550
591
605
567
458
740
561
762
501
592
698
542
669
545
579
567
573
621
651
649
714
616
574
627
673
605
623
591
372
650
523
562
638
694
595
448
577
634
469
637
783
531
669
554
422
683
588
603
533
549
630
737
607
508
586
571
584
702
715
655
530
608
334
656
719
633
514
596
691
671
724
605
582
744
642
707
552
567
452
820
573
585
542
684
719
885
769
746
794
633
627
530
631
710
584
833
542
477
529
339
577
580
518
618
666
440
654
629
748
459
836
497
651
620
721
657
594
495
654
490
499
543
639
566
517
548
672
578
604
670
630
511
631
651
639
594
572
721
768
623
641
606
597
717
604
588
543
629
694
625
670
591
661
398
436
524
457
501
513
539
606
469
527
680
720
438
616
587
525
540
633
492
488
735
607
510
698
665
650
522
743
644
710
593
592
562
595
562
480
554
458
514
548
577
711
622
682
727
596
654
690
738
652
741
596
628
420
560
551
696
634
773
511
492
481
576
496
503
529
518
605
649
445
590
536
702
681
676
634
681
635
625
599
757
676
496
575
602
531
550
542
460
665
663
727
819
721
635
684
663
615
635
702
669
520
665
764
681
558
762
620
627
749
707
402
806
771
462
606
364
508
519
482
668
571
461
797
705
661
545
556
479
513
538
504
591
727
618
247
487
612
543
532
595
541
497
663
721
733
578
636
618
608
494
686
543
603
530
485
590
523
632
614
382
655
604
592
527
591
548
541
554
534
543
557
654
640
789
666
521
508
587
647
421
454
669
763
437
706
753
666
617
563
695
709
730
600
451
596
680
436
540
470
555
657
429
571
616
495
581
558
712
675
659
591
555
653
630
646
587
454
552
632
650
716
681
605
616
663
790
533
525
557
539
622
580
839
824
571
674
764
615
584
574
641
690
704
744
602
516
518
362
728
575
573
554
611
515
587
542
613
537
626
423
672
686
667
599
632
603
460
361
531
720
618
659
577
656
249
477
593
543
694
517
551
716
680
705
589
729
716
602
534
603
621
798
443
729
412
702
665
683
478
752
596
689
498
604
478
591
644
470
556
465
496
514
466
648
702
706
586
662
720
680
539
603
443
548
644
477
576
590
705
718
508
617
615
477
630
700
641
806
587
557
527
740
518
656
657
637
709
579
550
413
666
616
497
620
583
403
490
717
609
658
724
731
681
659
714
749
625
523
622
544
667
579
571
476
616
596
649
737
616
613
506
678
386
591
659
651
819
575
581
388
571
633
842
794
639
738
616
809
558
708
605
706
530
644
598
425
509
617
612
986
659
722
538
732
620
708
734
723
653
533
848
522
553
663
695
528
403
615
626
415
601
588
507
560
655
609
685
433
609
481
746
582
686
627
473
595
381
547
698
607
520
429
591
650
765
612
480
535
598
564
596
738
649
498
601
580
523
757
547
419
569
659
486
850
549
599
385
583
628
697
798
596
669
570
654
603
642
599
708
619
360
569
634
698
398
581
644
715
623
631
643
635
540
501
593
532
502
753
488
572
562
412
743
660
540
648
555
809
541
675
506
553
524
594
469
599
595
748
720
670
403
693
661
591
576
647
571
496
643
616
682
547
457
722
325
483
665
431
748
460
417
532
556
605
577
662
549
584
642
487
852
659
459
532
477
716
586
896
623
475
568
669
476
638
468
563
552
552
546
521
596
643
550
650
482
443
687
502
625
559
661
489
528
473
618
616
586
622
507
688
619
659
648
662
538
393
499
657
562
562
707
561
489
631
619
500
787
519
503
444
503
682
707
712
392
513
611
658
576
591
717
531
440
519
547
659
514
630
747
694
638
610
675
568
507
532
789
542
721
486
632
609
480
538
613
667
722
638
703
632
644
699
728
790
480
600
717
707
683
706
503
555
511
670
599
745
604
522
767
452
537
570
753
481
758
628
681
738
597
650
460
655
656
602
646
661
725
827
556
405
583
662
628
624
760
525
578
582
706
525
522
845
665
624
566
522
632
587
646
636
606
674
542
610
641
653
501
720
457
613
520
733
527
562
745
639
717
693
535
293
646
669
430
519
605
484
570
611
554
698
659
711
603
567
697
658
618
458
554
516
661
704
732
574
500
631
617
754
458
592
697
409
526
651
608
644
423
458
614
673
765
645
624
466
454
682
609
688
548
547
583
599
726
716
420
588
612
625
594
538
674
529
425
623
560
643
506
617
451
397
468
519
610
591
423
643
607
630
546
616
438
518
487
470
564
722
603
642
505
631
699
598
671
637
560
691
499
523
476
607
715
554
762
511
604
459
428
649
621
635
603
633
683
681
559
655
436
482
687
423
544
607
683
496
506
466
466
649
623
635
596
607
691
605
602
758
681
653
516
432
666
530
737
753
463
578
606
746
734
836
612
489
588
564
536
554
454
600
690
586
692
561
775
730
809
531
611
702
722
614
356
404
666
500
564
392
767
844
545
552
659
843
713
727
654
563
645
409
814
474
663
702
563
678
830
723
668
601
451
684
489
547
476
545
575
541
422
466
549
603
652
826
669
621
762
782
528
371
774
547
505
646
555
623
659
822
461
699
618
665
547
687
588
321
660
627
587
668
729
647
683
736
622
647
477
692
525
544
686
535
678
863
685
788
410
537
383
600
730
768
572
876
710
554
683
487
586
634
720
817
613
516
511
660
420
613
647
592
655
488
676
697
512
715
650
467
624
703
714
602
573
411
641
462
711
504
611
798
695
488
683
702
592
443
657
580
593
677
618
570
607
675
659
644
562
757
659
827
559
466
544
677
479
546
661
609
450
557
714
666
368
571
491
573
645
687
596
545
609
638
552
562
749
625
711
609
724
557
536
670
553
518
583
639
588
652
464
465
662
686
778
508
521
722
728
651
664
800
551
599
527
632
534
635
470
614
764
644
468
633
604
579
579
569
589
503
629
546
725
654
489
709
438
638
635
561
604
589
500
590
737
569
452
653
570
560
461
512
623
613
637
623
644
608
624
531
663
925
710
722
518
402
493
643
529
589
572
636
441
739
484
583
439
507
684
677
640
471
620
440
671
615
560
699
644
781
505
630
576
392
593
627
523
649
547
659
567
625
673
623
742
647
519
594
643
514
580
679
693
555
679
619
564
556
601
642
513
663
612
570
780
463
573
506
391
703
621
629
557
437
443
496
659
655
619
619
584
688
556
606
694
650
627
572
663
706
626
689
575
583
514
666
492
738
694
643
594
627
734
518
775
727
433
491
621
712
382
507
689
496
817
685
771
732
665
690
486
614
578
426
701
610
693
454
699
680
672
755
611
417
585
640
645
403
519
683
788
699
615
657
437
557
721
713
636
588
444
648
559
659
684
541
664
617
646
613
496
814
593
422
613
631
675
574
735
491
575
396
619
645
668
405
521
648
837
421
629
732
690
544
593
553
582
553
569
808
565
613
737
586
657
489
659
759
835
762
480
557
684
697
742
712
528
618
512
759
520
753
405
705
601
416
688
570
553
714
684
696
500
475
495
600
717
578
569
771
702
464
526
592
617
419
426
629
498
620
837
665
552
574
506
799
651
636
595
651
638
760
522
468
648
863
622
590
598
760
551
584
467
518
617
548
665
529
747
577
559
635
561
600
724
656
523
654
474
492
515
658
538
711
405
694
590
572
568
396
622
482
488
443
615
500
694
486
576
672
432
418
625
545
666
535
700
724
491
512
691
564
638
827
653
541
437
500
759
556
543
545
695
522
595
548
537
693
659
636
572
612
542
540
637
636
682
521
601
475
565
453
581
447
504
468
589
506
614
721
457
689
782
542
486
563
644
657
632
524
723
605
722
584
637
468
481
603
783
513
703
682
659
567
665
435
649
425
650
686
556
697
565
590
558
434
532
542
784
681
689
722
453
872
616
439
330
480
553
605
588
672
617
510
661
555
479
725
642
566
623
536
682
689
610
525
545
611
548
627
632
641
699
672
595
681
656
674
602
655
685
695
376
635
627
646
560
721
546
768
701
524
672
627
772
584
700
543
621
625
601
628
586
713
676
637
651
497
672
540
519
569
316
511
639
621
645
671
379
702
509
579
507
561
678
695
447
436
521
585
751
731
636
662
756
479
459
601
451
547
748
722
743
715
872
509
627
436
698
502
499
602
563
694
728
467
581
468
729
668
464
717
688
395
645
853
492
442
589
581
728
625
474
516
647
582
497
493
609
812
588
493
683
920
775
539
685
671
677
603
704
682
596
520
541
504
621
511
406
656
568
642
608
675
746
725
565
667
613
496
587
434
705
706
699
400
650
585
681
703
417
539
717
723
536
806
471
450
580
474
775
525
524
600
661
431
564
579
449
486
517
653
788
528
781
714
708
516
715
486
590
527
683
521
539
522
680
587
545
577
533
457
564
540
580
721
632
579
508
588
608
610
622
518
805
776
620
434
600
652
556
535
448
553
417
629
472
635
730
792
481
450
521
574
694
482
546
638
703
579
608
525
779
757
596
642
713
678
553
553
758
628
709
486
568
631
555
434
688
482
641
647
474
627
571
547
576
490
574
793
524
430
722
514
547
513
663
765
282
467
602
751
463
570
671
523
769
656
615
615
569
603
548
682
570
516
560
566
589
462
477
788
703
593
581
561
683
667
563
683
603
531
685
524
692
469
619
559
599
763
381
496
568
379
650
599
621
524
634
715
631
678
492
641
483
613
563
595
408
726
685
659
644
647
699
555
714
462
552
656
618
787
722
770
589
651
580
589
610
457
545
555
511
653
612
658
688
546
631
552
595
642
643
635
775
538
724
613
787
657
582
512
508
735
721
745
692
690
505
780
743
513
554
688
612
534
748
470
520
518
745
452
671
611
508
539
638
568
510
795
429
628
731
555
666
641
595
858
655
781
546
473
592
619
626
733
646
640
592
539
748
686
530
383
571
579
664
579
529
687
605
715
634
497
704
513
841
514
789
523
683
558
833
585
515
516
458
562
476
466
683
473
468
698
454
642
554
707
562
750
665
638
548
533
572
433
485
549
596
831
644
576
688
637
762
752
619
535
682
534
724
347
485
606
639
480
740
656
712
491
376
763
723
459
597
613
669
627
403
630
585
704
652
613
473
720
754
476
551
618
649
594
643
556
636
582
569
514
801
555
583
494
780
643
536
634
764
608
722
492
660
552
471
828
650
545
651
478
911
423
604
476
477
548
566
722
689
547
592
540
878
721
687
487
583
693
684
617
737
639
706
455
630
604
501
683
670
597
626
772
588
581
521
593
577
568
629
765
444
735
590
668
635
539
527
724
750
602
590
560
852
378
568
748
614
555
599
643
570
321
572
528
542
737
529
548
612
668
689
574
563
652
600
482
503
666
702
604
591
551
510
553
602
596
649
612
628
619
576
542
647
672
489
712
456
572
539
609
572
560
527
727
455
393
428
478
426
629
658
738
364
480
567
556
620
525
661
490
364
384
634
627
501
809
524
684
587
428
630
744
541
700
560
484
523
521
635
506
676
608
535
591
601
785
694
598
731
725
566
515
607
567
582
698
534
627
556
553
671
635
476
583
774
587
587
504
611
464
688
685
650
662
416
465
514
561
526
732
687
640
619
712
550
383
493
606
589
571
579
588
658
663
650
576
563
656
682
681
644
565
769
734
620
635
748
577
509
472
772
684
609
550
426
550
668
684
603
630
500
605
482
572
635
644
829
661
570
426
619
548
709
610
592
488
492
609
597
625
670
821
732
551
564
616
459
510
551
746
578
693
473
688
749
703
385
602
619
656
690
627
428
634
508
620
525
655
597
637
586
660
681
639
424
706
649
548
660
605
441
806
664
545
657
646
645
597
462
576
443
485
614
752
499
757
496
656
593
761
593
536
654
587
621
586
671
566
574
566
534
623
719
503
524
587
692
565
745
586
460
490
651
516
515
682
489
601
577
566
596
685
491
742
695
727
806
558
542
601
569
503
431
576
717
678
529
602
592
592
533
481
809
476
565
569
612
679
661
621
619
713
635
609
512
659
412
549
497
565
545
481
767
595
553
650
655
656
528
588
645
656
632
689
668
571
402
722
555
518
610
465
430
485
606
720
532
819
430
724
590
681
595
670
653
497
627
710
606
490
640
570
734
628
757
782
523
551
686
612
585
674
546
592
583
565
480
470
584
662
463
380
584
509
662
729
739
627
750
740
503
665
652
601
589
506
526
552
784
621
545
638
634
729
554
540
690
588
642
593
650
640
498
788
724
619
561
504
678
756
721
474
418
639
576
547
629
637
493
595
503
427
700
764
721
672
560
881
607
617
546
720
662
445
680
566
440
521
551
614
643
526
758
744
449
514
636
448
590
772
569
488
777
542
532
565
724
626
585
608
607
601
632
591
715
658
546
586
697
643
348
566
571
603
690
677
590
570
607
452
665
616
476
522
655
666
697
445
674
390
670
554
692
671
524
626
387
777
452
580
693
529
536
505
504
801
586
535
564
559
574
519
549
564
710
749
706
558
470
577
524
623
685
637
734
427
703
677
401
560
657
660
715
585
549
555
443
191
749
565
671
558
581
724
577
523
560
490
805
538
673
548
613
726
346
506
589
628
706
599
604
625
653
726
521
609
593
434
583
482
394
895
675
524
638
555
430
828
619
569
512
609
482
403
514
682
541
452
555
532
524
404
619
587
555
626
499
333
719
485
685
638
603
465
601
343
514
538
470
573
708
566
480
634
653
526
793
710
600
581
493
488
768
662
519
579
497
502
569
495
677
867
645
506
625
625
489
590
623
656
580
545
572
642
621
465
481
450
604
571
537
613
639
687
637
653
534
564
599
776
584
390
698
714
485
472
495
522
422
430
655
547
478
721
579
647
689
701
576
613
643
588
433
554
640
596
753
443
512
634
673
511
680
380
698
744
447
551
436
529
490
607
527
590
671
540
568
555
717
391
685
408
643
429
714
636
689
628
613
612
555
476
616
439
525
562
629
500
596
596
579
518
679
572
642
647
515
687
561
532
558
533
622
575
643
749
553
589
450
461
482
803
516
647
446
707
525
728
536
567
668
638
739
717
433
556
616
577
429
604
526
557
603
490
745
459
449
544
538
653
471
599
552
479
568
518
577
391
609
735
563
406
641
647
648
708
611
607
552
612
500
660
650
711
666
715
458
642
532
486
603
520
481
739
411
739
658
594
589
658
684
454
719
698
790
492
638
581
588
679
717
645
554
594
545
764
592
808
655
778
758
642
841
668
513
661
596
514
459
869
672
756
642
607
549
474
365
693
614
562
683
511
544
446
554
543
560
865
389
745
642
456
826
487
587
723
559
554
689
518
470
810
556
824
708
517
819
625
601
822
566
572
609
891
573
560
545
716
931
494
594
605
677
601
638
485
789
746
569
411
629
488
595
857
385
543
704
619
713
683
565
602
394
438
746
692
477
764
560
663
599
682
732
585
568
506
617
697
474
626
659
528
675
694
830
673
565
626
600
808
577
514
567
639
711
555
772
561
549
536
732
518
565
515
592
693
653
445
554
545
534
669
722
571
775
751
531
585
592
528
574
716
693
634
597
871
406
596
522
400
717
644
533
534
641
717
518
465
459
604
713
536
562
385
642
545
525
603
602
798
575
634
728
459
534
406
666
669
537
745
561
740
528
372
665
665
534
504
394
628
634
575
808
761
440
795
459
487
606
553
378
751
654
457
624
755
562
506
586
572
641
705
676
601
547
687
543
460
637
644
616
581
665
622
518
542
739
548
503
597
468
610
645
585
545
714
411
756
455
633
585
497
533
740
560
722
512
697
796
649
470
581
483
593
478
858
703
578
794
646
566
431
506
476
553
541
696
557
717
671
547
294
586
575
531
573
632
481
592
504
578
679
622
493
517
535
593
622
614
473
749
532
665
549
497
678
711
465
626
678
560
723
477
659
559
510
399
744
605
528
404
514
532
578
817
694
634
615
727
565
607
489
745
577
513
567
565
459
710
656
557
587
746
576
638
720
615
649
475
738
424
462
747
468
620
503
641
677
662
694
676
637
637
465
715
591
534
398
683
698
461
485
604
687
585
520
542
599
603
651
775
632
550
495
775
460
767
561
567
495
751
444
554
601
565
792
600
556
732
517
671
505
701
587
517
258
669
609
696
452
596
624
768
730
517
463
522
551
546
543
534
649
674
579
462
574
517
560
818
716
502
543
575
538
481
611
634
527
470
513
521
551
809
573
567
534
482
648
682
605
811
602
644
795
549
424
594
652
633
577
656
640
647
532
505
698
571
599
523
687
652
557
521
508
705
665
511
500
366
352
634
504
476
558
690
485
583
655
468
712
732
490
679
654
397
497
719
575
632
538
772
459
434
694
640
589
478
612
588
493
611
427
683
744
653
646
681
695
575
713
491
608
565
526
730
592
557
590
615
723
849
761
703
423
576
586
755
641
526
768
488
492
760
580
546
678
586
550
653
473
588
521
591
605
624
546
527
580
533
578
656
645
614
535
528
549
593
577
571
665
690
477
529
563
255
455
516
457
702
486
544
447
520
418
573
598
704
552
610
561
696
535
759
623
636
734
674
632
594
711
712
494
455
562
637
575
623
561
392
845
558
584
717
655
546
539
476
724
552
528
561
761
462
740
614
528
600
522
652
741
446
681
675
406
472
568
450
505
676
570
608
539
715
695
698
686
544
551
410
586
521
668
622
549
530
660
524
429
502
629
663
599
466
553
665
562
592
543
727
556
614
570
607
608
518
637
648
485
487
417
504
828
518
583
522
568
625
774
472
401
568
582
607
670
634
633
688
660
636
563
589
651
662
392
439
746
645
538
614
371
798
553
589
500
448
428
634
700
736
656
693
497
653
491
581
398
556
805
561
627
649
699
538
472
537
683
701
633
642
693
548
833
535
657
457
580
611
800
678
535
564
727
630
671
777
612
535
506
670
489
399
562
542
505
537
546
632
405
534
455
715
561
721
639
485
612
782
621
522
620
521
587
568
485
614
584
569
539
487
547
695
752
418
586
629
636
684
574
632
648
839
383
512
504
655
527
557
681
648
498
663
671
647
675
600
583
468
454
504
721
650
676
342
570
550
605
601
389
725
606
772
615
698
547
533
625
501
678
633
478
785
582
568
579
755
675
502
512
549
515
536
827
755
544
735
573
596
531
492
592
563
563
646
599
371
466
598
642
638
654
649
447
733
667
533
621
649
580
641
660
640
532
636
816
516
498
630
636
711
501
614
610
643
725
354
554
552
769
704
520
729
566
584
699
669
536
402
694
524
470
642
664
682
564
765
683
693
470
472
596
321
652
516
627
606
530
596
401
549
432
736
492
685
788
668
452
533
703
579
754
480
569
639
646
493
469
574
761
687
619
538
571
342
755
515
489
436
740
551
575
690
837
486
589
560
505
631
703
869
559
556
699
686
777
518
723
742
621
629
561
657
662
716
653
653
663
646
373
860
743
551
640
647
729
440
545
671
583
807
444
516
804
670
476
683
449
633
574
642
363
695
489
570
686
619
542
565
524
584
565
526
649
651
572
702
487
540
608
599
682
709
631
660
668
710
607
679
693
832
673
650
604
701
559
554
445
618
668
679
637
512
640
564
515
566
691
594
424
575
509
756
697
679
772
643
529
584
436
664
497
596
599
600
422
667
811
555
537
657
297
517
572
462
633
698
436
765
730
821
509
497
695
613
554
430
610
527
702
469
608
608
604
481
564
516
778
568
545
826
461
557
617
685
452
566
654
625
693
692
757
613
786
647
658
607
492
740
522
678
717
265
611
574
339
789
498
537
668
609
702
496
577
619
647
667
831
651
594
716
446
595
479
582
672
734
516
598
598
692
547
537
521
508
647
547
503
766
644
709
399
533
408
714
522
349
501
503
709
815
638
533
422
586
555
683
360
588
722
579
609
571
528
651
546
548
654
632
646
703
578
617
770
582
687
735
660
519
719
427
689
681
693
580
558
604
503
669
679
426
563
688
515
519
480
544
507
487
516
533
807
674
552
559
624
619
608
481
579
788
558
486
538
645
631
692
605
592
566
465
553
691
607
632
621
437
651
501
585
596
463
669
551
612
842
655
356
503
618
606
554
729
538
535
751
532
529
581
667
514
601
363
739
547
478
719
740
719
581
560
456
716
478
588
661
583
638
677
480
443
547
640
665
495
637
597
477
565
754
627
529
548
583
692
614
439
458
633
589
611
733
645
559
533
691
569
513
642
554
693
587
607
772
626
631
467
560
661
612
680
544
772
580
665
710
785
636
641
634
741
566
607
743
573
532
492
679
669
626
681
670
622
644
586
385
406
753
715
567
518
493
518
602
556
633
491
589
564
639
380
618
741
528
705
645
425
850
605
556
616
592
726
507
480
526
603
532
744
576
469
478
636
467
673
656
715
738
671
664
684
491
722
526
682
598
575
585
791
608
597
414
728
545
361
611
789
609
715
456
666
663
712
645
573
575
647
651
440
545
558
552
543
617
725
676
617
559
649
681
576
503
520
581
571
626
484
705
605
632
675
543
679
506
632
598
717
538
599
498
530
556
572
545
585
687
432
597
565
650
569
795
645
577
607
753
665
594
524
480
467
711
626
500
685
692
599
699
594
558
585
647
424
538
450
720
605
353
642
579
601
541
627
845
698
636
746
395
614
661
631
674
757
526
636
596
632
549
685
438
493
557
628
886
507
638
685
616
620
711
527
524
530
671
540
666
524
443
617
409
618
629
801
521
556
501
673
598
438
674
628
502
566
450
642
575
588
575
564
547
445
513
546
613
669
587
716
651
611
717
657
661
603
816
691
645
583
693
679
599
722
590
637
715
499
629
672
725
587
667
457
828
670
623
557
597
566
713
592
536
629
706
764
583
639
605
594
546
580
704
711
680
555
525
526
566
600
479
710
655
688
607
656
558
485
594
555
415
806
746
521
707
688
640
741
552
578
665
627
496
690
556
559
569
557
765
671
617
630
496
565
564
521
488
677
535
740
661
558
632
455
561
577
786
569
501
475
445
752
612
525
428
582
605
561
746
531
849
439
587
354
446
555
592
501
680
646
419
744
615
341
459
379
713
581
503
708
572
432
556
666
813
630
610
679
639
705
829
725
722
624
585
659
668
539
669
430
613
709
638
649
656
422
602
598
701
518
806
610
607
441
756
539
654
496
753
674
643
687
661
527
716
654
562
532
493
627
527
634
722
534
517
394
450
658
676
749
571
540
636
567
504
452
725
829
548
626
672
497
737
545
779
736
506
444
676
545
686
579
428
652
635
669
514
602
725
882
712
563
508
598
637
551
668
477
665
574
464
635
437
537
605
907
507
647
738
597
599
398
716
525
794
600
603
508
667
658
677
592
599
327
730
695
716
585
596
474
457
543
608
287
543
612
506
635
573
672
720
546
654
595
545
516
595
536
500
704
549
556
548
466
880
852
661
586
668
615
595
560
743
498
743
571
576
652
652
603
623
671
429
447
624
637
502
589
509
471
598
590
764
616
480
614
616
569
769
477
622
482
660
688
492
493
523
697
652
421
564
538
534
496
599
688
673
592
490
593
671
727
645
680
714
643
620
556
536
505
481
553
483
706
552
713
717
517
652
657
560
591
453
622
483
503
628
568
576
570
474
528
587
294
740
793
501
512
604
483
747
588
562
469
545
503
500
513
595
673
659
489
676
318
603
622
685
469
556
676
631
537
642
665
603
662
664
477
695
447
669
474
743
599
701
459
823
645
797
670
620
734
682
475
592
561
623
397
692
565
414
633
639
560
531
627
506
660
601
690
698
601
548
699
700
614
474
661
553
564
723
641
543
447
734
496
662
675
788
732
373
603
638
611
689
792
706
690
345
880
683
526
604
550
621
413
652
626
554
537
556
667
689
590
681
518
581
495
587
719
551
737
345
652
624
648
828
606
676
611
897
635
421
440
439
614
723
696
596
629
515
790
580
796
488
604
567
574
608
755
395
509
670
637
450
672
455
554
553
578
545
605
568
599
595
594
469
468
537
645
647
670
631
560
698
784
641
435
642
577
632
467
568
552
603
639
582
603
646
610
678
605
542
649
656
423
331
611
669
699
780
611
663
610
524
766
557
670
677
554
494
464
677
633
590
457
601
562
511
650
625
676
671
511
615
874
674
481
502
718
828
724
457
784
479
600
535
614
689
619
647
677
664
526
667
369
588
637
455
750
763
598
596
621
615
550
471
518
689
513
660
630
804
618
561
724
688
571
551
662
613
690
676
529
703
601
647
596
570
492
461
496
508
589
559
460
589
520
546
692
620
776
561
639
605
493
771
646
541
719
451
467
648
424
629
548
587
609
715
556
816
731
401
753
592
649
473
692
673
619
648
709
533
542
843
447
563
491
632
582
434
574
615
675
749
667
550
564
558
548
562
598
536
526
666
750
420
435
478
594
788
363
407
606
450
560
728
423
629
829
473
584
721
783
754
682
544
626
600
725
661
763
677
488
558
553
530
729
456
598
530
609
504
595
597
413
541
651
542
454
572
646
591
639
536
488
534
521
613
557
472
483
613
771
653
528
623
681
647
581
696
522
574
711
441
619
634
729
714
662
557
649
438
576
600
499
487
523
722
713
651
644
509
766
539
448
451
586
313
387
610
623
693
448
485
591
578
809
519
807
448
698
672
658
726
481
486
579
589
599
587
520
623
493
456
439
690
782
464
603
645
663
505
782
642
633
567
726
581
559
524
557
626
672
612
493
473
683
577
649
650
583
642
509
493
747
547
484
497
686
388
746
627
429
610
644
534
684
672
565
646
624
737
477
724
588
785
536
546
438
458
734
376
671
403
529
555
504
421
594
511
583
606
589
579
675
737
583
389
554
612
520
590
571
471
470
702
481
708
657
631
759
544
679
741
609
313
640
567
596
704
762
432
682
656
540
451
651
700
540
494
575
766
682
709
644
697
701
807
550
502
668
625
690
488
570
742
501
690
607
588
646
353
655
489
656
624
550
509
659
551
583
476
747
613
463
516
483
545
628
580
712
549
653
699
668
556
554
873
531
566
403
614
584
553
538
547
589
594
642
685
602
658
652
657
568
624
487
689
323
741
541
460
503
807
597
968
669
512
544
491
583
682
633
692
519
602
531
713
533
507
565
614
372
654
814
412
755
602
447
526
786
636
715
448
508
536
788
715
589
551
715
428
837
719
595
735
547
578
553
572
462
387
461
529
804
697
638
640
584
583
821
647
775
486
527
600
507
599
461
622
615
683
664
606
479
368
727
630
516
471
602
704
753
708
539
522
680
628
651
516
448
604
713
552
718
591
625
683
826
574
585
576
455
573
826
502
451
645
606
527
685
528
631
691
515
616
673
641
593
777
548
694
620
622
773
629
676
630
450
564
642
794
781
679
629
622
532
606
672
618
769
480
624
614
531
514
432
506
593
681
532
652
622
648
462
407
435
674
540
635
474
639
746
642
647
811
597
664
699
634
578
554
612
463
528
529
644
591
589
703
777
609
675
612
499
649
667
670
499
645
574
589
611
493
696
799
496
501
631
704
592
574
711
570
509
705
821
597
800
432
477
524
555
645
547
661
482
659
540
555
498
508
581
426
526
624
527
575
491
675
758
616
584
613
405
690
421
632
502
667
593
612
724
598
515
626
630
598
647
593
630
549
445
639
585
638
604
629
578
481
546
575
823
782
592
529
561
780
477
594
558
572
511
519
512
599
610
662
588
717
474
659
658
476
501
731
481
569
697
543
613
653
403
732
707
584
604
570
721
488
559
608
690
752
553
656
516
460
582
679
719
539
568
757
659
717
642
634
495
567
422
564
521
620
519
598
706
548
657
421
406
469
508
647
512
385
644
562
620
559
496
582
527
661
575
681
711
479
655
514
756
650
619
635
719
563
632
584
461
443
593
642
699
495
706
412
569
453
677
698
578
636
606
583
664
644
740
493
532
536
589
550
560
606
811
475
580
867
559
678
621
415
495
638
520
403
484
667
659
649
670
456
731
549
491
748
512
607
645
634
712
567
673
627
563
708
697
620
820
520
792
766
586
662
664
495
635
476
643
611
715
722
585
435
782
487
612
646
617
512
533
629
684
473
611
600
635
718
582
568
514
602
693
613
634
658
566
420
618
583
390
712
610
664
558
651
583
640
747
655
600
575
591
705
507
435
663
851
453
726
580
648
694
898
760
648
541
605
631
522
425
417
555
695
657
599
543
629
463
461
679
641
707
548
424
678
546
496
438
680
548
653
541
785
682
504
699
687
534
603
499
663
708
624
566
679
687
587
622
826
702
795
721
502
726
701
522
620
560
419
633
574
812
296
570
623
667
598
587
520
480
706
600
523
689
493
678
528
703
497
898
739
623
658
609
530
513
705
660
514
576
597
736
561
575
812
592
593
837
551
649
721
394
519
595
640
726
547
573
586
527
540
561
570
438
595
648
457
708
693
688
728
662
594
686
580
524
683
586
431
796
495
488
580
588
547
573
487
647
545
557
579
621
771
620
607
500
484
484
341
571
541
531
721
474
635
531
617
701
740
492
529
518
544
591
516
595
475
529
688
642
514
644
623
712
676
564
542
456
772
672
865
717
644
647
574
659
628
626
534
567
513
505
614
618
579
569
457
372
641
553
588
682
737
680
649
665
438
550
435
534
643
447
417
571
677
632
832
661
487
536
603
555
414
709
589
600
473
635
772
691
780
458
596
523
668
576
659
499
809
606
467
474
581
530
634
598
609
604
526
426
612
409
443
649
489
776
666
609
557
588
618
652
604
573
641
473
352
516
527
562
556
505
599
401
703
506
513
493
525
496
672
350
503
482
504
705
558
723
624
613
715
483
542
562
428
574
464
592
515
480
661
727
754
516
715
508
539
590
688
596
627
733
623
842
570
620
554
532
610
747
536
530
799
487
693
715
524
636
667
476
608
708
611
598
573
510
666
590
548
491
682
768
607
781
584
547
405
564
623
650
569
443
549
591
770
697
641
470
715
685
495
664
731
505
477
771
658
651
422
540
643
687
777
568
814
503
649
644
590
565
471
761
677
543
620
694
423
407
601
546
628
483
837
440
639
637
580
472
629
546
762
625
496
481
643
581
760
634
567
485
476
682
471
554
744
806
744
512
584
530
667
647
680
649
556
525
758
512
556
590
525
602
641
510
624
600
391
480
614
542
554
568
447
619
651
565
543
623
723
797
574
453
540
663
601
390
632
474
765
424
641
345
632
616
596
554
635
392
503
473
765
658
707
373
638
594
591
595
467
694
555
656
473
508
622
608
572
616
722
679
758
445
552
662
765
631
645
824
692
427
477
320
606
621
647
642
603
733
673
477
600
634
673
541
703
522
767
499
698
561
575
545
603
747
460
616
474
718
492
709
517
560
447
607
472
497
574
767
622
590
673
624
583
643
679
515
577
731
623
617
442
700
561
528
521
503
717
610
699
642
675
694
459
742
760
490
532
553
402
647
631
428
783
573
746
559
677
530
640
499
562
428
787
718
628
621
654
595
739
767
541
566
381
572
503
542
638
522
618
662
519
685
591
495
757
515
564
617
702
435
539
550
641
676
574
602
569
520
546
584
687
565
735
786
691
504
591
743
712
735
519
662
553
671
612
667
547
727
498
683
551
547
425
675
703
467
763
695
432
655
677
649
532
553
532
582
623
556
714
612
555
619
689
644
500
481
440
626
595
617
709
574
670
634
546
645
703
621
522
579
705
515
508
585
606
613
595
595
443
534
685
441
556
656
610
692
627
497
521
700
530
413
609
535
683
698
577
656
610
683
582
543
488
603
488
731
743
599
542
498
626
687
485
611
545
607
539
814
677
378
666
671
573
500
724
625
759
702
583
477
553
497
676
352
826
537
469
637
623
546
618
600
547
575
539
655
532
768
671
432
595
646
716
682
612
543
525
709
569
672
649
648
753
411
561
571
802
490
409
542
600
556
578
580
611
504
617
481
654
595
636
691
650
692
573
604
623
464
721
627
581
680
544
746
685
589
582
606
690
561
700
399
522
709
610
677
624
613
654
624
593
518
796
710
549
647
549
518
553
664
568
521
604
600
509
584
614
425
588
611
575
615
542
618
495
551
650
515
399
592
600
807
689
519
617
584
519
626
658
527
628
722
623
440
597
503
715
567
503
744
711
715
466
533
731
704
505
664
632
619
680
801
562
619
667
625
490
521
627
503
780
529
587
348
580
571
603
567
625
557
682
420
677
603
598
614
468
699
755
577
616
776
634
600
595
384
530
487
489
654
791
584
655
583
736
438
514
573
312
517
721
659
696
737
576
530
724
612
581
519
641
504
648
590
455
593
615
625
548
684
378
743
601
673
557
496
554
504
319
619
411
643
537
644
588
547
685
476
502
508
806
568
229
663
385
616
616
437
687
483
592
442
666
552
642
602
697
557
681
612
680
478
544
724
738
601
435
486
746
725
562
468
409
554
336
603
571
514
519
491
660
583
528
655
692
573
612
607
560
732
589
700
526
714
651
737
652
564
561
601
591
851
800
643
649
567
433
624
683
675
426
735
618
482
622
632
599
778
509
435
564
543
546
765
586
714
592
511
705
545
610
476
593
599
548
527
528
578
618
574
682
705
465
436
455
485
532
506
716
681
469
600
640
594
589
558
415
496
777
610
654
733
548
419
509
682
689
651
595
645
710
581
545
644
654
569
652
344
585
541
618
568
431
507
602
510
548
555
604
449
515
698
569
557
634
627
653
677
553
668
415
539
703
495
578
577
488
719
516
405
637
507
476
665
646
596
592
630
544
444
539
596
770
718
523
482
436
692
657
585
611
562
575
728
502
658
420
648
546
577
545
635
554
580
486
623
803
511
531
644
601
719
640
589
463
522
756
722
653
626
741
535
489
594
645
498
586
555
597
543
603
546
550
554
474
571
642
470
568
632
612
420
647
735
596
687
484
556
687
705
576
632
658
531
591
564
631
682
621
634
537
586
674
560
567
647
627
481
559
433
675
581
576
635
316
656
506
558
606
590
698
593
643
619
673
715
425
583
661
653
658
637
565
566
671
717
726
595
566
502
554
561
768
490
645
468
730
353
568
619
684
400
639
549
531
547
694
675
594
704
634
646
351
802
559
627
674
509
641
550
443
561
423
558
632
781
806
396
425
627
622
516
509
539
579
786
515
638
644
668
597
623
531
622
656
426
641
586
646
563
647
683
610
563
541
552
589
699
793
619
470
727
604
604
592
525
639
668
691
617
737
713
592
545
751
421
771
572
497
635
555
760
550
826
759
586
523
482
610
609
611
614
578
700
537
639
716
663
743
515
583
634
729
680
600
666
492
552
606
733
690
642
658
758
636
506
653
531
465
445
460
749
492
649
619
651
739
573
613
470
610
693
500
609
596
665
451
526
727
433
625
468
609
624
568
447
461
441
726
542
683
382
575
698
780
642
491
459
460
544
687
647
541
465
734
460
580
434
556
588
500
623
752
630
733
686
507
722
539
515
537
477
431
541
638
601
763
600
605
625
609
690
597
513
591
646
630
764
669
461
611
700
568
734
568
741
652
437
663
699
564
552
570
599
722
554
661
646
497
464
869
556
575
524
527
440
539
516
692
604
622
458
567
744
736
831
637
730
589
552
534
746
497
677
656
577
570
729
613
527
606
594
517
639
402
641
454
648
579
682
305
611
667
376
367
587
846
697
511
668
499
553
607
674
728
562
435
708
618
540
763
485
652
654
594
510
744
539
607
559
544
644
616
568
485
606
688
465
618
646
667
681
594
621
637
626
521
655
694
485
394
611
547
678
523
758
640
495
643
691
732
492
560
515
621
552
495
585
693
630
519
579
583
507
635
459
464
610
704
671
576
625
653
631
628
427
541
836
851
649
424
580
602
465
665
789
637
531
585
665
537
514
611
720
454
650
698
505
517
753
540
540
749
648
631
681
511
732
677
582
532
626
586
612
404
519
652
453
525
568
603
513
634
682
643
638
546
585
731
680
597
581
699
715
677
635
477
638
608
783
608
627
790
613
604
484
636
573
559
553
440
467
770
482
411
792
771
457
551
635
474
594
559
498
408
563
428
436
797
711
480
544
606
535
479
623
622
502
506
481
489
485
464
716
623
434
589
616
347
556
608
697
561
440
509
548
619
515
521
583
505
819
496
400
459
709
725
663
690
455
675
725
696
640
807
717
704
618
628
612
642
583
593
598
576
529
466
658
563
761
674
680
544
773
557
457
581
628
586
557
609
571
614
385
604
573
742
457
613
731
483
604
496
513
658
524
615
549
618
596
641
682
562
631
630
606
474
505
548
482
604
680
572
620
505
467
606
433
739
626
559
661
561
729
661
785
666
482
452
715
493
720
501
580
711
535
404
687
518
703
682
561
679
686
545
734
715
540
490
652
656
674
493
597
584
455
538
496
681
730
701
495
728
464
642
654
507
623
537
523
685
631
647
515
704
650
581
583
594
585
506
665
661
769
564
571
560
588
645
516
707
430
559
756
529
738
589
535
558
570
714
491
750
545
697
608
602
667
568
385
512
688
715
705
572
706
693
504
641
474
523
387
617
607
722
692
443
617
554
450
795
496
535
764
599
573
732
722
752
591
691
504
448
480
687
539
642
598
525
461
554
628
804
506
736
651
517
623
676
554
379
555
541
735
476
503
581
763
486
628
583
549
653
631
713
638
810
690
779
590
684
622
640
627
687
635
536
654
686
723
612
519
490
706
318
576
735
584
626
729
730
692
432
657
687
727
616
678
611
620
684
718
622
711
588
610
825
626
546
642
537
601
663
537
362
386
406
602
667
615
631
705
590
513
544
590
527
538
504
547
716
767
680
732
755
663
693
624
530
680
704
681
594
533
577
613
527
739
471
525
531
513
576
456
789
494
410
458
502
577
490
591
627
680
669
505
729
525
647
409
689
606
759
595
679
650
425
709
505
573
653
492
541
509
387
814
671
667
581
726
621
594
533
672
611
526
688
607
610
645
366
742
642
504
381
488
543
725
752
615
788
521
415
638
610
569
472
556
558
610
798
570
477
649
508
599
758
552
550
508
651
515
616
639
425
586
680
568
595
587
614
687
616
628
566
672
777
552
704
645
701
616
675
452
744
522
627
508
481
618
795
531
752
466
400
652
549
563
423
598
683
