0
0
0
0
0
0
0
0
0
0
0
0
0
0
0
0
0
0
0
0
0
0
0
0
0
0
0
0
0
0
0
0
0
0
0
0
0
0
0
0
0
0
0
0
0
0
0
0
0
0
0
0
0
0
0
0
0
0
0
0
0
0
0
0
0
0
0
0
0
0
0
0
0
0
0
0
0
0
0
0
0
0
0
0
0
0
0
0
0
0
0
0
0
0
0
0
0
0
0
0
0
0
0
0
0
0
0
0
0
0
0
0
0
0
0
0
0
0
0
0
0
0
0
0
0
0
0
0
0
0
0
0
0
0
0
0
0
0
0
0
0
0
0
0
0
0
0
0
0
0
0
0
0
0
0
0
0
0
0
0
0
0
0
0
0
0
0
0
0
0
0
0
0
0
0
0
0
0
0
0
0
0
0
0
0
0
0
0
0
0
0
0
0
0
0
0
0
0
0
0
0
0
0
0
0
0
0
0
0
0
0
0
0
0
0
0
0
0
0
0
0
0
0
0
0
0
0
0
0
0
0
0
0
0
0
0
0
0
0
0
0
0
0
0
0
0
0
0
0
0
0
0
0
0
0
0
0.0004
0.0004
0.0004
0.0004
0.0004
0.0004
0.0004
0.0004
0.0004
0.0004
0.0004
0.0004
0.0004
0.0004
0.0004
0.0004
0.0005
0.0005
0.0005
0.0005
0.0005
0.0005
0.0005
0.0005
0.0007
0.0007
0.0007
0.0007
0.0007
0.0007
0.0007
0.0007
0.0013
0.0013
0.0013
0.0013
0.0013
0.0014
0.0014
0.0014
0.0016
0.0016
0.0016
0.0016
0.0016
0.0016
0.0016
0.0017
0.0019
0.0019
0.0019
0.0019
0.0019
0.0019
0.0019
0.0019
0.0021
0.0021
0.0021
0.0021
0.0022
0.0022
0.0022
0.0022
0.0032
0.0032
0.0032
0.0032
0.0033
0.0033
0.0035
0.0035
0.0039
0.0039
0.004
0.004
0.004
0.004
0.004
0.004
0.0046
0.0047
0.0047
0.0047
0.005
0.005
0.0051
0.0052
0.0056
0.0057
0.0058
0.0059
0.0063
0.0064
0.0065
0.0065
0.0075
0.0075
0.0076
0.0076
0.008
0.0081
0.0084
0.0085
0.009
0.009
0.0092
0.0095
0.0102
0.0103
0.0106
0.0106
0.0114
0.0115
0.0116
0.0116
0.0119
0.0121
0.0121
0.0122
0.0127
0.0129
0.013
0.013
0.0139
0.0141
0.0145
0.0149
0.0165
0.0166
0.0168
0.0169
0.0173
0.0178
0.0182
0.0185
0.0195
0.0195
0.0204
0.0207
0.0213
0.0216
0.0219
0.022
0.023
0.0233
0.0239
0.0241
0.0247
0.0251
0.0256
0.0259
0.0269
0.0274
0.0282
0.0287
0.0295
0.0299
0.0307
0.031
0.0326
0.0333
0.0342
0.0347
0.0356
0.0363
0.0371
0.0375
0.0388
0.0395
0.0402
0.0408
0.0422
0.0431
0.0439
0.0444
0.0457
0.0464
0.0476
0.0487
0.0499
0.0506
0.0524
0.0528
0.0543
0.0552
0.0563
0.0571
0.0584
0.0597
0.0613
0.063
0.0657
0.0667
0.0679
0.0689
0.0708
0.0724
0.074
0.0752
0.0764
0.0777
0.0796
0.0803
0.0819
0.0832
0.0848
0.0867
0.0889
0.0908
0.0929
0.0947
0.097
0.0991
0.1014
0.1037
0.1067
0.1089
0.1113
0.1128
0.115
0.1169
0.1194
0.12
0.1226
0.1243
0.1261
0.1279
0.1303
0.1326
0.135
0.1375
0.1402
0.1428
0.1451
0.1473
0.1497
0.1513
0.1529
0.155
0.1585
0.1611
0.1635
0.1656
0.1697
0.1719
0.1738
0.1758
0.1786
0.181
0.1841
0.1865
0.19
0.1926
0.1952
0.1981
0.202
0.2036
0.2063
0.2092
0.2118
0.2141
0.2162
0.2183
0.2213
0.2244
0.2282
0.2305
0.2332
0.2357
0.2385
0.2416
0.2451
0.2473
0.2497
0.2529
0.2563
0.26
0.2625
0.2655
0.2692
0.2713
0.2753
0.2786
0.2829
0.2849
0.2888
0.2928
0.2961
0.2998
0.3018
0.3057
0.3086
0.3128
0.315
0.3175
0.3217
0.3249
0.3283
0.331
0.3355
0.3389
0.3432
0.3464
0.3505
0.353
0.3574
0.3606
0.3643
0.3683
0.3707
0.3743
0.3783
0.3827
0.3862
0.3905
0.3947
0.3976
0.4021
0.4055
0.4118
0.4158
0.4198
0.4237
0.4272
0.4301
0.4331
0.4368
0.4413
0.4459
0.4509
0.454
0.4581
0.4625
0.4668
0.4721
0.4773
0.4802
0.483
0.4873
0.4917
0.4961
0.5007
0.5033
0.509
0.5119
0.5156
0.5183
0.5218
0.5254
0.5291
0.5338
0.5386
0.5422
0.5455
0.5491
0.5526
0.5562
0.56
0.5645
0.568
0.5717
0.5748
0.5779
0.5819
0.5855
0.5899
0.5944
0.598
0.6013
0.6055
0.6095
0.6136
0.6173
0.6214
0.625
0.6284
0.6332
0.6374
0.6412
0.645
0.6489
0.6527
0.6555
0.6597
0.6643
0.668
0.6709
0.6749
0.6782
0.6821
0.6859
0.6902
0.6937
0.6975
0.7002
0.7049
0.7088
0.7123
0.7153
0.7193
0.7223
0.7258
0.7292
0.7329
0.7353
0.7384
0.7415
0.7452
0.7483
0.7514
0.7545
0.7583
0.7614
0.7649
0.7675
0.7707
0.7727
0.7759
0.779
0.7824
0.7847
0.7875
0.7903
0.794
0.7966
0.7988
0.8013
0.8036
0.8059
0.8073
0.8093
0.813
0.8164
0.8196
0.8217
0.8241
0.826
0.8286
0.8306
0.8331
0.8349
0.8378
0.8407
0.8436
0.8453
0.8473
0.8501
0.8528
0.8555
0.8577
0.8588
0.8607
0.8625
0.8642
0.8662
0.8677
0.8695
0.871
0.8733
0.8755
0.8774
0.8794
0.8812
0.8847
0.8856
0.8872
0.889
0.8928
0.8946
0.8967
0.8987
0.9011
0.9024
0.9036
0.9052
0.9072
0.9086
0.9097
0.9116
0.9138
0.9151
0.9169
0.9181
0.9201
0.9213
0.9223
0.9235
0.9251
0.9266
0.9279
0.9294
0.9307
0.9319
0.9331
0.9341
0.9356
0.9364
0.9378
0.9382
0.939
0.9399
0.9413
0.9423
0.9447
0.9455
0.946
0.9467
0.9478
0.9486
0.9493
0.9503
0.9526
0.9536
0.9543
0.9549
0.9563
0.9573
0.9581
0.9587
0.9601
0.961
0.9619
0.9624
0.964
0.9644
0.9651
0.9656
0.9671
0.9682
0.9687
0.9691
0.97
0.9706
0.9717
0.9724
0.9735
0.974
0.9747
0.975
0.9757
0.976
0.9766
0.9767
0.9781
0.9786
0.9791
0.9792
0.9798
0.98
0.9803
0.9808
0.9819
0.9822
0.9828
0.983
0.9835
0.9835
0.9837
0.984
0.9848
0.9851
0.9854
0.9856
0.9859
0.9859
0.9862
0.9863
0.987
0.987
0.9874
0.9875
0.9881
0.9884
0.9885
0.9887
0.9899
0.99
0.9902
0.9903
0.9907
0.9907
0.991
0.9911
0.9918
0.9919
0.9921
0.9921
0.9922
0.9922
0.9925
0.9925
0.9932
0.9933
0.9933
0.9933
0.9933
0.9933
0.9933
0.9933
0.9937
0.9937
0.9939
0.994
0.9944
0.9945
0.9946
0.9946
0.9955
0.9955
0.9955
0.9955
0.9955
0.9957
0.9957
0.9958
0.9962
0.9962
0.9962
0.9962
0.9964
0.9964
0.9964
0.9966
0.997
0.997
0.997
0.997
0.997
0.997
0.997
0.997
0.997
0.997
0.9972
0.9972
0.9973
0.9973
0.9973
0.9973
0.9983
0.9983
0.9983
0.9983
0.9983
0.9984
0.9985
0.9985
0.9985
0.9985
0.9985
0.9986
0.9986
0.9986
0.9986
0.9986
0.9989
0.9989
0.9989
0.9989
0.9989
0.9989
0.9989
0.9989
0.9989
0.999
0.999
0.999
0.999
0.9991
0.9991
0.9991
0.9995
0.9995
0.9995
0.9995
0.9995
0.9995
0.9995
0.9995
0.9995
0.9995
0.9995
0.9995
0.9995
0.9995
0.9995
0.9995
0.9997
0.9997
0.9997
0.9997
0.9997
0.9997
0.9997
0.9997
0.9997
0.9997
0.9997
0.9997
0.9997
0.9997
0.9997
0.9997
1.0001
1.0001
1.0001
1.0001
1.0001
1.0001
1.0001
1.0001
1.0001
1.0001
1.0001
1.0001
1.0001
1.0001
1.0001
1.0001
1.0001
1.0001
1.0001
1.0001
1.0001
1.0001
1.0001
1.0001
1.0001
1.0001
1.0001
1.0001
1.0001
1.0001
1.0001
1.0001
1.0001
1.0001
1.0001
1.0001
1.0001
1.0001
1.0001
1.0001
