0
0
0
0
0
0
0
0
0
0
0
0
0
0
0
0
0
0
0
0
0
0
0
0
0
0
0
0
0
0
0
0
0
0
0
0
0
0
0
0
0
0
0
0
0
0
0
0
0
0
0
0
0
0
0
0
0
0
0
0
0
0
0
0
0
0
0
0
0
0
0
0
0
0
0
0
0
0
0
0
0
0
0
0
0
0
0
0
0
0
0
0
0
0
0
0
0
0
0
0
0
0
0
0
0
0
0
0
0
0
0
0
0
0
0
0
0
0
0
0
0
0
0
0
0
0
0
0
0
0
0
0
0
0
0
0
0
0
0
0
0
0
0
0
0
0
0
0
0
0
0
0
0
0
0
0
0
0
0
0
0
0
0
0
0
0
0
0
0
0
0
0
0
0
0
0
0
0
0
0
0
0
0
0
0
0
0
0
0
0
0
0
0
0
0
0
0
0
0
0
0
0
0
0
0
0
0
0
0
0
0
0
0
0
0
0
0
0
0
0
0
0
0
0
0
0
0
0
0
0
0
0
0
0
0
0
0
0
0
0
0
0
0
0
0
0
0
0
0
0
0
0
0
0
0
0
0.0004
0.0004
0.0004
0.0004
0.0004
0.0004
0.0004
0.0004
0.0004
0.0004
0.0004
0.0004
0.0004
0.0004
0.0004
0.0004
0.0006
0.0006
0.0006
0.0006
0.0006
0.0006
0.0006
0.0006
0.0006
0.0006
0.0006
0.0006
0.0006
0.0006
0.0006
0.0006
0.0009
0.0009
0.0009
0.0009
0.0009
0.0009
0.001
0.001
0.001
0.001
0.001
0.001
0.001
0.001
0.001
0.001
0.0013
0.0013
0.0013
0.0013
0.0015
0.0015
0.0015
0.0015
0.0019
0.0019
0.0019
0.0019
0.0019
0.0019
0.0019
0.002
0.0026
0.0026
0.0026
0.0026
0.0027
0.0028
0.0028
0.003
0.0034
0.0034
0.0034
0.0035
0.0039
0.0039
0.004
0.0041
0.0047
0.0047
0.0047
0.0047
0.0048
0.0048
0.0048
0.0048
0.0052
0.0052
0.0052
0.0052
0.0053
0.0053
0.0055
0.0057
0.0069
0.007
0.0072
0.0073
0.0081
0.0081
0.0082
0.0083
0.0089
0.0089
0.0092
0.0092
0.0098
0.0101
0.0103
0.0104
0.0114
0.0115
0.0118
0.0119
0.0123
0.0125
0.0128
0.0128
0.0134
0.0135
0.0139
0.0141
0.0147
0.0149
0.015
0.0153
0.0168
0.0168
0.0172
0.0172
0.0176
0.0178
0.0183
0.0187
0.0195
0.0195
0.0199
0.0199
0.0209
0.021
0.0213
0.0218
0.0232
0.0237
0.0247
0.025
0.0259
0.026
0.0266
0.0274
0.0285
0.0293
0.0302
0.0305
0.0311
0.0315
0.0322
0.0328
0.0343
0.0345
0.0354
0.0358
0.0369
0.0377
0.0385
0.0389
0.0401
0.0405
0.0414
0.0419
0.0428
0.0433
0.0444
0.0452
0.0465
0.047
0.048
0.049
0.0502
0.051
0.052
0.0531
0.0544
0.0556
0.0569
0.0576
0.0595
0.0609
0.0618
0.0628
0.0655
0.0663
0.0677
0.0683
0.0694
0.0704
0.0714
0.0724
0.074
0.0749
0.0763
0.0775
0.0791
0.0799
0.0813
0.0827
0.0848
0.0863
0.0871
0.0883
0.0906
0.0923
0.0939
0.095
0.097
0.0978
0.0997
0.1011
0.1028
0.104
0.1061
0.108
0.1107
0.1121
0.1142
0.116
0.1183
0.1198
0.1221
0.1242
0.1267
0.1286
0.1307
0.1331
0.1357
0.1377
0.1398
0.1417
0.1454
0.1476
0.1503
0.1521
0.1544
0.1574
0.1599
0.1613
0.1639
0.1664
0.1685
0.1712
0.1741
0.1771
0.1792
0.1813
0.1858
0.1884
0.1915
0.1944
0.1966
0.1997
0.2025
0.2058
0.2097
0.2113
0.2131
0.2157
0.2188
0.2211
0.2253
0.2282
0.232
0.234
0.2368
0.2391
0.2424
0.2465
0.2492
0.2524
0.2554
0.2588
0.2623
0.2658
0.2694
0.2724
0.2753
0.2788
0.2823
0.2855
0.2888
0.2913
0.2949
0.2984
0.3019
0.3054
0.309
0.3132
0.3167
0.3199
0.3237
0.3274
0.3307
0.3331
0.3376
0.3411
0.3442
0.3483
0.3518
0.3547
0.3582
0.3622
0.3663
0.3689
0.3734
0.3766
0.3813
0.3841
0.3889
0.3934
0.3984
0.4021
0.4061
0.4091
0.4134
0.4168
0.4213
0.4246
0.4307
0.4343
0.4384
0.4416
0.4464
0.4501
0.4539
0.4578
0.4622
0.4661
0.4701
0.4741
0.4788
0.4826
0.4864
0.4899
0.4944
0.4976
0.502
0.5056
0.5097
0.5123
0.5164
0.5207
0.5264
0.53
0.5328
0.537
0.5407
0.5444
0.5492
0.5525
0.5575
0.5608
0.5647
0.5684
0.572
0.5743
0.5782
0.5808
0.5868
0.5916
0.595
0.5983
0.6016
0.6047
0.6088
0.6126
0.6174
0.6211
0.6248
0.6294
0.6337
0.6375
0.6411
0.6445
0.6494
0.6527
0.6565
0.6599
0.6638
0.6672
0.6711
0.6755
0.6797
0.6836
0.6867
0.6905
0.6939
0.6971
0.6996
0.703
0.7071
0.7099
0.713
0.7166
0.7207
0.7243
0.7277
0.7313
0.7346
0.7376
0.7401
0.7434
0.747
0.7499
0.7535
0.7574
0.7613
0.7645
0.7679
0.7697
0.7735
0.7757
0.779
0.7817
0.7852
0.7869
0.7901
0.7931
0.7963
0.7987
0.8022
0.8043
0.8074
0.8096
0.8115
0.8139
0.8169
0.8191
0.8219
0.8247
0.8275
0.8306
0.8344
0.837
0.8394
0.8413
0.8435
0.8461
0.8497
0.8524
0.855
0.8575
0.8605
0.8618
0.8644
0.866
0.8686
0.87
0.8724
0.8744
0.8767
0.8784
0.8808
0.8822
0.8847
0.886
0.8883
0.8894
0.8907
0.8924
0.8941
0.8957
0.898
0.8992
0.901
0.9027
0.9046
0.9055
0.908
0.9101
0.9119
0.9135
0.9151
0.9168
0.9188
0.9201
0.9215
0.9217
0.9239
0.926
0.9272
0.9284
0.9298
0.9306
0.9322
0.9332
0.9345
0.9357
0.9374
0.9389
0.9403
0.9413
0.9425
0.9429
0.944
0.9451
0.9465
0.9475
0.9488
0.9494
0.9504
0.9511
0.9534
0.9544
0.9558
0.9561
0.957
0.9574
0.9583
0.9587
0.9599
0.9601
0.9615
0.9623
0.9635
0.9641
0.9648
0.9654
0.9667
0.9674
0.9684
0.9688
0.9694
0.9701
0.971
0.9714
0.973
0.9734
0.9738
0.9741
0.9752
0.9754
0.9761
0.9764
0.978
0.9781
0.9784
0.9787
0.9797
0.9797
0.9802
0.9803
0.9812
0.9815
0.9817
0.982
0.9829
0.983
0.9838
0.9841
0.9849
0.9851
0.9855
0.9855
0.9862
0.9863
0.9869
0.987
0.9877
0.9877
0.9878
0.9881
0.9886
0.9889
0.9891
0.9892
0.9907
0.9907
0.991
0.9912
0.9917
0.9918
0.9921
0.9923
0.9927
0.9927
0.9928
0.9928
0.9931
0.9932
0.9934
0.9935
0.9942
0.9942
0.9943
0.9944
0.9947
0.9948
0.9951
0.9952
0.9957
0.9957
0.9958
0.9958
0.996
0.996
0.996
0.996
0.9967
0.9968
0.9969
0.9969
0.997
0.997
0.9971
0.9972
0.9975
0.9975
0.9975
0.9975
0.9975
0.9975
0.9975
0.9975
0.9977
0.9977
0.9977
0.9977
0.9977
0.9977
0.9977
0.9977
0.9979
0.9979
0.998
0.998
0.9982
0.9982
0.9982
0.9982
0.9993
0.9993
0.9993
0.9993
0.9993
0.9993
0.9993
0.9993
0.9993
0.9993
0.9993
0.9994
0.9994
0.9995
0.9995
0.9995
0.9997
0.9997
0.9997
0.9997
0.9997
0.9997
0.9997
0.9997
0.9997
0.9997
0.9998
0.9998
0.9998
0.9998
0.9998
0.9998
1
1
1
1
1
1
1
1
1
1
1
1
1
1
1
1
1
1
1
1
1
1
1
1
1
1
1
1
1
1
1
1
1.0004
1.0004
1.0004
1.0004
1.0004
1.0004
1.0004
1.0004
1.0004
1.0004
1.0004
1.0004
1.0004
1.0004
1.0004
1.0004
1.0004
1.0004
1.0004
1.0004
1.0004
1.0004
1.0004
1.0004
1.0004
1.0004
1.0004
1.0004
1.0004
1.0004
1.0004
1.0004
1.0004
1.0004
1.0004
1.0004
1.0004
1.0004
1.0004
1.0004
