0
0
0
0
0
0
0
0
0
0
0
0
0
0
0
0
0
0
0
0
0
0
0
0
0
0
0
0
0
0
0
0
0
0
0
0
0
0
0
0
0
0
0
0
0
0
0
0
0
0
0
0
0
0
0
0
0
0
0
0
0
0
0
0
0
0
0
0
0
0
0
0
0
0
0
0
0
0
0
0
0
0
0
0
0
0
0
0
0
0
0
0
0
0
0
0
0
0
0
0
0
0
0
0
0
0
0
0
0
0
0
0
0
0
0
0
0
0
0
0
0
0
0
0
0
0
0
0
0
0
0
0
0
0
0
0
0
0
0
0
0
0
0
0
0
0
0
0
0
0
0
0
0
0
0
0
0
0
0
0
0
0
0
0
0
0
0
0
0
0
0
0
0
0
0
0
0
0
0
0
0
0
0
0
0
0
0
0
0
0
0
0
0
0
0
0
0.0001
0.0001
0.0001
0.0001
0.0001
0.0001
0.0001
0.0001
0.0001
0.0001
0.0001
0.0001
0.0001
0.0001
0.0001
0.0001
0.0001
0.0001
0.0001
0.0001
0.0001
0.0001
0.0001
0.0001
0.0002
0.0002
0.0002
0.0002
0.0002
0.0002
0.0002
0.0002
0.0002
0.0002
0.0002
0.0002
0.0002
0.0002
0.0002
0.0002
0.0002
0.0002
0.0002
0.0003
0.0003
0.0003
0.0003
0.0003
0.0003
0.0004
0.0004
0.0004
0.0004
0.0004
0.0004
0.0004
0.0004
0.0004
0.0004
0.0004
0.0004
0.0004
0.0004
0.0004
0.0005
0.0006
0.0006
0.0006
0.0006
0.0006
0.0006
0.0006
0.0006
0.0006
0.0006
0.0006
0.0006
0.0007
0.0008
0.0009
0.0009
0.0009
0.0009
0.0009
0.0009
0.001
0.0012
0.0012
0.0012
0.0012
0.0012
0.0013
0.0014
0.0014
0.0015
0.0015
0.0015
0.0016
0.0016
0.0017
0.0017
0.0017
0.0017
0.0017
0.0018
0.0018
0.0018
0.0019
0.0019
0.002
0.002
0.002
0.0021
0.0021
0.0021
0.0022
0.0024
0.0026
0.0028
0.0028
0.0028
0.0028
0.0029
0.0029
0.0031
0.0031
0.0031
0.0032
0.0033
0.0033
0.0038
0.0038
0.0039
0.0039
0.004
0.004
0.004
0.0042
0.0042
0.0044
0.0044
0.0046
0.0047
0.0048
0.0049
0.005
0.0051
0.0052
0.0054
0.0055
0.0058
0.0062
0.0063
0.0064
0.0065
0.0068
0.007
0.007
0.0072
0.0073
0.0077
0.0081
0.0083
0.0085
0.0086
0.0086
0.0089
0.0097
0.01
0.0103
0.0108
0.0109
0.011
0.0112
0.0113
0.0116
0.0117
0.0119
0.0121
0.0122
0.0125
0.0127
0.0129
0.0131
0.0137
0.0142
0.0146
0.0153
0.0157
0.0159
0.0161
0.0163
0.0166
0.0173
0.0176
0.0181
0.0187
0.0189
0.0198
0.0205
0.0208
0.0214
0.0216
0.0218
0.0222
0.0227
0.0233
0.0237
0.0239
0.0244
0.0251
0.0255
0.0262
0.027
0.0277
0.0287
0.0291
0.0297
0.0305
0.031
0.0318
0.0328
0.0338
0.0345
0.0352
0.0363
0.0369
0.0374
0.0384
0.0392
0.0399
0.0407
0.042
0.0432
0.044
0.0445
0.0454
0.0464
0.0476
0.0489
0.0499
0.0509
0.0527
0.0532
0.0543
0.0554
0.0564
0.0574
0.0586
0.06
0.0616
0.0635
0.0651
0.0663
0.0674
0.0686
0.0704
0.0723
0.0737
0.0751
0.0758
0.0773
0.0793
0.0804
0.0817
0.0832
0.0848
0.0867
0.0883
0.0905
0.0926
0.0946
0.0967
0.0989
0.1013
0.1039
0.1065
0.1088
0.1112
0.113
0.115
0.1173
0.1197
0.1204
0.1222
0.1241
0.1257
0.1279
0.1301
0.1325
0.1348
0.1375
0.14
0.143
0.1452
0.1476
0.1499
0.1519
0.1533
0.1556
0.1584
0.1611
0.1634
0.1658
0.1698
0.1721
0.1741
0.1763
0.1788
0.1814
0.1844
0.187
0.1902
0.193
0.1955
0.1988
0.2012
0.2031
0.2058
0.2089
0.2113
0.2138
0.2159
0.218
0.2208
0.224
0.2279
0.2304
0.2329
0.2355
0.2383
0.2414
0.2445
0.2469
0.2493
0.2527
0.2558
0.2597
0.2622
0.2652
0.2687
0.2708
0.2749
0.2784
0.2826
0.2849
0.2887
0.2929
0.2954
0.2995
0.3014
0.3054
0.3082
0.3128
0.3148
0.3174
0.3212
0.3246
0.328
0.3308
0.3351
0.3388
0.343
0.3467
0.3502
0.3532
0.3575
0.3609
0.3644
0.3686
0.3711
0.3748
0.3783
0.3828
0.3864
0.3909
0.395
0.3983
0.4026
0.4061
0.4113
0.4154
0.4193
0.4232
0.4267
0.4298
0.4328
0.4365
0.4408
0.4457
0.4506
0.4538
0.4578
0.4624
0.4667
0.4722
0.4768
0.4798
0.4827
0.4872
0.4914
0.4962
0.5008
0.5036
0.509
0.5123
0.516
0.5189
0.5222
0.526
0.5296
0.5344
0.5384
0.5422
0.5456
0.5493
0.5527
0.5566
0.5604
0.5651
0.5681
0.5718
0.5749
0.5782
0.582
0.586
0.5902
0.5949
0.598
0.6018
0.6058
0.61
0.6139
0.6178
0.6219
0.6255
0.6286
0.6336
0.6378
0.642
0.6454
0.6495
0.6533
0.6562
0.6592
0.6642
0.6679
0.671
0.6747
0.6781
0.682
0.6859
0.6898
0.6934
0.6974
0.7005
0.7049
0.709
0.7126
0.7157
0.7192
0.7223
0.7259
0.7294
0.7329
0.7357
0.7388
0.742
0.7453
0.7486
0.7518
0.7551
0.7587
0.762
0.7653
0.7681
0.7706
0.7727
0.7759
0.7792
0.7825
0.7848
0.7879
0.7907
0.7941
0.7969
0.7992
0.8019
0.8039
0.8065
0.8077
0.8099
0.813
0.8168
0.8199
0.8222
0.8244
0.8266
0.8293
0.8315
0.8334
0.8354
0.8382
0.8412
0.8441
0.8459
0.8479
0.8511
0.8526
0.8557
0.8578
0.859
0.8609
0.8628
0.8646
0.8669
0.8679
0.8699
0.8714
0.8741
0.876
0.878
0.8799
0.8818
0.8848
0.8859
0.8875
0.8896
0.8932
0.8952
0.8973
0.8995
0.9014
0.9029
0.9041
0.9058
0.9076
0.9093
0.9105
0.9126
0.914
0.9154
0.9171
0.9187
0.9204
0.9219
0.9229
0.9244
0.9255
0.9272
0.9285
0.9301
0.9312
0.9326
0.9337
0.9349
0.9358
0.937
0.9383
0.939
0.9394
0.9404
0.9419
0.9432
0.945
0.9461
0.9467
0.9475
0.9484
0.9493
0.9501
0.9513
0.9522
0.9533
0.9542
0.9549
0.9562
0.9575
0.9582
0.9588
0.9599
0.961
0.9619
0.9627
0.9641
0.9646
0.9654
0.9662
0.967
0.9684
0.9689
0.9694
0.9701
0.9709
0.9721
0.973
0.9737
0.9744
0.975
0.9755
0.976
0.9766
0.9771
0.9774
0.978
0.9786
0.9792
0.9794
0.9799
0.9805
0.9809
0.9814
0.9821
0.9826
0.9832
0.9836
0.9838
0.9839
0.9842
0.9847
0.9849
0.9856
0.9858
0.986
0.9861
0.9864
0.9867
0.9868
0.9873
0.9878
0.9881
0.9885
0.9887
0.9891
0.9892
0.9896
0.9898
0.9901
0.9904
0.9907
0.9909
0.9911
0.9915
0.9919
0.9921
0.9924
0.9927
0.9927
0.9928
0.993
0.9933
0.9934
0.9935
0.9937
0.9937
0.9937
0.9938
0.9939
0.9939
0.9942
0.9943
0.9944
0.9946
0.9949
0.9952
0.9953
0.9954
0.9956
0.9956
0.9957
0.9959
0.9959
0.996
0.9962
0.9963
0.9964
0.9966
0.9967
0.9968
0.9969
0.9971
0.9971
0.9971
0.9973
0.9973
0.9974
0.9974
0.9974
0.9974
0.9974
0.9974
0.9974
0.9974
0.9975
0.9977
0.9977
0.9978
0.998
0.998
0.998
0.998
0.998
0.998
0.998
0.998
0.9981
0.9982
0.9983
0.9984
0.9985
0.9985
0.9986
0.9986
0.9986
0.9987
0.9987
0.9987
0.9987
0.9989
0.9989
0.9989
0.9989
0.9989
0.9989
0.9989
0.999
0.999
0.999
0.999
0.9991
0.9991
0.9991
0.9991
0.9993
0.9993
0.9994
0.9994
0.9994
0.9994
0.9994
0.9994
0.9994
0.9994
0.9994
0.9994
0.9994
0.9995
0.9995
0.9995
0.9995
0.9995
0.9995
0.9996
0.9996
0.9996
0.9996
0.9996
0.9998
0.9998
0.9998
0.9998
0.9998
0.9998
0.9998
0.9998
0.9998
0.9998
0.9998
0.9998
0.9998
0.9998
0.9998
0.9998
0.9998
0.9998
0.9998
0.9998
0.9998
0.9998
0.9998
0.9998
0.9998
0.9998
0.9998
0.9998
0.9998
0.9999
1
1
1
1
1
1
1
1
1
1
1
1
1
1
1
1
1
