0
0
0
0
0
0
0
0
0
0
0
0
0
0
0
0
0
0
0
0
0
0
0
0
0
0
0
0
0
0
0
0
0
0
0
0
0
0
0
0
0
0
0
0
0
0
0
0
0
0
0
0
0
0
0
0
0
0
0
0
0
0
0
0
0
0
0
0
0
0
0
0
0
0
0
0
0
0
0
0
0
0
0
0
0
0
0
0
0
0
0
0
0
0
0
0
0
0
0
0
0
0
0
0
0
0
0
0
0
0
0
0
0
0
0
0
0
0
0
0
0
0
0
0
0
0
0
0
0
0
0
0
0
0
0
0
0
0
0
0
0
0
0
0
0
0
0
0
0
0
0
0
0
0
0
0
0
0
0
0
0
0
0
0
0.0001
0.0001
0.0001
0.0001
0.0001
0.0001
0.0001
0.0001
0.0001
0.0001
0.0001
0.0001
0.0001
0.0001
0.0001
0.0001
0.0001
0.0001
0.0001
0.0001
0.0001
0.0001
0.0001
0.0001
0.0001
0.0001
0.0001
0.0001
0.0001
0.0001
0.0001
0.0001
0.0001
0.0001
0.0001
0.0001
0.0001
0.0001
0.0001
0.0001
0.0001
0.0001
0.0001
0.0001
0.0001
0.0001
0.0001
0.0001
0.0001
0.0001
0.0001
0.0001
0.0001
0.0001
0.0001
0.0001
0.0001
0.0001
0.0001
0.0001
0.0001
0.0001
0.0001
0.0001
0.0001
0.0001
0.0001
0.0001
0.0001
0.0001
0.0001
0.0001
0.0001
0.0001
0.0001
0.0001
0.0001
0.0001
0.0001
0.0001
0.0001
0.0001
0.0001
0.0001
0.0001
0.0001
0.0001
0.0003
0.0003
0.0003
0.0003
0.0003
0.0004
0.0004
0.0004
0.0004
0.0004
0.0004
0.0004
0.0004
0.0005
0.0006
0.0006
0.0006
0.0006
0.0006
0.0007
0.0007
0.0007
0.0007
0.0007
0.0007
0.0007
0.0007
0.0007
0.0008
0.0009
0.0009
0.0009
0.0009
0.0009
0.0009
0.0009
0.0009
0.0009
0.0009
0.001
0.001
0.001
0.001
0.0011
0.0011
0.0011
0.0011
0.0011
0.0012
0.0012
0.0012
0.0013
0.0013
0.0013
0.0014
0.0018
0.0018
0.0021
0.0021
0.0023
0.0023
0.0023
0.0023
0.0023
0.0024
0.0024
0.0024
0.0025
0.0026
0.0027
0.0027
0.0028
0.0028
0.0029
0.0031
0.0032
0.0034
0.0034
0.0035
0.0035
0.0038
0.004
0.004
0.0042
0.0044
0.0046
0.0047
0.0047
0.0047
0.0048
0.0048
0.0049
0.0051
0.0052
0.0053
0.0054
0.0054
0.0055
0.0057
0.006
0.0064
0.0068
0.0071
0.0074
0.0076
0.0082
0.0084
0.0085
0.0089
0.0091
0.0092
0.0095
0.0097
0.0101
0.0106
0.0108
0.0111
0.0113
0.0117
0.012
0.0124
0.0125
0.0131
0.0133
0.0134
0.0135
0.0138
0.0145
0.0148
0.0152
0.0154
0.0155
0.0162
0.0164
0.0167
0.017
0.0172
0.0175
0.0179
0.0183
0.019
0.0193
0.0194
0.0197
0.02
0.0208
0.0212
0.0217
0.0223
0.023
0.0237
0.0246
0.0253
0.026
0.0263
0.027
0.0278
0.0286
0.0295
0.0305
0.031
0.0313
0.0317
0.0326
0.0334
0.0341
0.0346
0.0353
0.036
0.0369
0.038
0.0387
0.0393
0.0401
0.0406
0.0415
0.0421
0.0429
0.0437
0.0447
0.0458
0.0464
0.0472
0.048
0.049
0.0502
0.0513
0.0523
0.0535
0.0545
0.0559
0.0572
0.0581
0.0598
0.0614
0.0622
0.0634
0.0652
0.0661
0.0675
0.0684
0.0694
0.0708
0.0717
0.0728
0.074
0.0749
0.0764
0.0779
0.0791
0.0799
0.0818
0.0832
0.0848
0.0865
0.0872
0.0888
0.0907
0.0928
0.0943
0.0956
0.0972
0.0984
0.1001
0.1016
0.1032
0.1046
0.1067
0.1086
0.1107
0.1123
0.1144
0.1164
0.1186
0.1204
0.1226
0.1251
0.127
0.1292
0.1312
0.1338
0.1362
0.1384
0.1404
0.1424
0.1456
0.1479
0.1506
0.1526
0.1548
0.1579
0.1605
0.1621
0.1642
0.167
0.1691
0.172
0.1746
0.1777
0.1799
0.1823
0.1851
0.1878
0.1909
0.1943
0.1962
0.1994
0.2022
0.206
0.2095
0.2113
0.2131
0.216
0.2188
0.2214
0.2256
0.2288
0.2319
0.2341
0.2368
0.2395
0.2424
0.247
0.2496
0.2531
0.2556
0.2591
0.2626
0.2665
0.2698
0.2729
0.2758
0.2794
0.2822
0.2856
0.2889
0.2916
0.295
0.2987
0.3022
0.3058
0.3092
0.3134
0.317
0.3205
0.3239
0.3278
0.3312
0.3338
0.3377
0.3413
0.3446
0.3488
0.3521
0.3551
0.3585
0.3628
0.3666
0.3693
0.3738
0.3771
0.3817
0.385
0.3896
0.3942
0.3982
0.402
0.406
0.4093
0.4134
0.4169
0.4213
0.4247
0.4305
0.4342
0.4383
0.4418
0.4464
0.4502
0.4542
0.4582
0.4621
0.4661
0.47
0.4744
0.4788
0.4828
0.4867
0.4904
0.4944
0.4978
0.5022
0.5059
0.5099
0.5127
0.5167
0.5213
0.5263
0.5301
0.5329
0.5372
0.5408
0.5446
0.5494
0.5528
0.5575
0.5609
0.5647
0.5688
0.5722
0.5748
0.5789
0.5816
0.587
0.592
0.5953
0.5988
0.6019
0.6052
0.6094
0.6133
0.6178
0.6217
0.6255
0.6305
0.6344
0.6383
0.6419
0.6456
0.6492
0.6527
0.6565
0.6602
0.6639
0.6675
0.6713
0.6759
0.6797
0.684
0.687
0.691
0.6942
0.6977
0.7001
0.7036
0.7072
0.7101
0.7132
0.717
0.721
0.7247
0.728
0.7318
0.7347
0.738
0.7404
0.7438
0.7474
0.7505
0.7541
0.7583
0.7612
0.7645
0.768
0.7702
0.7736
0.7759
0.7791
0.7819
0.7853
0.7872
0.7903
0.7935
0.7964
0.799
0.8028
0.805
0.8076
0.81
0.8118
0.8145
0.8173
0.8198
0.8226
0.8256
0.828
0.8312
0.8351
0.8377
0.8401
0.8422
0.8443
0.8471
0.8497
0.8526
0.8551
0.8579
0.8608
0.8624
0.8649
0.8666
0.8688
0.8704
0.8727
0.8749
0.8772
0.879
0.8816
0.8832
0.8849
0.8866
0.889
0.8903
0.8914
0.8932
0.8949
0.8967
0.8985
0.9
0.9017
0.9035
0.9052
0.9063
0.9087
0.911
0.912
0.9139
0.9154
0.9174
0.9191
0.9207
0.9221
0.9225
0.9242
0.9263
0.9277
0.929
0.9302
0.9311
0.9329
0.934
0.9347
0.9361
0.9379
0.9397
0.9409
0.9421
0.9432
0.9437
0.9445
0.9459
0.9474
0.9486
0.9496
0.9502
0.9513
0.9523
0.9531
0.9542
0.9555
0.956
0.9567
0.9573
0.9582
0.959
0.9598
0.9602
0.9615
0.9624
0.9635
0.9642
0.9649
0.9658
0.9667
0.9677
0.9688
0.9695
0.9699
0.9709
0.9718
0.9724
0.9735
0.9741
0.9744
0.975
0.9759
0.9763
0.977
0.9777
0.9783
0.9786
0.9788
0.9793
0.9801
0.9802
0.9808
0.9813
0.9816
0.9821
0.9822
0.9828
0.9835
0.9837
0.9847
0.9852
0.9854
0.9859
0.9863
0.9864
0.9869
0.9872
0.9877
0.988
0.9883
0.9884
0.9886
0.9889
0.9894
0.9899
0.99
0.9904
0.9908
0.991
0.9913
0.9915
0.992
0.9922
0.9926
0.9929
0.993
0.993
0.9933
0.9935
0.9936
0.9937
0.9939
0.9942
0.9943
0.9944
0.9945
0.9947
0.9949
0.9951
0.9954
0.9956
0.9959
0.9961
0.9961
0.9961
0.9963
0.9963
0.9963
0.9966
0.9967
0.9968
0.9973
0.9974
0.9975
0.9975
0.9976
0.9978
0.9978
0.9978
0.9978
0.9978
0.9978
0.9978
0.9978
0.9978
0.9978
0.998
0.998
0.998
0.9981
0.9981
0.9981
0.9981
0.9981
0.9981
0.9982
0.9982
0.9984
0.9985
0.9985
0.9986
0.9987
0.9987
0.9987
0.9987
0.9987
0.9987
0.9987
0.9987
0.9987
0.9987
0.9988
0.9989
0.9989
0.9991
0.9991
0.9991
0.9992
0.9992
0.9992
0.9992
0.9992
0.9992
0.9993
0.9993
0.9993
0.9993
0.9994
0.9994
0.9994
0.9994
0.9994
0.9994
0.9994
0.9994
0.9994
0.9994
0.9994
0.9994
0.9995
0.9995
0.9995
0.9995
0.9995
0.9995
0.9995
0.9995
0.9995
0.9995
0.9995
0.9995
0.9995
0.9995
0.9995
0.9995
0.9995
0.9995
0.9995
0.9995
0.9996
0.9996
0.9996
0.9996
0.9996
0.9996
0.9996
0.9996
0.9996
0.9996
0.9996
0.9996
0.9996
0.9997
0.9997
0.9997
0.9997
0.9997
0.9997
0.9997
0.9997
0.9997
0.9997
0.9997
0.9997
0.9997
0.9997
0.9997
0.9997
0.9997
0.9997
0.9997
0.9997
0.9997
0.9997
0.9997
0.9997
0.9997
0.9997
0.9997
0.9997
0.9997
0.9997
0.9997
0.9997
0.9998
