326
572
580
618
473
459
754
676
749
645
520
685
636
776
695
570
711
789
555
632
443
594
483
483
609
643
654
545
719
596
700
499
508
623
599
647
515
729
590
520
727
485
461
718
770
583
372
792
692
738
616
638
609
423
623
508
726
596
511
309
505
583
656
626
537
527
381
606
549
537
764
611
595
637
515
461
668
827
641
662
586
637
712
663
368
671
496
666
683
813
690
466
523
653
563
589
565
646
535
683
599
655
511
595
582
706
732
668
647
636
464
619
642
395
458
558
634
559
744
666
476
641
556
525
547
501
483
828
643
581
643
650
499
491
546
592
835
599
603
562
567
411
406
716
582
585
730
712
561
448
588
624
624
756
715
601
546
574
631
498
695
763
506
398
530
662
432
595
607
578
577
507
458
727
467
363
434
808
659
660
575
606
687
497
662
355
619
585
443
643
535
628
598
833
525
505
621
474
694
671
656
438
517
524
529
580
673
380
626
575
690
634
657
541
585
650
648
528
579
595
489
444
739
581
584
399
593
697
614
579
566
649
457
479
719
522
582
545
520
685
675
799
617
571
769
681
568
768
748
670
742
510
726
547
579
675
591
628
826
610
553
469
808
602
611
519
756
490
600
789
653
698
680
493
601
655
517
633
690
496
607
598
627
637
544
629
1004
631
594
645
526
602
477
474
699
619
709
636
561
661
508
719
600
660
657
632
562
712
500
722
786
618
694
583
648
696
595
509
686
764
661
582
724
598
576
720
559
532
608
565
390
603
355
613
688
615
703
653
566
688
732
520
805
579
546
473
537
644
533
440
699
632
658
530
398
589
638
655
630
550
615
685
540
797
629
548
449
604
646
487
659
470
574
649
576
503
686
575
714
710
318
586
743
471
612
584
659
739
697
739
496
803
608
586
703
850
395
588
438
514
467
680
740
604
600
593
619
679
732
653
527
583
681
651
740
585
556
702
565
765
599
537
629
493
801
568
691
825
599
717
622
682
571
738
555
664
511
560
607
726
425
612
540
607
559
692
467
603
725
492
752
605
500
554
717
668
797
650
785
645
604
490
643
761
596
515
701
799
615
514
710
608
619
662
797
597
620
467
474
492
488
664
550
469
638
565
664
488
721
569
538
585
587
730
621
621
622
610
661
576
633
567
509
437
726
479
551
487
754
547
385
575
508
574
635
547
525
567
441
660
634
654
671
593
523
612
560
546
572
507
791
645
400
642
522
473
449
489
672
661
651
702
714
828
623
637
645
652
600
583
755
523
507
531
627
516
739
595
586
628
639
810
670
792
908
680
573
602
536
675
488
536
795
644
594
648
685
586
521
525
781
613
694
663
626
583
678
734
466
720
562
658
616
575
743
870
616
560
490
414
633
470
607
685
719
525
550
673
643
661
535
585
500
506
584
592
458
737
727
616
707
455
646
659
494
632
708
530
511
583
869
599
568
806
699
577
541
412
713
421
534
479
747
618
646
623
562
496
591
564
540
560
602
650
659
440
564
524
443
514
551
691
651
562
638
507
616
571
597
819
577
710
624
607
612
651
510
615
673
377
522
595
703
592
545
566
651
570
488
618
443
565
551
556
574
669
552
526
665
499
621
761
622
481
735
462
615
545
654
516
728
584
667
482
608
539
566
738
736
536
621
671
575
508
660
718
469
605
615
464
585
715
514
562
438
562
709
820
853
665
492
578
512
833
497
634
413
736
741
650
504
771
581
494
678
705
495
712
533
753
616
364
488
560
577
537
380
438
677
535
734
541
652
710
624
865
647
745
682
543
702
631
593
767
416
693
769
624
594
610
530
667
590
691
537
852
512
536
413
628
590
703
715
658
643
463
525
512
479
568
664
489
560
695
525
656
463
655
449
580
615
660
699
574
681
496
540
630
616
681
560
586
587
473
495
422
735
622
605
630
618
646
457
550
687
586
544
443
704
547
559
590
565
724
644
656
469
592
764
459
611
603
755
646
674
510
549
460
609
608
361
708
581
773
481
430
448
571
697
350
572
563
540
828
570
709
555
615
598
567
722
730
557
631
693
642
536
512
668
505
559
637
732
547
601
567
762
644
601
682
495
667
670
588
598
646
633
531
663
504
633
748
659
424
477
628
709
459
506
544
473
657
691
777
692
554
526
682
710
589
554
649
675
667
484
574
748
592
540
472
563
643
614
629
480
716
564
603
570
563
519
628
553
551
682
550
749
645
687
525
721
589
594
588
587
537
701
566
456
638
581
596
652
548
511
662
548
696
624
682
569
769
602
640
357
670
743
526
505
463
566
459
642
524
731
796
538
617
601
547
619
677
559
762
649
662
666
646
668
427
647
588
744
734
654
523
694
647
323
566
597
673
624
677
636
480
532
654
713
567
630
542
610
484
579
627
517
532
680
604
647
676
625
393
527
704
775
548
447
667
656
567
483
569
702
624
583
659
544
706
592
557
571
632
701
585
684
681
657
720
485
624
609
749
552
529
702
553
643
660
466
561
559
510
593
588
488
548
507
615
532
677
575
481
681
571
623
374
500
573
821
831
481
467
582
406
731
795
369
673
489
721
610
545
624
599
452
678
538
442
529
355
540
631
334
403
543
806
627
583
713
525
626
657
568
655
553
482
849
537
594
669
669
524
679
677
779
679
657
745
818
511
572
713
373
563
525
747
726
692
597
576
578
716
659
610
557
571
620
654
566
571
587
391
686
584
734
629
689
586
559
573
523
661
643
535
584
696
773
519
479
656
462
607
589
514
706
821
590
565
698
729
448
634
437
544
469
569
634
531
749
538
637
864
539
597
555
628
640
696
547
769
584
593
791
676
400
597
598
526
574
496
552
583
537
672
778
722
586
594
676
516
721
536
581
636
528
552
621
702
616
620
510
614
578
579
794
580
531
619
484
587
568
709
679
642
556
682
711
733
629
721
720
550
470
544
596
703
438
580
401
618
567
589
524
637
538
566
478
563
445
498
542
506
534
746
563
508
354
532
552
599
643
508
444
658
684
621
730
724
573
540
723
433
725
733
536
483
553
686
546
486
579
704
577
603
690
521
600
610
592
590
494
681
541
455
490
628
568
457
522
575
802
595
576
576
676
644
481
443
753
696
459
665
564
433
613
483
426
641
697
672
461
668
649
478
673
638
557
631
490
522
684
518
467
708
642
484
517
691
433
765
508
525
399
498
665
595
681
632
571
790
521
587
582
730
670
582
819
736
751
590
593
486
532
613
606
568
534
705
628
681
556
564
549
658
703
571
480
586
668
695
754
483
572
607
750
687
562
514
500
791
601
455
738
826
599
682
694
405
687
417
570
716
793
644
687
398
554
734
632
552
626
574
539
702
635
468
721
642
617
610
631
620
697
598
497
717
725
646
689
504
737
701
557
740
650
657
769
587
549
608
492
701
639
571
536
633
506
680
782
554
501
692
611
628
534
524
661
681
682
641
552
608
678
793
613
655
453
494
827
612
654
538
516
591
581
545
646
673
739
757
575
727
722
420
619
661
719
774
590
669
475
660
636
687
528
429
607
418
486
558
619
553
543
545
572
480
506
480
622
353
518
644
496
670
536
485
740
495
563
628
590
694
551
632
662
468
610
762
626
632
685
466
618
525
483
660
562
660
712
528
472
545
838
553
621
665
546
649
669
531
566
747
574
523
590
485
595
634
503
511
614
603
574
635
630
666
639
567
412
613
429
571
691
550
593
782
659
767
623
641
643
525
654
644
572
526
498
583
803
754
552
434
420
552
583
841
468
401
546
491
697
774
639
677
596
664
509
526
688
543
670
556
587
539
255
627
532
695
662
516
640
606
566
643
556
606
617
597
500
669
607
653
563
636
591
444
625
709
623
552
769
574
455
611
580
664
622
789
606
497
756
655
721
721
703
610
695
660
631
768
545
542
577
826
601
485
567
854
635
549
568
556
395
504
645
507
630
620
556
659
595
505
640
735
436
538
817
639
536
763
584
584
440
418
451
433
443
608
605
559
670
573
625
685
573
545
677
487
497
811
510
548
590
519
527
600
460
667
631
634
693
652
589
670
721
507
679
708
598
610
437
404
722
757
730
618
666
699
658
657
859
402
490
727
568
567
707
615
562
409
673
498
702
361
454
655
493
781
678
597
538
588
599
586
387
478
702
435
753
686
513
539
580
658
647
765
534
653
654
489
644
648
459
644
768
536
730
803
755
702
582
577
753
548
686
495
523
389
615
624
611
656
601
520
628
590
627
402
621
631
492
767
599
471
608
497
599
569
636
711
504
650
616
772
578
595
554
756
618
845
435
752
527
605
425
493
736
542
454
512
572
714
540
531
608
597
697
579
672
501
526
754
390
749
553
518
662
511
666
552
595
494
766
805
733
455
615
532
663
541
658
544
740
651
798
513
469
670
576
453
530
743
444
692
633
741
509
562
754
813
429
482
495
703
467
674
446
614
534
594
683
640
656
552
607
642
693
625
741
565
532
580
632
543
778
466
548
485
635
518
503
527
534
722
482
461
564
733
551
366
556
701
518
592
578
625
305
661
739
645
508
654
674
609
543
484
546
606
629
768
739
638
575
780
643
527
536
788
658
588
535
562
419
757
540
462
702
600
709
457
666
602
395
710
617
744
507
611
610
697
640
579
583
647
435
699
476
686
623
653
744
438
650
577
459
587
512
518
698
694
577
608
736
584
617
489
573
664
669
574
605
671
537
540
660
554
476
521
502
618
460
305
482
598
705
723
632
557
588
595
774
557
629
837
637
441
672
573
614
504
704
514
567
555
734
512
706
559
514
633
651
642
733
791
635
569
559
616
509
605
525
452
580
574
713
706
616
580
456
550
636
604
846
436
669
511
509
647
446
566
752
583
779
690
573
727
612
515
515
589
558
568
612
623
532
677
533
646
553
615
326
682
583
547
807
489
611
676
574
571
550
464
576
530
720
401
663
587
617
676
707
595
523
624
779
602
592
662
424
639
532
547
588
765
704
468
667
520
721
502
573
592
643
730
614
719
526
542
634
665
522
641
623
506
573
685
630
668
673
601
605
680
519
667
763
517
683
578
527
687
505
711
626
564
671
467
573
457
687
683
505
753
717
597
622
491
535
737
762
503
520
690
686
628
730
409
621
656
683
507
615
563
779
623
731
587
453
572
607
419
487
542
505
674
548
523
415
595
604
759
594
685
624
481
673
654
547
696
641
500
529
624
576
576
713
584
516
585
650
615
519
603
519
377
667
673
535
654
499
566
657
805
518
647
685
767
545
607
784
756
518
529
791
606
592
655
351
478
738
628
838
712
694
495
638
601
647
447
672
588
556
735
517
514
741
698
596
685
505
697
562
601
431
574
782
612
583
653
409
545
632
678
648
643
623
611
621
697
635
761
678
481
578
889
744
706
540
698
442
1023
691
623
402
478
622
493
670
631
705
648
616
710
420
650
463
604
440
646
610
485
465
805
623
571
523
474
685
569
624
675
760
377
473
637
554
398
389
595
599
495
619
741
859
555
619
906
549
609
495
624
853
592
653
658
725
631
550
648
498
591
491
685
577
630
581
418
599
650
618
635
462
477
538
880
551
650
559
702
584
522
583
629
606
444
468
629
618
730
497
784
596
653
642
643
676
603
660
565
504
658
497
669
598
542
583
575
549
714
574
433
528
673
593
503
553
663
639
556
489
636
569
729
655
690
619
667
415
519
678
478
626
567
853
446
421
436
508
510
511
575
465
419
477
677
618
595
625
677
599
521
490
590
555
476
570
645
638
539
571
437
556
640
677
679
554
561
704
568
605
612
732
596
524
701
592
541
669
597
585
648
609
661
580
588
382
634
666
331
462
817
604
677
702
445
508
661
657
511
671
585
526
745
519
672
813
483
562
508
623
692
557
682
510
612
640
514
736
655
576
649
535
622
665
561
600
648
408
485
463
777
750
520
512
571
535
481
623
666
499
761
293
664
471
739
576
633
559
499
473
730
648
510
473
666
610
513
586
569
554
673
517
681
533
532
633
831
592
617
583
525
573
599
505
453
471
578
631
695
585
780
565
441
696
706
669
552
589
727
657
642
724
498
614
692
539
600
598
701
492
756
650
631
710
631
560
610
679
594
604
696
646
606
693
733
816
613
660
711
747
503
656
638
710
601
414
580
537
600
456
475
565
603
517
756
675
701
461
634
652
561
506
816
625
729
468
557
543
537
652
529
554
627
563
536
620
607
611
507
548
640
728
604
447
545
639
494
677
787
517
562
706
579
566
725
583
469
727
646
530
638
609
755
431
587
664
783
516
607
656
495
597
678
480
664
437
711
658
664
422
623
579
640
447
345
463
406
515
741
532
540
625
594
403
717
675
624
606
574
505
435
831
577
791
561
645
549
417
508
691
613
440
680
407
682
648
544
594
921
583
350
554
486
554
546
574
733
599
807
469
606
709
672
599
638
499
506
693
574
492
677
659
621
495
573
577
617
549
553
564
721
624
428
668
506
692
376
562
690
677
610
675
581
567
535
646
702
494
717
734
707
600
610
621
562
436
646
589
704
531
684
570
592
564
657
372
457
645
570
618
684
510
434
491
645
417
714
522
383
580
744
655
509
421
530
613
639
500
535
588
616
624
670
644
760
696
637
582
564
546
471
580
717
708
504
685
654
510
744
598
640
586
550
567
620
596
457
414
745
479
696
792
646
679
667
551
642
615
568
447
618
565
615
576
656
446
577
645
524
739
581
597
550
621
729
542
711
630
626
534
731
606
602
450
499
601
632
324
608
693
659
749
675
609
604
488
721
556
482
645
679
354
645
443
441
778
661
530
589
723
433
544
429
534
673
757
586
443
575
580
566
620
610
450
592
702
562
611
424
580
713
741
653
769
757
527
594
541
530
565
665
603
460
572
351
595
525
482
651
724
373
543
729
462
623
491
814
647
474
559
650
686
851
512
752
370
495
575
707
585
534
565
477
490
436
671
585
461
512
559
552
632
558
671
595
689
721
688
573
618
622
557
586
788
634
550
624
572
783
433
614
539
588
640
688
599
718
659
463
555
609
465
494
709
726
659
533
587
788
527
746
540
492
709
616
696
650
493
539
541
366
581
622
623
652
468
610
690
363
580
602
449
586
539
756
495
612
555
798
738
507
573
601
575
630
749
575
581
693
600
590
648
513
700
588
715
695
607
518
844
629
634
527
559
667
623
799
698
660
569
641
423
558
684
699
611
462
504
554
298
628
577
666
658
664
598
596
614
779
389
622
565
623
495
597
529
678
667
712
791
573
355
709
615
605
469
895
499
703
539
608
696
504
734
609
647
601
712
542
573
651
649
744
757
430
519
459
675
487
518
652
671
550
855
429
553
549
589
497
427
709
495
484
717
528
569
659
547
519
588
613
446
668
570
725
535
455
624
667
911
473
698
482
440
573
697
454
556
734
555
511
614
650
607
668
573
645
761
781
564
615
575
594
798
364
697
469
603
575
667
636
583
689
584
832
691
790
545
659
733
634
549
454
687
683
635
524
660
390
608
614
605
598
643
609
572
635
528
660
588
544
597
607
599
707
502
591
538
645
468
677
677
750
663
771
557
689
560
643
526
603
705
521
538
520
786
305
307
688
535
753
633
520
714
709
568
754
783
561
517
621
624
716
453
693
394
684
607
461
646
485
420
499
693
618
749
631
475
787
609
788
798
634
652
563
685
451
685
619
601
673
690
397
634
514
559
534
620
610
706
468
615
679
708
387
627
519
621
666
606
526
551
597
403
720
659
667
641
722
470
591
695
589
637
638
639
483
566
663
479
615
447
561
572
472
509
736
638
627
498
651
347
625
479
728
613
486
605
619
579
699
405
611
461
632
682
715
606
594
590
685
504
700
627
510
773
402
731
643
624
703
506
466
484
966
593
602
537
738
538
759
717
523
707
557
450
740
538
639
699
414
674
754
348
648
574
440
514
644
583
594
627
548
553
578
649
686
678
617
728
670
450
558
715
576
674
559
544
636
670
396
649
604
518
609
587
577
723
629
594
694
696
642
541
593
512
718
430
614
410
675
726
442
543
595
682
580
450
720
617
536
741
640
677
794
717
649
648
495
599
785
470
562
517
655
581
578
575
598
458
532
587
562
625
482
657
749
699
665
553
611
685
730
618
783
474
530
660
613
409
616
452
745
532
551
400
528
612
584
633
466
708
509
516
499
554
711
484
506
498
522
606
509
541
628
626
760
555
570
569
587
598
605
682
671
684
647
672
496
317
811
642
472
572
663
465
646
486
514
712
563
594
753
917
798
583
457
557
613
559
783
728
637
614
699
722
757
562
699
586
724
707
499
474
566
714
749
451
515
455
607
549
621
501
587
697
673
745
533
603
407
715
575
753
451
401
593
605
526
747
800
715
672
606
754
518
368
581
586
704
503
633
622
652
576
519
754
736
502
721
540
562
754
514
704
574
516
612
511
515
401
554
622
633
553
549
706
575
852
833
458
655
559
683
675
710
611
489
701
497
582
449
654
587
669
647
784
593
580
782
740
502
716
603
713
496
696
561
648
587
637
661
611
712
517
527
580
486
571
632
634
468
349
512
671
606
592
596
435
554
732
664
635
395
458
515
522
663
382
510
544
670
487
599
605
586
490
662
774
725
488
515
639
683
500
580
824
606
508
655
661
379
527
718
530
717
400
539
617
623
623
664
544
397
359
678
583
482
401
630
544
661
613
503
795
611
571
503
652
721
632
697
560
665
382
427
741
604
612
702
703
471
740
846
716
636
558
490
705
603
470
425
577
628
559
521
452
488
569
583
665
798
578
556
513
645
537
714
638
561
753
551
806
572
397
663
617
532
530
705
350
491
675
598
566
637
447
399
623
637
458
562
522
735
483
351
511
441
577
615
638
314
445
755
705
659
621
550
405
657
698
605
775
531
605
587
597
517
734
697
694
633
754
635
681
657
596
839
548
508
728
694
595
531
629
862
719
726
583
645
581
447
531
544
531
599
580
628
799
492
477
538
522
637
745
513
461
683
677
754
634
595
589
582
592
610
427
810
577
650
636
508
510
731
646
592
557
501
467
407
681
488
573
675
721
761
718
632
641
642
866
551
662
532
812
714
605
598
609
458
393
632
557
673
607
698
496
681
760
605
579
519
576
634
575
655
772
569
672
615
514
602
748
635
667
452
737
390
739
598
734
565
425
529
482
466
681
705
683
632
553
411
718
789
779
631
630
613
671
554
444
591
519
594
439
524
744
506
447
481
368
545
579
664
526
578
680
597
491
582
779
555
647
586
562
583
641
473
518
667
646
548
731
773
647
695
645
654
707
497
684
737
443
624
640
519
605
687
518
606
691
602
581
569
819
475
557
579
534
612
673
671
806
553
692
692
703
391
761
546
648
704
584
492
536
551
410
506
822
752
534
416
471
654
549
523
585
630
670
461
579
649
532
533
571
590
415
700
498
718
544
625
516
646
432
624
707
598
444
525
651
810
497
577
595
465
629
635
441
522
723
634
700
623
774
652
616
627
619
491
430
665
549
716
543
464
597
694
623
553
690
720
490
477
678
708
692
645
662
672
443
452
435
695
655
789
594
694
499
694
680
789
746
440
685
477
665
582
567
698
560
342
534
602
530
377
678
539
646
648
537
535
704
638
771
731
664
590
650
537
687
594
620
616
627
481
535
650
653
734
583
550
430
549
698
742
634
631
693
623
593
576
685
605
695
485
542
566
601
558
587
703
505
574
713
581
694
493
446
486
590
653
574
626
534
697
672
600
517
718
680
449
390
791
618
591
646
537
735
679
571
583
730
540
488
548
672
533
711
516
718
673
499
492
637
744
639
670
599
552
706
609
653
613
697
770
513
548
550
535
563
512
547
562
485
382
447
560
622
559
598
525
489
743
579
479
481
646
595
649
611
514
719
425
565
495
540
590
697
504
335
587
641
705
657
740
402
615
933
546
605
778
696
786
609
442
488
527
700
571
548
552
721
649
714
577
667
632
709
513
560
700
531
541
527
602
583
656
559
751
674
538
615
492
614
583
628
516
536
596
699
582
618
759
687
521
524
588
675
640
645
642
334
697
504
700
514
625
690
512
339
624
734
666
568
414
674
688
552
675
744
494
620
688
660
615
604
593
639
642
613
372
714
513
434
344
629
666
611
595
652
584
729
525
604
524
568
633
537
737
514
760
580
649
504
677
405
724
752
576
622
892
620
670
622
566
798
681
817
518
739
670
543
578
740
513
702
514
589
501
648
564
560
659
523
646
596
587
561
571
642
507
594
481
607
483
353
583
472
625
570
556
550
654
528
502
583
717
568
679
753
795
556
547
603
662
665
666
723
382
454
563
495
709
601
586
632
621
669
650
762
751
531
463
419
634
636
552
540
617
610
544
668
501
716
653
716
819
594
587
458
428
713
319
688
581
452
508
614
641
693
570
454
634
554
560
531
695
570
569
475
704
406
622
565
635
527
591
552
542
668
583
575
684
586
669
532
614
744
602
428
570
661
740
685
566
651
759
538
728
473
576
596
559
626
715
666
569
463
505
603
575
526
449
594
743
592
678
601
582
623
514
572
582
678
539
570
597
592
570
557
631
702
654
666
658
650
697
382
605
624
624
580
657
429
562
662
581
512
627
483
698
509
640
599
569
595
633
681
776
534
536
477
448
637
629
445
536
676
671
620
587
698
582
692
527
654
444
622
738
677
574
655
708
574
583
744
567
548
550
463
673
573
735
688
475
667
579
628
477
651
416
582
752
651
719
472
738
579
711
814
637
461
695
641
639
627
491
545
511
630
632
510
706
572
464
790
414
518
495
651
736
733
594
675
525
688
699
558
726
704
321
783
705
459
623
575
481
629
639
777
730
521
627
696
526
539
508
672
643
567
476
709
530
633
760
652
492
637
720
370
619
356
607
557
574
562
694
642
485
693
734
780
439
697
539
569
447
908
545
703
586
658
594
610
630
746
769
606
741
703
531
508
674
649
624
559
655
579
631
636
565
484
542
462
710
335
667
775
583
582
493
398
583
496
548
555
619
603
731
401
607
795
547
724
610
519
489
741
647
355
697
620
437
731
596
417
466
568
719
750
883
364
588
656
681
575
598
478
375
563
522
806
629
685
653
578
497
623
608
619
681
777
761
645
554
554
643
670
648
601
614
576
478
811
729
638
690
538
661
627
629
467
427
648
689
417
492
635
528
468
655
634
543
766
672
365
464
604
523
584
631
645
612
554
542
705
530
552
569
574
690
660
532
640
651
574
523
593
585
653
518
456
573
407
549
650
603
657
658
668
632
506
662
536
783
662
643
673
703
629
250
551
654
665
537
574
606
821
358
542
640
752
641
547
747
630
491
624
595
538
745
648
408
692
571
576
610
519
603
591
553
642
547
644
574
577
634
447
547
376
746
579
703
665
529
693
634
583
639
700
747
516
676
490
720
762
399
658
621
425
615
634
656
560
524
535
588
534
435
610
598
405
654
564
584
643
518
661
622
409
675
671
538
734
573
569
432
582
707
657
605
279
521
748
613
662
610
633
563
536
607
642
541
654
651
484
628
498
647
429
593
556
727
585
594
745
609
724
725
733
739
538
762
558
617
689
735
820
596
575
561
428
588
582
618
626
532
730
552
680
525
597
595
630
651
767
608
530
563
418
602
583
471
759
716
478
652
552
593
513
513
733
535
662
556
510
485
473
783
570
531
608
493
388
545
685
682
474
740
561
724
505
698
673
667
501
758
613
532
637
539
685
569
534
505
532
494
382
369
797
556
645
483
726
542
558
581
475
401
708
630
606
579
583
627
581
648
457
696
578
542
732
598
517
506
430
445
738
417
570
541
361
584
611
550
569
716
613
796
625
746
777
720
603
688
595
595
567
780
663
548
554
597
634
559
635
526
432
604
765
700
634
542
579
555
736
501
547
603
434
894
575
572
685
543
593
596
657
534
624
504
515
662
503
674
521
737
632
524
635
438
657
490
700
707
631
657
622
565
443
596
734
703
646
429
595
504
685
716
634
601
713
526
664
593
669
435
749
540
583
637
632
679
452
850
514
554
511
552
685
593
556
610
597
671
503
561
559
587
502
571
575
724
645
705
575
560
341
619
639
635
605
707
692
656
569
565
538
606
730
546
697
725
570
687
576
803
708
507
683
711
541
403
660
773
693
534
684
671
617
718
682
449
527
590
395
601
589
502
503
498
621
601
715
559
608
555
457
753
571
698
728
552
369
607
676
591
737
518
722
642
542
585
608
795
532
547
564
689
476
461
513
486
702
702
516
618
676
736
631
606
488
688
584
557
594
563
625
468
594
668
408
619
471
482
472
497
763
517
719
654
738
447
618
607
692
647
778
585
641
785
611
477
507
497
805
514
636
693
564
703
739
769
624
589
575
953
529
668
509
542
464
602
561
621
587
603
603
760
562
835
579
623
727
682
746
618
523
670
579
734
478
379
400
581
835
569
715
624
672
569
496
440
683
560
552
524
627
782
639
550
619
528
508
702
558
606
652
551
671
555
555
643
554
611
598
534
829
813
489
574
565
608
539
531
736
596
725
573
330
396
567
701
814
582
609
810
408
747
588
592
625
511
670
659
511
768
595
606
672
496
551
655
584
518
355
635
580
677
658
691
753
706
514
610
533
675
746
482
447
616
397
629
745
725
670
599
666
745
557
587
704
431
679
650
666
655
621
714
664
502
699
529
627
449
566
743
777
612
635
526
638
501
648
493
695
437
610
669
658
619
656
499
607
390
651
543
572
566
743
475
441
602
505
384
704
624
630
664
470
507
588
675
532
827
591
573
626
526
550
803
733
582
630
630
650
472
513
574
643
571
660
585
808
506
484
426
307
698
615
439
707
706
553
611
573
704
471
569
545
593
580
592
608
699
579
541
594
633
656
796
538
469
514
546
642
668
612
620
649
585
516
581
410
588
610
561
605
531
501
571
559
516
445
624
734
443
554
581
575
708
641
711
646
683
309
629
507
577
733
486
599
501
634
681
561
393
646
646
690
630
579
501
613
617
761
413
624
769
399
711
613
513
417
604
691
755
628
420
666
754
343
556
629
701
636
588
534
805
685
583
788
414
591
451
555
511
635
655
674
637
551
627
615
524
610
528
684
631
487
454
514
751
578
528
654
569
690
439
476
551
352
556
591
616
596
588
482
522
486
467
466
582
471
371
520
579
550
488
669
681
399
633
396
650
811
672
670
599
629
378
438
477
500
640
592
619
591
733
566
684
409
581
669
413
686
813
743
505
538
613
700
464
599
429
600
612
552
562
707
785
684
605
652
647
409
661
570
785
766
473
462
681
454
744
494
599
572
528
775
683
733
566
603
505
865
683
786
634
630
500
803
784
589
548
659
624
553
444
713
566
544
595
539
487
447
658
570
530
668
822
635
543
602
539
515
717
591
662
552
786
263
529
446
509
442
632
633
560
707
736
491
608
407
535
672
640
608
447
534
604
519
624
486
658
348
453
769
713
802
652
550
750
789
683
600
539
616
468
696
594
589
788
701
749
475
738
566
795
611
659
755
519
657
679
761
780
524
555
577
670
663
673
533
546
630
690
611
635
758
485
682
591
682
519
725
633
698
696
522
719
487
648
662
648
729
714
658
625
614
525
705
465
641
761
673
545
580
483
363
520
653
704
616
486
519
483
703
612
701
496
592
566
740
642
518
536
637
560
643
612
623
456
676
674
666
608
526
585
477
577
436
555
687
519
698
660
653
655
558
556
500
626
415
599
370
491
825
777
582
441
668
556
619
511
611
655
487
598
250
743
324
549
496
621
679
452
631
550
658
650
427
641
607
467
606
647
529
727
837
546
700
753
639
500
526
650
661
557
495
536
681
564
591
547
470
542
529
490
633
594
614
533
532
473
479
550
525
641
495
704
392
641
691
800
652
328
663
639
594
567
593
599
635
498
670
611
548
707
574
494
446
538
564
571
577
534
570
863
455
623
595
713
565
620
521
573
683
739
562
707
592
532
615
451
640
660
714
684
811
408
403
571
654
666
610
669
594
600
651
813
613
652
696
766
753
553
664
602
678
607
582
722
486
717
463
592
580
508
649
497
663
534
502
610
564
595
565
598
807
631
672
701
492
750
790
732
529
623
727
772
709
289
548
553
604
662
504
582
543
676
446
621
587
510
823
506
690
549
596
684
644
707
660
673
512
711
727
514
567
587
667
630
715
718
737
637
531
564
646
552
512
851
569
434
670
649
693
517
854
671
690
482
647
647
606
444
519
600
700
605
669
608
534
437
605
662
636
527
456
523
581
570
791
773
333
697
560
548
763
771
623
624
635
439
516
663
578
589
679
498
683
733
301
785
540
687
616
525
688
612
698
629
671
573
765
557
625
684
640
331
694
696
589
582
640
463
615
672
472
636
631
832
305
591
711
720
641
638
597
411
615
500
565
527
460
623
483
495
709
625
536
712
577
835
528
490
636
624
691
702
416
663
545
566
683
548
663
481
526
636
573
450
432
691
654
584
588
412
584
720
366
666
620
623
538
617
563
691
674
733
653
614
704
527
734
509
604
528
521
567
464
696
542
683
583
629
665
670
468
562
330
542
578
696
523
522
544
733
547
563
542
559
514
567
557
573
674
493
519
764
723
536
732
685
728
696
490
619
577
756
569
729
554
598
610
625
672
641
467
584
531
481
702
590
680
502
696
669
741
581
643
581
519
506
617
568
691
444
562
667
600
602
571
523
551
506
485
589
552
557
785
715
460
703
573
710
607
625
509
672
616
586
606
709
504
561
510
513
784
479
518
574
636
538
704
538
503
673
458
455
533
704
711
586
601
599
485
597
440
544
712
635
681
563
549
546
492
625
647
700
443
654
770
635
404
484
578
660
686
623
856
649
671
634
571
513
477
676
582
580
701
384
830
603
557
601
680
597
677
550
435
601
556
710
441
564
489
666
703
552
605
493
607
499
549
695
378
721
590
706
618
432
539
697
686
639
593
738
717
641
644
557
612
536
596
394
525
682
842
519
586
551
657
507
660
709
551
601
501
430
640
729
587
476
759
656
651
356
484
618
630
678
605
566
606
666
661
624
518
457
572
635
433
486
692
590
468
846
539
504
497
605
545
709
654
562
702
602
637
467
617
526
606
453
652
616
569
579
724
505
802
653
602
524
545
679
761
620
513
436
707
595
648
585
547
687
638
353
515
629
607
548
790
449
778
519
413
740
556
597
588
765
504
469
475
632
679
480
518
464
621
781
461
566
578
650
530
567
742
674
721
721
702
567
572
577
603
623
514
694
611
815
673
755
554
572
720
620
586
550
542
402
543
715
664
377
692
564
540
658
823
377
633
623
669
695
628
525
642
668
547
668
669
514
618
586
532
307
508
705
621
762
615
522
653
539
551
461
679
476
685
468
634
738
532
662
641
597
488
477
589
596
502
491
620
521
735
546
813
679
687
472
561
444
513
497
784
720
690
529
476
386
813
725
662
616
668
596
658
591
556
663
497
525
526
697
998
600
505
747
586
463
633
577
269
626
491
522
515
775
751
527
648
674
797
579
457
585
684
524
676
714
634
703
583
728
711
510
782
437
639
697
626
607
663
731
581
436
614
727
475
626
510
597
624
776
506
557
617
680
685
594
558
537
585
772
606
670
545
683
766
625
577
787
651
538
815
596
740
750
567
667
675
717
706
777
809
708
661
804
647
564
549
637
692
774
518
551
543
656
632
463
682
499
792
631
624
603
643
670
802
671
634
516
674
509
635
607
608
547
668
553
497
581
677
623
662
528
403
712
644
704
501
645
671
534
488
612
370
518
855
512
777
423
648
578
615
662
636
565
563
577
537
677
777
521
566
463
559
608
538
603
551
685
452
582
608
623
655
808
652
584
501
713
614
736
706
547
435
558
692
537
631
816
494
691
631
457
693
668
541
576
564
512
502
634
596
625
646
737
644
629
495
508
549
654
734
723
530
592
715
694
480
439
442
808
745
621
670
607
631
670
657
652
418
622
625
596
725
628
675
611
695
706
699
761
617
530
585
596
865
659
534
603
679
689
699
586
600
667
661
609
530
642
736
674
466
593
692
486
694
638
682
513
572
827
534
484
571
578
490
676
725
557
667
451
614
571
582
699
651
554
689
540
494
634
678
673
583
495
569
648
566
483
608
570
552
540
590
667
717
671
590
580
723
540
671
635
647
555
501
713
325
667
592
607
509
591
500
479
684
567
530
495
640
676
592
645
512
607
501
682
589
342
766
584
576
531
606
544
697
493
698
624
618
524
782
535
486
585
680
612
497
589
466
475
523
741
555
630
707
636
474
667
629
679
613
714
504
617
608
451
718
468
614
564
678
523
522
777
377
477
609
651
542
517
730
604
532
618
520
613
765
493
745
633
644
567
693
612
514
668
716
691
466
594
610
639
781
696
608
448
660
503
557
528
481
602
518
683
743
556
708
569
634
548
528
607
563
672
560
562
577
700
558
489
537
491
522
568
624
609
567
590
600
516
617
618
615
554
672
862
680
419
535
627
649
655
545
629
660
563
423
679
623
636
788
651
579
631
706
620
679
556
569
688
670
523
784
494
480
707
750
543
729
488
684
712
587
621
492
763
532
584
565
552
606
163
480
571
576
581
688
507
719
508
500
562
729
487
627
631
483
523
685
539
658
589
709
633
644
611
408
516
706
727
513
659
687
609
785
646
738
721
513
471
507
607
568
752
542
588
666
652
571
758
596
571
732
600
489
588
549
645
449
622
504
586
641
537
594
652
506
500
470
372
713
635
810
557
436
590
536
609
587
771
600
516
661
704
579
650
567
691
740
650
675
774
547
497
669
592
550
781
538
446
478
715
586
755
517
647
498
532
397
691
698
624
788
372
661
764
557
728
610
755
545
626
752
490
509
701
485
533
663
556
562
676
658
495
511
491
601
543
642
558
555
575
597
677
669
865
587
650
429
710
451
589
670
553
637
811
506
576
659
702
508
768
773
648
619
698
569
519
742
835
624
507
520
486
641
523
500
446
493
623
574
639
749
672
444
464
581
752
718
701
646
609
736
770
603
669
613
550
589
640
542
437
519
518
555
575
441
789
593
569
684
551
772
531
705
651
662
602
587
718
559
550
567
440
546
559
501
647
841
688
632
540
816
426
753
655
551
446
647
626
454
476
462
533
820
500
597
621
598
592
529
630
494
590
755
539
541
635
537
427
571
474
760
581
525
562
673
597
588
602
560
440
500
681
590
667
484
502
705
600
500
522
675
713
693
717
512
438
672
707
733
579
713
532
479
659
532
487
662
559
712
264
463
733
683
616
648
613
541
588
604
387
531
607
612
516
572
622
629
449
540
358
581
614
537
598
626
660
549
579
704
533
511
591
491
585
628
726
638
633
662
457
579
733
606
539
506
707
518
534
865
560
455
635
571
589
422
574
583
706
686
608
593
780
555
697
617
661
848
652
558
544
641
478
618
518
617
531
749
729
516
418
636
666
697
404
646
623
714
629
587
462
501
496
467
637
548
597
645
413
633
625
530
831
555
737
500
775
555
604
595
524
613
611
607
493
606
566
542
491
667
428
516
756
627
570
617
500
566
504
680
568
549
413
670
674
610
693
610
662
532
571
695
639
573
693
626
752
575
517
540
634
644
497
688
420
527
599
539
585
648
542
744
619
362
540
515
648
776
634
631
745
544
581
523
514
475
576
449
669
625
760
676
585
553
501
703
482
521
571
663
779
488
662
525
700
495
471
660
614
664
557
569
836
685
641
655
715
487
670
481
541
629
582
838
601
606
593
600
632
582
576
509
630
599
646
518
566
575
631
613
415
470
458
520
568
637
512
572
731
748
596
607
709
527
707
783
537
522
644
553
639
469
516
636
650
533
472
569
669
691
606
811
409
579
421
672
534
491
483
579
644
615
534
512
416
532
642
635
592
564
477
675
540
759
664
573
638
394
495
749
623
539
583
401
551
536
654
664
644
593
569
525
626
484
685
643
637
512
451
479
717
527
508
744
431
574
626
626
543
677
658
503
482
638
573
633
467
553
568
727
532
493
549
789
547
552
492
563
541
656
564
714
500
468
527
563
544
638
652
519
706
682
388
716
774
621
690
563
543
733
652
576
559
567
514
522
573
550
697
679
609
637
686
614
560
461
762
492
490
580
615
683
588
632
562
472
596
585
688
452
525
613
659
593
624
548
631
644
617
730
644
529
560
569
590
636
670
405
671
650
638
529
629
726
722
383
432
589
647
358
645
595
464
778
556
591
634
608
711
549
471
589
659
591
560
746
519
443
707
553
525
720
562
664
669
577
524
679
694
515
551
600
639
500
675
823
727
713
712
626
694
619
771
610
690
421
550
601
738
535
481
643
435
645
641
519
690
507
590
525
497
482
584
628
407
352
518
468
689
660
479
651
570
469
616
465
664
409
606
626
616
601
643
581
480
681
672
613
704
694
638
390
613
491
648
567
539
532
606
499
689
523
618
602
611
679
612
578
678
662
612
635
692
687
486
563
585
794
518
640
709
693
457
768
442
561
561
784
855
573
602
664
475
570
608
658
654
678
462
494
686
694
669
615
585
655
458
778
788
576
516
635
522
496
579
362
536
440
645
714
636
406
685
581
658
684
707
546
686
406
526
590
669
419
639
695
721
546
688
584
637
389
613
675
606
489
667
584
480
479
647
837
717
583
616
607
513
522
728
744
541
503
646
667
607
455
574
771
537
799
665
574
631
529
642
643
350
438
639
573
762
701
561
696
557
633
633
749
571
490
571
504
477
588
828
458
614
559
593
757
426
413
651
766
642
470
461
409
578
583
581
520
549
716
689
449
570
594
593
679
426
590
640
777
671
524
715
743
660
613
634
674
422
634
599
454
847
553
611
591
497
647
696
500
686
434
743
625
639
717
490
585
484
554
765
422
544
655
553
525
623
767
640
543
469
408
632
419
442
705
775
486
576
630
546
497
525
619
737
649
648
793
628
501
827
673
604
545
606
578
594
444
477
603
634
704
697
618
478
544
684
558
637
549
613
513
556
441
621
766
690
473
729
691
388
516
688
545
564
560
596
552
526
600
650
603
420
548
367
617
448
555
581
619
786
546
549
612
556
642
421
618
479
454
534
548
644
574
632
607
560
462
458
695
515
650
578
705
627
608
648
666
779
376
533
706
600
600
520
636
642
578
621
559
565
467
782
644
599
547
577
662
647
452
576
587
764
645
822
507
492
618
633
378
486
595
677
649
648
687
748
501
717
600
636
658
538
573
677
611
615
496
659
679
697
717
648
664
533
588
582
508
555
551
603
691
480
738
699
738
765
481
562
756
606
763
510
797
560
598
644
618
705
654
655
652
598
672
574
767
643
644
511
603
511
763
531
607
636
616
581
636
657
566
558
593
588
608
631
550
333
564
485
787
603
519
574
546
406
576
552
591
506
489
561
640
586
648
534
623
479
760
576
834
631
786
704
555
538
441
572
652
468
533
641
698
646
626
544
746
675
656
795
612
641
485
705
541
659
760
517
607
660
601
349
646
525
460
647
706
538
757
459
517
781
513
646
436
642
544
681
530
519
510
601
631
459
522
707
512
684
606
768
565
574
560
735
620
533
756
425
599
498
486
590
486
533
630
639
649
533
618
613
556
544
428
676
448
638
830
583
645
495
485
536
794
591
600
659
697
479
589
668
715
759
500
567
515
697
681
525
498
532
717
524
430
689
769
589
668
589
627
669
533
525
598
566
478
592
554
891
619
476
754
747
597
504
535
573
425
590
428
575
668
658
436
608
621
729
587
711
628
693
588
682
527
621
561
763
601
725
548
794
602
653
573
645
718
532
440
715
703
596
695
546
657
663
585
481
686
526
634
646
629
548
595
629
689
587
538
576
548
548
664
598
493
642
719
792
649
658
644
773
672
577
731
629
480
583
560
586
574
544
626
578
768
439
593
837
635
531
581
672
641
395
612
521
767
526
496
652
593
555
702
571
709
541
601
634
640
677
364
447
464
585
691
654
574
561
602
536
615
620
636
576
684
612
467
660
617
444
616
627
668
646
531
599
612
580
420
724
537
525
666
604
601
513
734
601
434
557
649
664
772
687
663
525
425
587
752
532
430
635
562
683
395
706
891
741
647
540
589
540
763
399
543
698
591
597
464
800
675
758
601
554
532
630
526
633
747
841
626
558
501
487
547
466
566
494
517
589
490
681
545
652
739
728
544
529
716
678
581
682
613
646
648
407
547
548
704
550
646
617
584
551
623
657
464
631
638
403
601
656
490
532
570
419
682
513
608
717
594
731
490
568
602
649
423
657
487
721
602
744
530
501
694
646
491
435
828
422
649
651
545
379
593
615
570
426
552
670
461
758
779
671
508
501
629
407
439
474
565
689
609
761
656
647
420
768
475
699
708
644
499
478
586
784
665
571
597
477
587
503
603
489
751
683
738
621
567
710
655
665
652
801
880
304
613
498
423
664
511
545
623
487
687
479
700
526
587
675
656
415
398
682
803
679
386
505
466
450
645
791
336
516
511
644
372
704
497
617
462
558
621
588
862
503
691
766
565
470
479
630
561
715
778
744
659
719
714
674
541
367
685
592
627
750
821
536
630
365
682
495
624
575
565
406
583
506
675
663
492
743
626
580
612
722
721
552
717
496
518
620
503
788
455
707
471
487
665
641
684
644
605
677
710
592
615
503
726
654
507
673
699
445
619
609
711
581
641
529
513
595
489
638
536
420
661
687
589
602
622
587
666
537
725
539
594
785
542
516
495
563
655
592
691
601
619
601
517
468
592
688
447
513
695
699
443
571
610
708
634
706
561
641
595
490
660
507
626
529
577
539
578
566
597
494
673
500
690
522
640
663
680
698
572
612
728
520
560
670
529
527
612
673
330
737
553
593
669
384
405
542
486
657
434
658
568
665
694
632
548
799
359
572
459
618
480
677
575
636
533
470
542
556
572
548
605
623
419
656
542
439
488
775
638
572
623
502
615
561
629
643
578
591
587
666
651
490
605
625
650
620
613
638
737
697
744
696
639
769
729
547
592
616
553
591
726
700
602
502
589
518
596
665
630
576
590
558
595
661
655
532
726
553
481
610
653
408
733
681
792
760
700
514
621
442
685
590
533
570
364
473
676
549
699
694
534
652
673
791
678
703
650
537
753
658
543
719
431
605
676
640
632
710
603
675
648
659
418
545
607
379
550
666
651
633
577
657
659
577
673
625
530
715
408
605
482
614
765
573
529
580
622
633
701
728
616
739
755
631
628
452
748
761
663
706
614
597
679
594
583
658
400
590
814
563
569
474
678
567
810
278
591
617
739
552
555
573
579
762
659
696
696
551
583
424
528
488
661
591
464
628
624
604
578
640
513
516
571
536
566
711
478
683
714
528
568
645
560
632
510
551
642
649
632
636
713
668
420
690
400
566
605
543
500
631
424
723
629
762
561
642
634
583
614
683
351
668
543
570
584
644
591
630
679
616
543
533
615
572
613
817
563
723
507
542
541
587
594
621
580
565
659
785
694
358
617
780
591
517
625
746
589
506
652
508
545
664
613
538
555
617
610
705
714
633
558
590
659
385
646
649
727
843
697
585
531
662
777
613
643
675
360
581
681
700
766
754
713
617
552
620
602
705
558
567
733
662
661
694
532
602
549
523
648
621
391
532
625
630
561
651
423
696
531
670
734
693
905
524
621
544
475
626
601
618
477
737
431
660
750
473
757
724
569
596
546
578
566
564
659
456
487
458
642
495
516
697
722
453
553
716
515
746
670
630
654
592
413
518
488
658
541
688
605
518
814
682
573
753
450
474
816
536
478
565
726
499
628
538
614
573
661
795
438
628
678
583
525
663
410
731
496
522
639
632
498
637
478
724
508
506
579
488
819
724
636
537
803
812
655
510
599
504
638
666
561
867
615
612
617
602
589
539
627
482
692
641
667
606
499
724
660
402
509
687
678
628
487
611
623
559
594
560
460
569
560
603
412
538
474
453
553
591
659
768
622
552
743
669
661
842
396
492
790
639
576
715
558
619
631
674
656
744
536
720
605
690
430
423
639
546
508
760
493
687
601
604
746
441
428
544
634
525
644
665
625
726
734
636
464
527
452
650
549
498
485
385
569
686
779
732
467
450
509
627
448
597
512
736
554
856
518
797
713
698
751
748
613
738
528
456
573
466
444
637
650
590
675
647
596
585
689
509
705
489
752
556
538
552
555
541
547
504
485
701
631
484
749
493
542
618
638
736
483
537
658
600
615
506
596
813
656
572
410
688
517
613
629
731
414
692
537
552
363
598
661
547
537
753
802
529
556
471
678
617
638
551
666
504
682
554
662
541
579
583
693
368
601
754
747
496
679
623
577
562
476
600
352
461
689
693
496
585
614
757
535
813
669
626
584
569
663
564
834
591
830
693
456
593
794
627
511
830
719
615
527
726
541
500
697
607
598
845
516
650
613
686
538
585
526
584
686
656
514
770
574
524
577
598
527
561
596
773
559
434
445
692
593
785
421
664
480
500
523
507
521
542
641
486
430
705
659
630
691
439
517
512
549
638
648
591
796
483
711
870
474
749
551
570
706
591
670
784
461
584
499
629
626
438
427
349
731
584
743
388
494
478
680
611
517
529
432
754
743
575
736
415
584
587
491
760
513
750
724
695
836
821
544
563
702
476
613
585
643
618
448
503
640
511
782
669
667
644
491
443
694
600
613
