759	650
878	625
565	459
640	603
657	806
749	434
652	508
733	587
509	481
633	637
601	781
562	373
599	601
636	635
561	676
686	612
600	667
567	671
589	756
831	504
399	600
543	549
605	765
673	479
651	624
683	563
418	665
685	468
678	568
423	665
743	547
467	706
577	520
632	493
620	631
634	783
670	676
677	689
598	589
727	492
531	627
504	627
694	657
595	487
698	576
610	624
504	593
692	623
470	637
764	546
513	502
589	355
550	422
609	516
485	573
674	495
589	499
448	578
616	432
598	547
647	650
700	736
694	631
540	571
489	692
513	486
561	635
718	687
495	579
493	648
632	477
499	617
610	482
677	655
498	628
494	617
543	623
579	534
662	609
590	587
718	537
636	700
681	456
634	680
600	673
658	565
578	529
678	660
644	572
636	498
446	481
564	634
585	517
721	596
594	623
660	709
375	591
380	578
427	621
575	695
568	603
712	639
395	733
617	672
602	738
566	651
753	610
629	775
720	631
590	524
649	443
669	487
510	710
484	588
568	539
729	652
681	717
784	629
415	482
436	707
681	718
734	642
706	624
647	630
551	680
539	638
661	473
623	463
739	614
526	565
588	444
565	503
560	552
629	750
656	674
599	773
534	579
402	700
533	636
420	551
428	708
321	583
760	377
634	531
357	612
621	599
612	582
625	684
665	506
528	679
491	383
428	419
756	720
496	645
648	410
577	547
540	614
582	674
544	744
592	734
515	711
461	544
716	694
749	543
688	602
609	613
769	554
545	616
606	566
417	481
736	587
688	713
612	643
528	609
521	556
495	872
519	800
590	509
495	588
460	535
487	567
584	707
676	591
529	530
720	351
609	702
515	701
592	564
622	572
610	567
592	511
722	616
404	754
559	625
543	707
653	472
502	473
677	544
613	543
560	630
485	629
687	743
755	601
502	671
624	611
458	700
544	693
792	644
669	654
437	612
585	813
606	703
629	593
392	640
640	593
522	565
664	641
736	687
545	689
590	439
536	505
611	563
501	643
534	526
675	492
472	560
577	636
531	543
539	760
732	762
761	494
614	516
546	699
641	581
694	384
561	691
481	545
572	484
661	790
524	695
616	413
671	496
470	594
647	389
816	573
592	563
693	531
601	572
470	528
654	625
541	552
594	618
597	446
416	608
490	541
539	717
492	699
408	531
520	527
506	603
734	702
547	427
662	852
699	696
515	536
596	552
502	492
590	655
695	509
524	639
360	559
528	599
572	681
703	529
564	728
534	669
716	479
741	589
588	611
500	861
666	576
586	685
561	872
680	453
666	595
683	585
788	498
779	648
491	584
620	628
538	633
494	442
628	554
631	563
521	385
573	716
556	433
468	690
558	483
589	607
617	628
784	364
480	683
765	702
689	432
646	716
658	437
634	609
471	689
637	734
727	558
516	362
709	676
495	694
638	623
657	661
493	695
808	713
758	524
573	587
657	662
598	752
473	550
657	630
684	678
561	600
681	447
432	576
635	605
610	516
746	523
502	499
667	501
646	607
528	750
435	735
511	650
623	639
662	653
628	635
657	448
684	498
582	797
595	503
732	579
844	562
659	527
541	705
497	556
628	634
535	685
332	502
584	605
531	604
494	576
630	756
548	640
502	734
469	581
664	604
565	565
682	466
533	619
672	774
493	680
521	529
524	565
555	572
575	657
577	593
668	462
301	567
788	557
769	691
552	747
535	564
583	627
560	363
684	548
761	577
551	489
749	615
431	617
669	844
606	560
721	578
574	560
483	655
527	724
623	707
699	558
648	621
759	448
562	546
690	602
766	572
734	657
555	446
552	590
575	536
553	509
625	766
830	470
892	706
486	667
584	736
634	446
679	493
485	615
561	640
747	435
584	723
475	512
590	567
562	755
527	443
580	669
477	574
547	533
759	613
671	690
676	590
563	370
454	618
400	415
764	702
588	604
625	595
383	531
570	637
675	654
693	634
555	601
646	659
590	573
507	530
548	594
543	708
473	711
617	736
711	665
618	741
703	577
566	530
666	775
585	738
545	558
560	615
506	769
682	523
541	747
483	679
678	692
567	582
511	718
608	406
484	711
486	714
609	583
486	565
559	471
621	464
589	657
601	453
608	597
607	689
552	533
584	334
693	579
595	522
517	540
434	660
684	535
506	497
736	627
787	622
797	566
469	648
615	439
556	547
565	571
528	692
578	790
641	584
795	523
444	576
634	672
677	473
474	519
560	668
510	581
667	643
687	626
650	642
538	631
615	737
676	604
493	718
676	702
484	610
680	564
635	717
430	578
538	642
612	471
727	805
588	640
759	663
483	472
373	618
467	574
450	512
580	630
649	517
735	697
571	586
625	756
686	506
580	701
644	646
664	624
735	594
569	748
605	541
697	373
481	581
651	594
641	641
500	695
475	689
505	395
614	522
573	594
497	768
679	578
699	624
619	701
476	363
747	543
730	565
711	834
632	620
675	691
611	484
501	753
479	546
679	601
623	647
593	439
604	647
605	553
506	737
526	659
676	544
740	492
578	629
448	534
601	443
716	601
707	631
528	550
742	570
592	556
552	465
591	770
660	518
639	581
488	723
492	569
496	584
551	488
820	690
514	490
685	567
525	526
548	411
590	508
562	671
787	766
356	449
466	552
722	699
484	791
574	563
560	531
717	659
566	496
661	476
593	535
508	804
633	582
511	508
598	596
672	611
669	661
390	505
799	694
634	503
693	643
530	650
547	573
718	746
663	652
505	548
519	540
532	589
681	400
681	414
800	607
728	498
403	677
678	694
554	592
485	612
463	584
663	545
441	486
647	612
733	717
626	655
580	418
746	667
610	615
658	724
674	654
603	524
451	706
502	687
788	659
768	556
668	628
632	481
670	455
683	597
599	576
570	543
700	550
544	640
703	735
621	526
584	515
591	670
471	647
882	485
684	537
550	616
378	361
588	653
729	662
682	723
642	536
559	629
641	613
665	566
512	466
493	641
698	595
508	256
423	676
702	669
658	471
552	679
382	633
503	624
738	700
548	695
775	747
536	651
866	649
590	586
513	642
629	512
829	717
581	522
705	674
593	591
659	665
621	390
563	585
717	547
638	490
478	698
399	691
528	689
630	737
595	542
682	728
646	530
549	810
438	741
787	719
559	454
670	593
792	463
597	510
417	650
531	456
524	504
475	319
569	646
568	589
567	494
524	544
550	571
702	683
667	545
743	460
583	448
562	626
698	461
598	547
583	430
565	484
489	593
701	505
445	417
740	660
659	834
478	724
454	447
702	544
717	646
518	638
597	606
799	568
644	403
749	595
497	653
470	696
744	432
564	729
626	704
613	592
676	645
629	677
691	465
599	683
563	425
515	615
496	730
402	593
727	595
659	455
540	762
467	506
584	520
604	679
623	500
516	568
563	627
454	535
682	661
642	433
659	640
536	534
682	508
655	459
680	658
771	707
672	463
777	435
541	537
581	708
671	526
584	645
595	724
551	553
731	655
588	426
661	787
684	562
721	526
452	450
459	667
486	717
581	611
734	564
759	620
419	564
830	584
466	611
790	659
675	727
675	834
491	592
661	417
577	650
417	676
591	618
671	722
655	610
724	507
564	881
585	528
660	703
628	561
539	298
683	689
430	575
720	513
683	669
665	662
551	832
556	528
597	691
562	405
572	529
762	410
441	578
798	500
546	649
571	579
469	490
527	640
546	662
498	644
618	508
669	540
722	704
632	570
583	300
681	455
720	471
756	610
444	504
571	643
444	634
801	545
557	714
628	595
728	679
775	374
732	612
658	520
581	589
674	543
609	585
648	720
440	571
645	562
508	486
635	736
700	601
450	614
628	705
694	560
534	815
638	602
491	640
466	634
678	455
651	677
556	806
483	693
684	667
479	636
489	638
610	682
607	593
584	656
682	611
543	403
593	740
491	500
456	689
423	608
842	635
739	603
683	663
513	655
549	446
597	429
607	700
682	493
687	597
621	338
615	653
672	485
465	547
509	688
650	459
597	644
655	534
405	435
387	650
702	540
688	720
697	795
765	605
829	643
534	772
622	668
810	517
542	839
619	599
350	655
735	660
699	680
605	526
806	607
628	746
633	685
716	551
453	657
570	401
601	507
540	562
626	536
530	744
491	596
450	672
435	703
554	662
622	795
619	588
671	789
557	611
552	562
682	555
580	661
568	574
663	538
529	667
641	618
580	512
536	503
531	596
553	537
643	535
466	563
576	682
365	802
515	589
533	508
626	580
716	504
607	609
451	569
482	467
451	574
536	520
566	618
693	580
612	493
603	610
547	612
568	638
470	600
644	722
670	605
433	548
559	615
725	610
389	730
539	555
630	569
523	742
772	718
651	506
620	738
634	414
568	667
533	743
723	763
691	696
467	633
728	674
613	448
700	716
448	570
518	462
646	628
441	532
497	751
631	542
745	550
589	574
640	681
596	548
538	571
813	530
645	733
759	637
652	575
582	547
426	705
621	434
717	642
743	454
536	525
723	651
599	518
641	820
448	519
738	601
582	678
756	531
546	511
723	746
657	548
642	696
659	590
690	526
588	700
471	608
572	485
513	420
502	659
534	464
587	763
661	785
611	541
517	471
735	668
585	475
429	676
681	591
725	396
530	688
590	763
552	512
723	624
808	760
615	600
585	677
660	586
559	410
494	323
657	565
712	633
525	595
617	576
682	699
455	644
670	670
781	501
414	717
707	445
629	402
616	574
589	784
542	437
654	570
652	693
625	722
519	405
747	582
453	562
696	699
590	718
736	397
678	366
645	702
667	500
433	745
551	704
611	542
541	819
663	638
815	630
581	533
674	603
833	808
722	655
605	426
491	709
529	534
532	755
683	453
517	723
655	806
587	672
650	617
467	526
631	719
635	628
655	548
623	488
383	647
611	706
566	590
604	388
408	513
674	625
473	641
572	622
799	607
610	543
472	677
565	706
635	559
673	553
799	453
675	695
535	432
680	382
608	573
549	551
472	588
638	582
625	537
648	707
708	706
644	575
652	544
562	693
810	659
556	355
543	782
674	561
619	454
715	549
650	532
560	618
577	705
544	600
667	502
697	514
505	396
642	603
604	712
664	552
631	401
617	634
435	465
583	424
539	740
618	601
471	651
533	528
684	745
750	601
498	588
605	514
546	755
686	526
554	627
651	552
769	624
670	699
504	695
608	589
743	568
604	266
540	534
591	652
482	566
497	536
539	695
557	793
603	614
733	591
528	488
515	661
551	691
493	476
737	466
430	629
593	441
738	486
749	755
631	681
561	679
550	581
449	591
526	664
596	626
617	465
582	578
415	608
414	432
467	610
685	804
684	640
504	717
734	656
434	732
628	604
605	826
612	589
452	684
703	581
516	570
572	638
690	683
727	640
509	671
547	592
573	543
757	365
497	505
731	717
608	567
649	677
545	416
589	656
610	666
558	644
645	594
589	692
588	640
664	425
734	538
646	483
719	710
384	537
504	612
517	627
684	611
441	437
545	596
556	584
566	546
706	805
642	535
620	713
540	663
696	472
684	669
651	717
701	643
746	635
760	722
587	634
557	656
419	646
520	524
441	724
600	696
589	717
789	584
680	652
668	529
605	645
635	647
708	632
586	532
684	770
524	718
593	681
635	554
803	518
608	741
418	687
542	618
561	613
605	713
553	593
520	468
596	583
566	436
612	728
624	616
562	485
829	677
547	384
795	727
657	639
621	413
646	789
528	628
624	848
817	716
601	680
476	575
578	512
514	590
522	567
596	640
645	721
519	573
509	633
620	243
547	733
582	640
727	600
617	567
884	617
526	742
700	761
674	562
744	479
641	695
615	554
746	614
418	608
548	552
721	335
582	469
707	346
547	391
499	459
675	633
642	556
541	589
701	783
684	633
633	575
582	492
649	513
587	623
698	773
657	436
709	419
405	655
439	544
545	619
682	509
711	620
666	739
768	632
602	657
699	580
555	445
605	563
559	695
350	791
570	512
525	645
721	673
526	793
738	549
731	806
653	613
404	599
586	691
475	737
404	567
686	585
424	465
497	585
567	755
624	604
617	498
568	508
453	684
526	550
548	502
549	558
780	523
443	440
679	642
529	577
534	355
659	643
584	548
554	487
631	671
574	767
423	518
496	567
640	570
467	488
543	667
479	737
696	674
533	701
682	545
635	653
597	708
468	565
661	676
582	646
722	540
570	388
653	543
585	670
507	624
605	403
652	410
780	618
726	575
599	562
533	596
411	520
630	573
484	721
584	543
662	687
801	694
502	702
727	504
521	731
623	577
460	558
593	653
539	591
534	572
598	577
697	635
448	590
776	704
475	501
526	733
434	497
576	355
534	525
675	804
606	553
511	542
617	502
430	494
540	718
655	514
490	549
590	670
587	611
501	744
729	667
708	585
469	796
589	606
628	680
696	620
705	590
690	716
561	484
526	506
615	537
423	642
600	562
574	611
608	623
567	499
622	700
719	687
813	555
468	850
370	626
645	599
757	582
773	677
544	473
540	487
619	625
399	650
689	445
566	555
782	638
681	670
527	721
450	528
586	707
544	711
706	707
417	625
760	743
580	504
638	671
594	484
658	531
684	677
640	654
480	684
563	512
590	645
577	346
582	712
639	522
729	461
513	656
576	631
406	611
534	469
571	672
500	563
690	665
575	598
507	586
638	736
532	579
486	719
641	613
713	662
649	533
541	408
621	500
614	745
677	499
569	544
536	493
474	639
452	626
640	578
536	542
578	641
557	686
691	475
533	532
710	612
507	506
458	777
613	642
755	652
432	645
656	605
756	310
619	664
542	769
574	631
696	448
508	676
616	305
403	712
696	569
484	646
651	509
423	654
682	569
533	667
570	615
572	542
698	490
637	571
549	378
599	543
641	579
448	560
717	683
510	747
555	747
447	577
458	595
546	550
632	570
638	557
669	590
604	810
845	639
567	760
436	512
429	659
663	558
640	719
624	592
533	546
597	581
524	739
599	475
520	772
434	732
748	452
587	593
594	707
638	441
494	636
773	587
643	549
569	658
534	647
584	581
653	688
778	676
510	544
494	593
682	375
739	765
759	655
548	413
619	649
742	401
540	460
861	482
580	529
662	665
561	697
632	431
694	814
754	515
694	569
685	419
563	627
412	712
519	434
606	535
738	680
672	769
523	710
668	376
547	567
665	479
524	804
474	407
539	519
584	554
504	570
474	631
602	547
520	570
589	476
612	622
767	582
585	647
539	519
783	490
694	721
390	688
579	464
717	495
652	496
410	709
756	552
548	523
514	579
379	507
765	719
566	703
667	528
650	554
628	578
752	610
470	505
582	714
530	509
550	548
692	566
532	661
688	508
553	592
651	708
697	668
697	617
589	682
571	533
470	521
727	671
740	504
584	547
503	668
626	605
653	645
751	613
535	404
707	533
678	644
431	548
686	617
855	506
430	651
762	582
501	720
591	482
717	697
452	478
569	509
615	484
675	781
790	571
657	654
687	555
444	651
756	604
592	499
677	660
630	523
632	525
402	504
684	630
667	619
733	646
633	691
685	648
536	666
555	761
692	572
626	576
677	592
717	487
602	633
559	521
632	592
610	617
624	712
484	765
496	594
535	673
529	608
702	578
660	689
530	775
457	368
641	863
465	542
648	421
515	708
688	665
716	597
491	612
705	592
637	640
519	542
591	676
618	550
361	467
644	511
835	504
777	526
527	442
738	524
546	678
542	703
725	461
608	622
499	725
739	593
758	579
426	435
451	601
528	574
706	682
590	716
584	631
738	548
524	599
793	624
763	545
574	717
732	497
463	666
420	640
598	512
596	707
635	420
619	487
755	520
640	602
660	619
569	382
684	555
628	539
574	418
607	829
476	626
659	519
667	840
711	506
608	477
635	482
559	575
610	401
576	692
521	670
602	563
581	557
787	480
604	455
738	590
495	445
621	442
735	638
475	565
565	588
717	548
543	578
500	530
766	569
628	732
550	557
617	549
659	588
623	500
535	597
522	549
530	714
574	625
744	658
569	556
639	299
607	368
689	606
445	592
696	516
685	574
696	719
627	470
537	603
675	429
480	727
767	422
641	608
466	603
566	358
607	717
588	686
468	589
674	862
555	458
589	640
675	709
705	686
659	527
595	697
504	599
622	434
610	655
771	530
708	630
708	555
707	532
763	548
671	514
486	627
376	612
635	738
924	533
738	932
531	564
702	570
540	579
358	609
649	606
555	594
575	544
667	483
567	593
508	690
517	623
433	461
485	536
741	466
687	498
695	630
720	602
493	698
668	794
563	574
698	517
737	438
740	652
673	738
567	620
534	593
475	638
510	674
574	583
551	608
575	836
781	507
401	667
532	639
667	753
483	481
570	858
601	611
639	673
671	601
717	475
690	622
624	532
827	626
590	717
599	595
708	413
689	470
576	628
524	796
758	759
359	678
615	676
579	566
685	610
707	507
570	723
542	499
575	626
541	499
600	714
725	675
513	685
744	468
743	613
582	717
523	416
594	669
555	676
503	482
820	381
568	682
567	751
553	646
548	739
462	826
615	532
856	633
723	589
734	596
435	637
611	532
721	564
637	778
600	630
641	538
516	526
595	529
598	894
560	622
630	890
584	484
589	611
349	649
699	550
629	594
667	517
519	464
701	702
482	456
551	472
657	552
428	422
631	604
625	608
497	692
532	587
567	471
635	484
615	448
572	527
659	508
608	542
558	697
560	705
679	808
619	648
718	562
731	721
629	572
645	603
590	470
640	692
704	484
420	548
612	434
552	446
515	540
466	542
660	734
663	707
494	510
810	590
514	493
671	623
824	577
600	544
533	662
588	914
485	506
548	555
410	794
695	602
411	582
617	634
650	558
442	603
554	635
781	600
518	401
578	742
587	863
619	648
616	487
701	665
399	530
588	698
719	642
670	643
754	537
658	571
686	588
592	735
544	652
576	654
694	552
631	501
429	556
584	373
611	343
720	588
884	579
844	591
504	682
675	699
583	532
627	551
395	714
531	667
513	708
551	631
600	754
632	482
656	598
507	603
456	694
563	510
757	618
448	563
639	490
587	760
473	551
654	541
913	703
596	499
530	635
536	526
596	703
657	535
484	551
556	569
418	531
412	668
577	675
591	533
665	705
493	522
718	680
602	600
649	716
635	410
717	500
639	669
562	660
653	754
713	681
672	707
608	556
522	672
686	614
624	562
535	515
682	633
625	323
482	716
763	471
596	551
587	702
407	528
661	417
414	558
672	465
493	653
598	662
558	739
600	682
649	443
761	572
636	682
612	525
726	589
721	737
810	733
437	522
646	618
671	829
739	573
736	619
616	510
616	637
603	513
766	485
644	553
547	455
445	583
766	524
599	648
565	519
472	803
510	528
498	684
481	509
676	682
609	670
573	525
516	603
709	626
691	573
461	581
609	566
553	499
709	536
590	709
494	569
546	504
686	606
570	640
579	592
700	828
494	601
706	638
608	597
502	592
776	532
477	555
533	710
559	632
644	647
581	577
590	595
709	679
547	556
522	570
491	719
685	516
709	687
590	625
699	755
535	600
701	584
628	570
549	551
814	517
522	613
617	736
479	798
324	582
424	605
655	529
573	701
680	518
720	614
521	777
468	582
610	603
711	581
547	536
598	687
471	587
513	446
547	365
667	722
616	530
414	669
447	726
659	491
649	562
488	706
637	647
810	679
697	631
487	569
526	591
408	527
676	533
489	687
517	631
629	756
663	659
489	528
575	557
435	635
577	752
482	509
694	464
562	620
576	704
569	643
480	713
511	847
595	667
496	830
572	597
707	638
635	721
465	607
499	462
586	751
621	608
632	563
559	588
475	656
465	603
549	686
602	542
799	638
536	401
704	586
694	707
585	599
634	691
486	590
564	647
746	510
569	687
637	562
658	521
597	552
537	451
662	729
744	615
728	599
603	585
347	516
707	698
713	697
506	510
616	653
521	360
641	491
631	672
534	509
677	753
416	611
528	667
543	564
510	621
493	588
450	645
677	695
593	564
747	554
679	620
552	547
640	536
480	508
551	705
802	499
502	632
748	700
445	587
360	629
615	485
422	673
460	516
515	664
402	599
624	602
739	607
600	590
637	649
516	519
660	584
800	583
574	590
335	605
790	541
830	584
784	536
682	620
572	538
567	681
622	521
600	484
543	753
627	671
668	484
485	734
687	633
615	629
609	576
624	580
551	561
616	491
544	442
633	512
392	500
580	537
648	652
496	722
501	477
741	510
564	643
532	497
601	553
514	629
681	583
510	577
610	683
659	617
545	533
592	451
614	551
611	589
593	616
540	652
509	678
560	517
531	567
494	467
667	679
659	501
543	569
319	688
416	573
421	539
674	649
559	572
327	537
514	644
614	844
611	406
419	529
609	504
577	492
590	478
568	510
579	613
681	588
564	675
500	459
596	807
711	422
522	573
535	648
615	629
704	557
524	622
474	488
567	629
547	488
723	715
579	586
533	692
713	512
593	582
731	591
618	660
675	624
512	747
670	453
829	658
616	729
832	707
495	709
850	544
506	735
733	680
604	619
607	633
570	429
563	654
737	707
502	508
672	569
593	460
655	534
743	663
477	695
522	610
559	489
501	603
705	572
465	616
633	390
614	554
407	557
712	926
513	766
645	383
601	605
364	539
654	413
644	494
444	455
572	602
581	719
567	485
616	551
625	519
557	530
642	572
625	546
463	497
577	511
527	541
740	546
704	552
571	551
612	544
605	541
730	544
611	647
669	558
671	607
602	598
441	706
569	435
448	592
755	689
664	469
643	759
674	485
534	554
604	422
588	514
681	697
614	681
630	587
557	388
489	411
542	447
560	561
601	501
711	775
520	684
382	490
595	638
632	468
615	655
595	583
510	576
451	550
651	435
439	688
612	478
738	668
715	556
632	617
520	598
933	685
679	535
769	564
563	534
634	630
515	490
564	523
622	645
571	652
704	657
451	534
438	479
758	524
613	600
521	564
570	628
544	623
480	688
517	785
691	671
742	561
541	600
662	553
513	562
548	622
436	517
439	532
527	524
510	522
552	725
877	633
757	590
551	499
722	796
718	575
437	788
493	660
738	412
816	630
455	616
557	661
561	578
538	652
562	526
570	690
438	508
785	476
760	552
518	622
633	723
643	532
725	678
641	601
664	549
616	530
660	478
715	518
454	475
684	638
474	392
682	573
567	578
538	700
432	625
565	502
749	436
535	845
711	621
545	464
640	588
540	707
626	643
487	642
609	440
723	730
525	793
710	523
717	508
635	631
641	521
608	440
639	657
427	566
627	523
407	500
644	635
592	458
600	465
597	561
523	556
820	630
701	670
356	668
725	698
570	704
456	491
625	545
573	601
634	498
569	725
478	570
682	530
676	660
647	565
677	744
445	531
772	510
542	646
589	628
649	800
497	559
609	554
652	791
464	692
424	712
490	669
629	573
585	721
461	719
616	545
466	589
758	554
698	576
537	455
765	539
523	791
557	624
526	644
610	675
456	533
649	722
721	692
592	604
566	550
776	602
595	493
523	640
579	585
699	870
576	744
724	580
535	686
666	727
517	566
646	605
669	523
609	682
581	542
472	528
744	678
556	620
604	539
293	676
492	527
650	431
597	490
514	625
560	546
554	671
666	640
611	509
705	511
476	509
570	592
466	600
455	723
526	514
610	658
591	416
606	705
629	578
767	588
605	583
538	542
545	628
535	885
633	483
595	620
684	499
585	613
631	686
698	489
604	510
710	562
611	583
604	411
745	532
358	661
530	660
661	554
388	610
458	665
728	431
622	625
570	421
616	602
720	661
701	801
570	591
661	650
708	700
783	557
678	547
717	527
665	567
727	617
453	582
566	532
419	601
646	705
537	563
726	480
553	368
623	597
556	603
689	787
630	613
622	564
565	672
599	575
582	701
633	694
764	631
522	617
620	547
634	763
593	645
666	467
583	815
651	500
461	647
533	612
384	666
622	395
598	645
589	490
698	735
471	721
566	590
696	546
623	565
635	480
570	488
596	720
624	532
589	741
425	569
670	657
595	746
674	743
575	714
493	473
679	654
584	609
483	612
555	563
429	539
498	507
751	499
892	723
534	425
803	884
601	684
775	542
459	534
723	620
643	629
370	587
686	588
843	670
755	606
745	678
470	724
610	643
450	455
626	555
499	660
588	679
548	594
551	626
612	668
696	617
521	521
526	530
770	701
702	688
659	571
511	641
561	468
531	766
739	605
470	392
653	546
619	546
682	639
504	725
519	704
558	561
640	624
577	454
475	554
701	689
351	866
667	757
594	633
692	517
602	517
444	609
747	523
805	580
703	724
674	657
694	662
531	544
647	626
547	729
595	653
547	569
861	506
754	508
665	620
572	696
604	571
672	567
386	383
589	595
584	610
554	474
540	648
533	832
441	612
714	688
471	665
562	635
466	717
555	462
455	696
581	506
668	583
720	612
584	543
487	461
625	647
542	366
575	516
561	807
830	624
542	494
582	774
715	676
534	617
450	520
662	619
489	669
405	653
604	424
471	609
636	707
679	600
647	508
540	682
553	576
519	636
486	728
511	611
519	567
615	530
778	563
486	756
544	564
439	564
611	706
494	856
543	626
548	562
695	898
557	587
515	763
670	626
546	681
740	572
464	624
650	644
557	621
630	530
653	693
658	513
498	636
629	691
793	585
469	503
646	534
537	504
412	571
422	578
846	472
719	573
657	550
489	692
765	703
749	494
537	484
638	565
711	634
626	617
510	641
521	671
603	626
564	631
752	582
608	446
566	563
593	470
614	704
600	580
553	596
719	735
719	638
485	769
613	639
487	528
546	596
609	626
712	630
680	400
549	611
476	554
817	519
327	656
494	776
524	597
449	718
401	525
784	636
510	663
573	482
703	650
651	638
743	502
635	385
668	485
673	681
733	774
643	507
760	515
716	467
687	478
433	770
590	572
659	768
607	631
676	547
764	668
544	537
726	636
754	534
515	480
743	717
721	480
566	692
399	643
478	607
526	643
589	587
475	731
691	600
819	567
642	648
699	686
496	492
584	531
586	642
614	675
534	602
455	696
540	571
628	542
779	782
527	706
689	559
447	737
624	753
619	589
616	631
575	592
721	690
662	656
619	800
634	464
879	769
530	523
576	559
376	551
668	672
612	557
725	559
611	491
544	657
781	775
688	643
529	588
672	720
778	791
578	513
653	582
633	466
511	427
700	759
626	729
374	599
718	852
801	695
610	583
603	582
626	558
551	753
793	516
678	605
520	624
564	800
453	671
635	553
478	623
493	694
666	699
565	452
631	583
457	672
759	794
711	812
597	680
609	497
752	764
695	802
653	752
634	649
389	544
447	618
472	653
707	590
620	449
633	690
689	534
618	642
740	546
694	500
724	553
736	576
595	428
572	573
698	685
601	608
552	606
513	479
610	704
706	602
621	667
701	652
629	577
703	555
537	620
683	409
696	516
652	519
538	284
662	522
742	610
606	633
457	560
399	508
596	549
657	513
446	658
659	615
752	408
584	639
589	621
487	571
696	554
547	754
488	766
592	617
743	515
425	576
665	917
703	621
526	544
594	747
534	519
517	512
709	586
580	672
639	526
754	621
655	681
640	654
432	700
554	632
496	506
679	785
711	726
679	739
713	538
620	469
630	519
679	793
632	490
473	702
808	478
621	610
519	718
706	660
636	481
588	527
619	604
674	517
489	604
709	620
732	424
594	453
494	473
503	507
691	549
559	535
654	728
505	509
463	585
591	329
486	640
564	533
674	473
362	684
902	531
748	733
565	659
648	712
619	637
549	534
607	549
427	617
719	584
620	673
641	711
591	586
648	772
489	672
584	828
621	770
663	671
696	458
377	570
503	530
647	656
683	410
664	581
566	718
823	570
733	640
516	530
424	611
591	686
820	597
465	549
548	588
638	610
539	629
665	523
516	562
792	692
463	579
681	495
591	576
552	578
728	718
704	460
738	816
570	636
705	702
614	668
732	738
550	738
615	634
498	600
641	561
656	770
486	442
673	433
640	453
646	406
635	741
661	742
608	543
683	578
732	454
375	729
638	500
594	449
472	555
681	575
571	688
526	629
463	699
665	722
466	635
632	449
645	705
548	635
586	517
744	458
728	712
702	721
470	593
644	720
662	693
513	538
523	671
619	410
533	678
575	872
622	475
675	403
644	579
568	584
458	440
538	572
576	609
705	581
628	651
674	684
633	675
612	483
635	619
719	412
589	732
698	702
715	694
481	639
554	546
572	506
500	529
546	669
556	573
445	609
555	503
544	528
511	450
522	820
655	882
598	503
635	644
666	472
837	696
582	621
661	564
730	560
667	654
503	710
546	515
623	714
615	536
552	616
644	547
683	617
587	722
685	531
501	630
598	633
767	651
556	644
703	600
630	489
500	705
620	608
580	743
672	606
559	547
592	506
637	634
453	673
492	591
498	607
779	433
824	785
480	564
469	369
572	559
629	420
482	589
603	721
489	520
667	695
565	632
521	603
585	739
552	601
601	621
516	789
641	515
772	656
419	553
512	578
645	638
682	526
683	605
503	555
627	599
665	553
719	586
567	645
544	474
641	545
736	675
875	655
698	659
565	482
576	898
756	488
470	511
621	609
563	441
684	794
461	687
515	665
613	454
602	660
664	583
533	589
642	372
637	619
663	522
635	581
744	517
693	592
530	661
692	544
535	498
597	568
609	600
423	375
445	910
551	576
647	673
627	480
359	595
601	697
605	397
564	498
522	678
591	628
688	705
636	519
420	630
382	719
567	527
640	424
630	438
471	550
652	542
650	456
436	663
536	590
630	548
649	434
723	487
418	676
625	788
577	557
536	533
705	546
685	764
576	551
614	657
706	389
546	475
530	657
501	632
831	456
575	615
505	557
576	746
453	631
438	575
633	611
568	655
611	421
594	456
540	791
677	537
608	645
455	428
675	521
715	542
646	710
490	537
679	525
407	389
692	681
515	455
434	780
646	640
681	603
656	529
557	629
680	764
687	797
600	443
727	736
657	607
635	854
813	669
430	687
680	702
568	681
581	704
579	457
561	661
459	521
594	530
484	486
527	674
537	490
665	706
440	715
684	438
632	538
533	477
509	715
620	481
649	598
736	662
604	773
658	682
506	608
576	642
609	686
735	631
645	482
643	595
730	514
557	542
569	617
418	688
526	607
334	628
649	491
611	604
600	577
621	607
547	576
687	724
542	544
597	490
562	727
666	715
640	657
419	665
409	500
616	541
699	645
723	715
540	668
779	648
420	584
620	457
537	752
557	697
673	636
563	542
554	704
394	645
564	484
608	517
609	763
562	813
577	602
577	661
611	743
674	643
807	598
689	664
498	642
607	658
651	486
672	527
400	704
707	557
487	539
483	677
643	606
547	633
364	544
771	539
654	655
774	500
639	548
618	634
408	669
628	607
552	610
604	577
402	595
656	543
717	634
646	561
398	627
681	633
523	394
790	643
717	759
490	631
823	516
508	519
578	689
436	686
542	564
522	648
558	608
509	596
539	485
690	535
664	740
590	566
532	656
598	766
689	468
656	793
483	627
680	623
530	520
729	658
622	413
726	644
682	676
557	717
663	775
522	455
877	703
774	771
889	445
750	696
675	618
605	502
506	555
697	504
515	753
590	610
710	615
477	564
720	575
581	695
910	605
553	599
604	679
691	575
570	694
481	669
559	513
669	531
511	620
834	636
515	626
527	482
502	481
658	632
665	665
618	656
614	574
670	432
722	494
705	460
770	632
624	827
544	569
504	784
336	567
722	585
780	682
656	623
774	670
544	534
834	682
457	568
498	515
476	395
396	607
657	634
603	787
635	553
663	554
655	610
720	723
647	691
680	681
506	513
489	651
586	603
585	727
559	591
697	545
587	651
702	581
582	579
787	610
365	650
786	663
531	629
526	409
451	683
610	565
636	444
710	705
490	458
566	778
491	681
628	631
664	672
491	562
708	644
547	664
518	553
751	570
555	609
695	467
517	520
691	434
586	532
618	585
433	610
521	717
810	659
364	636
493	620
547	605
510	800
640	542
589	560
683	679
556	702
584	675
409	394
452	645
529	654
482	715
625	687
825	555
532	594
640	558
632	613
590	617
546	636
643	674
659	510
608	721
597	461
653	484
546	739
556	523
646	543
506	489
601	714
808	685
626	505
598	622
644	721
537	693
652	551
664	520
562	554
614	569
544	603
585	752
743	442
555	672
525	529
543	584
616	549
527	479
465	674
679	664
520	500
604	707
466	617
603	580
570	541
661	581
697	719
758	600
665	567
582	530
652	555
539	626
729	722
547	618
465	585
528	613
674	545
570	743
637	530
519	560
595	460
520	575
630	686
612	510
672	544
586	439
686	826
508	553
809	597
482	805
675	675
714	578
649	751
545	783
723	486
525	517
667	482
564	688
557	644
600	648
560	553
619	640
507	619
602	625
679	582
666	548
685	687
615	767
447	795
691	555
495	697
653	432
653	496
660	755
530	619
437	469
656	732
655	560
571	670
363	682
619	686
770	651
629	716
396	443
462	692
677	750
575	566
681	565
706	455
533	661
710	559
633	703
562	609
534	584
766	510
622	820
672	579
600	613
627	592
560	509
678	639
687	580
572	386
496	497
479	575
676	686
623	594
709	576
583	606
480	575
597	803
396	480
443	680
752	848
543	795
746	610
587	589
701	558
515	646
556	645
507	567
599	455
463	505
667	518
455	634
647	498
611	619
665	565
680	699
625	739
623	540
467	553
447	629
524	593
528	531
577	590
527	696
662	775
434	579
558	449
548	628
556	492
428	573
580	589
568	622
537	439
524	596
649	559
553	437
529	575
621	728
670	596
541	500
594	599
649	459
629	619
606	573
633	502
377	742
609	496
673	479
598	668
803	739
696	635
553	672
552	668
529	598
505	604
491	631
699	476
564	490
793	667
437	752
499	566
568	565
466	507
710	600
624	572
521	500
624	609
438	393
564	508
580	692
864	567
568	665
740	506
725	634
544	588
767	632
399	573
735	601
571	555
724	589
503	584
533	613
463	521
633	470
686	659
514	339
552	539
575	297
654	634
542	667
621	502
748	673
713	499
519	633
584	664
559	713
414	446
780	572
548	666
455	629
630	571
614	432
676	628
593	536
688	712
559	585
519	635
510	604
334	574
522	636
630	598
484	560
678	319
506	557
533	657
654	574
697	496
584	458
814	646
736	501
582	470
667	692
833	647
613	661
821	542
766	746
827	712
664	570
340	673
473	552
434	809
477	734
545	790
514	569
658	498
592	609
773	627
495	561
559	670
711	725
409	616
532	585
465	646
647	545
745	453
552	782
512	634
670	540
569	597
261	499
685	695
613	748
465	589
282	564
580	458
668	574
484	341
769	441
567	526
706	411
553	549
560	530
744	589
510	545
578	682
599	529
556	504
576	465
529	735
622	654
558	544
638	674
614	623
504	696
550	704
469	555
646	579
479	567
651	601
603	542
529	540
644	606
495	640
521	580
692	575
460	434
659	495
455	742
617	621
533	519
653	665
574	490
412	588
654	638
344	683
505	715
582	502
595	796
458	558
462	647
457	564
643	768
474	779
703	629
674	591
745	535
409	530
598	590
548	671
499	431
690	505
571	552
664	660
627	521
784	695
643	585
752	665
649	565
619	655
625	529
691	670
746	659
576	683
703	545
471	581
613	543
609	488
749	579
675	610
615	703
580	611
593	395
802	727
605	653
484	620
683	584
435	732
860	588
586	639
747	669
753	728
679	570
552	665
590	479
566	571
687	525
486	406
773	781
653	481
416	295
697	514
602	557
626	900
576	680
593	591
615	612
784	510
579	661
808	603
740	552
576	530
636	666
610	696
704	563
546	667
518	559
477	480
380	578
686	426
684	595
719	545
437	788
697	607
617	485
574	513
651	654
404	714
674	598
688	427
869	416
652	616
524	579
552	546
611	573
457	544
614	622
706	641
654	694
683	726
628	622
483	655
582	542
533	715
451	676
471	515
595	563
678	573
475	681
533	560
624	593
653	584
676	531
684	706
675	706
846	641
550	645
765	494
620	584
685	662
598	583
517	437
561	520
395	609
426	526
470	770
725	586
526	582
569	720
646	499
728	559
550	539
702	551
607	370
559	514
480	522
596	590
451	678
650	443
509	801
644	757
610	601
532	512
551	555
543	470
559	579
527	613
615	416
675	570
740	590
487	546
747	551
666	672
663	712
702	500
590	505
849	605
677	682
451	548
850	689
590	571
557	742
540	442
298	674
555	663
604	474
617	589
662	622
391	571
715	730
583	723
451	576
612	565
559	626
695	593
615	634
707	358
553	726
629	587
486	521
499	607
537	504
603	487
636	522
645	574
449	539
491	582
753	591
655	605
496	708
539	698
611	749
622	626
724	637
581	590
643	649
620	732
536	816
518	593
589	594
585	625
727	598
602	590
747	766
595	590
815	544
496	572
541	445
574	695
751	623
658	513
658	541
676	824
697	592
506	518
747	499
644	483
690	459
561	707
559	685
719	695
690	485
542	461
569	605
553	615
592	631
592	344
739	434
633	715
574	709
353	612
693	557
568	638
650	435
561	512
509	464
531	597
734	679
559	750
589	528
617	679
467	597
669	499
675	598
704	664
482	479
504	489
564	581
679	687
625	571
677	480
668	680
547	629
525	442
649	625
663	692
701	587
520	655
620	581
637	425
689	548
452	550
577	485
493	632
600	496
520	524
523	582
670	456
593	400
558	592
674	585
663	549
488	741
424	619
491	514
628	683
451	559
629	485
475	498
597	512
574	609
786	689
681	653
463	690
609	433
586	548
543	571
605	345
599	599
640	635
531	880
603	539
659	624
551	719
608	522
627	418
636	613
577	579
484	572
792	486
629	546
750	506
702	587
526	613
559	704
671	553
538	644
627	540
542	541
547	482
619	630
567	631
617	543
600	599
563	592
509	493
491	644
563	617
565	576
485	547
534	605
647	712
614	773
594	469
558	461
510	820
680	766
481	771
559	518
507	551
558	634
349	481
382	606
587	461
655	563
776	699
611	544
453	624
630	735
450	366
580	678
520	526
519	558
542	813
562	502
684	537
540	460
451	730
509	743
660	672
619	626
550	581
659	504
720	435
508	562
454	439
372	494
641	546
662	766
499	564
633	509
504	650
525	607
555	538
545	611
647	653
562	539
600	493
622	510
562	672
632	576
608	642
507	522
667	543
535	612
776	555
592	670
654	522
581	520
652	545
588	783
644	491
672	605
698	358
479	425
614	677
658	490
676	581
696	519
624	837
592	577
617	583
609	792
586	606
513	600
606	729
610	625
588	568
428	448
751	629
447	661
554	730
646	726
703	711
545	744
405	610
579	514
621	463
505	670
727	685
584	547
582	637
541	536
562	637
501	646
702	669
677	587
539	479
648	705
563	574
543	415
754	675
565	656
601	570
787	523
701	853
648	521
554	561
521	352
394	596
460	436
460	559
606	641
442	699
552	456
536	548
574	778
541	640
613	687
707	674
575	616
547	641
750	622
438	666
328	434
492	605
573	591
709	594
477	641
421	417
543	509
558	553
598	624
533	640
527	740
445	812
680	635
542	427
470	505
649	575
566	781
476	578
684	585
633	454
653	509
526	663
762	742
483	558
692	584
652	526
651	713
564	455
637	620
689	367
454	542
619	337
433	552
513	611
537	673
572	750
584	588
514	521
644	601
493	499
567	400
567	587
732	626
842	675
467	640
624	661
751	682
591	626
423	631
479	579
610	604
640	505
774	541
543	780
511	520
596	680
713	376
642	573
428	783
565	504
614	773
679	464
594	573
707	381
592	792
453	591
580	445
588	437
639	656
416	755
633	577
669	543
632	785
459	740
551	571
641	660
719	629
613	725
485	589
677	607
528	544
592	717
754	641
553	778
691	398
473	674
657	674
685	755
698	673
576	488
622	719
515	695
657	653
320	605
453	574
610	570
564	677
467	789
650	629
479	504
626	744
618	502
680	555
650	435
601	779
693	561
505	641
558	739
651	564
665	561
698	515
584	515
642	623
482	570
493	708
411	598
533	657
628	613
662	611
561	534
661	584
645	637
588	422
488	548
558	574
701	611
485	466
639	570
584	701
656	623
482	530
678	510
605	616
619	731
598	690
760	588
692	604
544	806
670	663
484	707
556	781
487	705
520	820
860	574
670	515
596	757
667	662
371	509
543	496
814	556
624	662
498	530
541	832
585	650
698	598
514	464
535	442
613	512
615	494
421	852
731	709
584	662
479	617
749	587
773	548
559	743
615	958
710	407
576	655
533	543
726	630
639	677
765	572
778	495
816	603
616	529
582	670
768	616
733	673
562	574
561	640
777	802
454	598
529	795
672	601
479	802
518	569
681	413
685	628
697	555
660	707
559	601
593	517
653	609
710	629
477	666
652	566
665	398
578	575
657	641
611	502
523	579
432	478
607	705
587	713
486	612
478	568
724	550
778	700
605	550
550	620
634	531
729	711
582	692
664	567
616	614
617	426
698	512
659	586
566	416
500	525
657	653
627	693
670	698
587	603
688	440
700	385
586	513
595	421
787	498
673	634
550	673
636	532
549	360
542	498
563	500
574	746
659	740
593	743
575	490
594	632
572	755
652	835
636	592
640	712
748	613
546	515
606	625
470	687
553	712
657	568
580	569
485	463
760	743
513	553
560	624
548	564
671	581
549	652
637	587
604	483
563	581
652	595
607	585
482	747
613	617
489	569
689	749
739	536
651	503
522	670
422	441
538	591
682	626
708	515
650	459
687	449
508	515
656	546
582	636
505	697
417	457
516	708
482	408
793	546
582	611
564	567
579	569
595	501
678	861
479	641
563	508
681	511
617	649
627	593
612	430
580	681
622	505
528	718
723	653
845	592
560	705
880	632
611	665
639	700
585	499
691	565
560	516
880	516
613	652
521	615
423	507
561	608
554	543
574	624
535	542
532	488
817	423
743	489
607	427
572	535
652	535
684	598
717	753
632	711
400	544
605	505
718	568
612	522
518	616
505	677
637	545
594	475
751	562
407	259
640	540
588	542
552	754
631	554
549	669
565	656
720	639
550	542
570	656
469	478
612	670
497	677
425	485
605	602
714	583
626	735
574	654
646	635
643	701
737	548
564	586
608	559
652	555
583	675
448	491
584	543
705	691
544	676
695	460
656	599
540	566
647	719
648	577
660	639
607	686
681	575
598	755
618	755
437	591
562	352
595	703
679	724
752	645
659	715
402	704
530	718
614	683
601	488
805	597
465	702
588	722
640	500
545	734
806	463
605	393
343	651
847	565
471	682
489	416
520	790
691	506
443	589
567	620
499	548
404	656
741	588
625	558
511	621
702	421
631	665
533	734
618	549
829	505
629	482
617	720
667	516
625	616
544	548
519	647
568	683
626	746
602	550
535	601
501	518
377	541
580	755
608	716
495	514
648	704
774	576
783	501
551	666
605	627
454	440
708	692
539	470
501	870
626	574
608	451
529	551
521	549
568	578
719	694
662	638
587	427
547	459
654	679
708	588
669	644
525	704
515	572
601	575
446	661
762	597
653	656
654	712
719	642
716	684
748	793
511	685
649	475
689	610
737	674
619	438
687	548
498	681
676	687
619	664
617	724
599	612
624	659
693	463
503	357
555	405
672	727
630	510
446	528
599	561
654	653
731	643
359	689
615	586
616	629
415	583
568	395
667	570
471	641
563	410
612	538
558	603
689	633
582	714
678	529
456	782
610	493
797	533
538	584
578	610
668	530
570	667
618	519
508	632
571	644
526	625
584	514
746	677
701	372
798	704
625	478
460	700
650	574
512	583
692	514
525	692
519	616
562	622
670	515
528	785
646	749
658	468
487	383
565	642
416	763
518	747
430	563
643	422
607	546
664	566
501	632
679	773
587	714
602	769
494	635
794	625
554	719
711	595
625	428
573	718
475	552
627	576
374	518
700	654
702	712
446	599
562	383
499	695
572	565
568	578
625	447
668	535
563	432
696	501
743	664
531	554
536	443
436	821
539	584
674	625
609	609
355	542
856	557
734	768
503	661
576	747
517	477
747	709
493	554
607	601
650	579
548	602
610	619
478	705
607	551
494	479
569	591
516	547
666	742
720	722
603	713
635	608
508	714
628	666
481	691
490	527
568	618
570	661
600	487
687	530
550	501
643	617
767	470
593	649
592	743
623	646
762	677
756	544
595	287
648	548
630	545
721	738
662	504
684	714
667	718
463	480
459	550
642	500
512	517
594	737
833	537
551	645
503	598
656	602
748	542
713	586
484	572
471	596
661	712
654	663
557	650
617	653
454	567
657	697
523	477
524	578
569	631
563	714
654	553
711	497
593	729
475	533
672	782
567	710
413	611
453	594
748	556
619	477
579	497
397	698
560	710
695	620
563	774
554	533
593	465
904	581
659	655
737	547
506	681
670	502
628	687
593	424
672	657
588	737
411	720
614	793
539	682
681	544
690	574
523	607
653	525
660	375
793	604
606	692
619	672
668	649
532	686
949	490
529	655
616	702
699	711
678	599
690	524
660	430
547	410
507	651
752	636
723	479
575	756
526	557
521	767
615	677
597	533
552	503
666	555
480	669
609	478
544	623
647	762
404	609
632	640
615	579
713	630
532	581
646	587
471	518
494	602
544	415
658	800
652	659
713	716
636	581
637	554
504	609
558	510
712	831
522	537
450	596
676	465
468	702
428	457
707	485
498	576
563	477
673	614
525	568
554	614
532	488
726	838
445	696
608	708
626	699
667	411
769	616
764	652
592	596
863	615
565	598
682	469
554	609
614	446
710	630
572	616
557	499
796	476
626	725
655	612
480	686
587	519
593	450
650	597
541	543
497	457
550	620
887	761
591	665
613	654
689	576
527	780
437	599
569	455
498	569
372	506
438	506
646	627
558	562
572	685
605	657
630	676
543	535
673	518
632	676
675	643
529	550
628	551
578	720
538	673
715	718
621	661
591	772
395	602
617	634
590	719
696	589
474	680
551	653
642	624
501	675
483	662
618	588
506	600
475	713
645	704
714	627
574	613
648	619
647	677
532	530
611	611
583	782
621	626
439	515
614	547
633	565
432	462
509	615
606	576
608	647
577	457
520	557
689	582
662	499
589	490
686	526
492	699
443	718
458	570
677	403
587	468
481	809
686	473
635	650
384	547
666	740
494	591
603	545
579	769
896	650
648	667
559	671
533	668
560	490
709	627
548	448
556	530
503	585
759	657
600	748
685	642
590	575
550	554
686	707
570	715
749	472
569	683
507	610
625	472
643	748
423	624
528	658
607	671
557	473
599	678
619	584
699	559
608	654
652	579
521	704
542	331
556	656
608	772
566	509
694	629
626	525
601	565
687	544
553	684
688	708
602	504
793	581
682	586
672	551
702	669
486	665
630	563
547	698
642	569
647	552
594	693
802	649
517	496
664	631
351	653
637	705
483	542
588	700
478	634
706	590
709	445
662	670
437	655
564	597
883	537
722	607
654	740
633	699
596	541
752	763
618	704
592	582
606	595
479	577
434	618
606	601
659	614
429	712
495	697
575	656
638	576
622	679
690	537
699	635
607	482
657	555
683	510
696	511
630	693
491	658
569	584
628	827
564	735
579	577
526	592
613	553
551	506
470	672
579	357
546	736
548	563
590	597
473	683
710	678
524	720
660	694
428	684
493	505
484	545
482	430
592	605
567	555
701	706
661	672
795	710
668	470
606	652
607	474
467	570
619	534
661	487
480	536
643	610
548	621
590	562
736	668
710	829
448	550
480	615
654	533
589	657
592	656
587	428
549	655
632	813
604	441
678	632
547	557
638	542
601	498
407	763
637	557
489	579
601	470
505	568
398	484
489	802
670	679
470	481
700	651
673	747
660	722
835	544
687	639
672	497
743	616
392	511
658	482
556	634
652	646
626	446
558	566
778	547
626	658
715	563
740	480
580	559
470	605
577	632
534	515
675	650
444	405
639	541
620	732
536	687
414	532
688	719
438	499
545	772
456	606
526	510
736	448
456	585
666	731
592	586
505	631
493	519
755	642
714	536
571	614
478	348
579	623
514	636
586	493
752	566
601	619
753	605
579	628
768	570
758	410
567	759
537	700
695	523
783	805
575	523
599	489
563	641
499	573
637	526
427	544
482	607
526	785
569	599
563	589
645	525
608	655
650	762
654	540
628	698
761	680
387	656
809	469
807	741
597	519
723	509
504	389
859	611
540	539
615	547
496	708
687	720
638	593
605	511
553	535
618	748
465	573
548	540
651	706
513	662
548	670
723	730
638	614
516	564
653	683
587	628
665	433
486	556
493	594
686	518
549	644
447	769
691	671
630	653
462	491
475	468
707	587
479	599
603	507
771	574
683	615
588	600
470	638
612	472
720	624
742	575
630	653
508	635
668	477
633	645
846	665
419	567
482	432
552	770
459	536
619	666
590	566
601	522
626	459
645	570
503	608
473	435
720	660
643	701
630	562
634	472
704	500
612	564
830	639
553	542
719	846
676	646
720	636
421	761
606	581
646	612
608	634
638	565
442	615
543	545
534	461
722	659
774	623
526	652
499	500
461	745
569	598
575	634
580	417
515	645
602	565
855	460
580	730
684	594
473	777
616	466
593	619
560	407
653	536
654	411
565	611
692	746
705	377
696	735
580	651
490	606
580	682
521	660
519	554
587	597
514	598
531	815
494	704
524	441
632	521
676	656
575	530
482	536
562	549
547	671
566	653
420	455
652	741
608	610
607	533
664	670
622	627
614	559
634	501
529	736
594	726
577	561
560	581
578	424
493	601
651	593
456	633
596	543
653	746
561	566
532	582
640	563
576	540
621	636
506	461
663	519
547	607
542	669
627	684
656	644
438	578
691	587
578	782
505	541
445	565
494	454
508	644
606	651
635	477
599	642
705	654
497	609
566	479
467	545
633	601
625	777
678	581
708	545
481	599
475	573
744	608
763	695
616	552
714	656
576	542
439	628
690	550
635	470
647	540
596	635
611	405
609	648
623	653
569	596
490	460
535	475
660	633
689	760
554	633
658	570
562	628
571	680
635	768
695	599
569	601
688	703
414	597
724	620
648	560
618	673
489	402
560	639
654	536
554	580
501	424
629	503
449	560
559	464
480	647
582	596
789	658
667	646
828	314
587	634
673	658
537	597
645	581
591	354
314	669
725	675
625	688
516	529
677	453
690	608
423	520
555	430
750	551
532	695
697	515
647	628
483	742
752	538
790	637
744	656
697	586
663	381
723	547
493	794
555	476
644	532
754	660
497	698
515	697
804	595
793	812
652	567
451	655
562	674
579	654
555	667
613	465
381	521
787	654
699	443
559	476
594	559
493	367
493	791
644	689
554	736
615	637
543	366
809	559
768	578
602	569
789	731
526	533
696	736
444	620
358	638
624	668
694	673
660	623
736	445
689	249
397	508
594	540
583	641
708	635
578	555
583	579
586	543
323	642
584	631
672	583
664	545
449	452
688	585
565	464
560	547
537	792
556	788
770	574
560	530
423	529
830	743
692	674
757	661
673	530
733	441
456	508
530	669
606	668
589	566
535	615
440	660
658	516
600	462
750	524
535	605
637	543
554	491
626	699
687	618
506	531
596	759
460	562
667	648
508	747
633	517
529	601
345	660
592	628
549	740
597	566
670	587
681	434
628	552
557	652
470	483
525	638
562	688
568	699
590	657
607	579
287	435
766	653
558	600
575	690
756	581
598	611
492	562
431	584
628	588
690	629
503	678
591	441
600	562
405	640
396	717
775	619
637	650
605	582
642	539
630	606
516	629
511	763
697	516
565	479
712	681
654	670
476	711
571	465
541	478
646	699
571	671
649	641
692	455
576	420
598	502
602	508
598	516
655	449
566	654
731	476
545	389
554	640
706	672
507	745
573	614
601	622
599	595
521	482
433	666
540	469
701	606
575	515
542	726
537	585
566	642
608	397
549	539
731	499
425	593
550	645
592	741
659	640
529	571
802	514
591	502
697	459
566	514
850	571
521	601
709	535
480	467
752	704
468	572
621	587
603	617
558	499
560	561
728	552
496	431
815	575
616	609
569	704
585	538
723	705
584	595
641	675
501	555
662	592
632	869
448	535
683	616
527	363
550	697
700	570
754	679
450	584
483	713
516	397
524	619
552	667
467	769
657	689
761	700
526	521
666	525
608	477
469	665
470	573
649	539
776	543
598	634
774	783
563	607
613	724
665	424
607	564
681	632
529	536
791	503
708	537
451	459
715	571
543	486
721	616
705	652
520	651
662	620
499	648
574	558
671	735
665	835
557	520
625	567
685	641
716	657
703	518
479	555
625	697
503	599
558	596
590	530
596	527
522	452
490	468
539	734
477	556
584	602
586	670
546	709
527	775
620	505
669	644
567	483
528	613
522	597
629	780
758	523
555	557
585	629
779	820
369	547
696	567
630	619
696	575
601	673
446	602
649	491
507	619
552	592
757	569
599	575
586	612
530	475
749	578
639	711
433	602
625	609
573	431
633	584
551	660
722	738
469	631
491	577
659	483
695	900
755	743
607	602
686	520
659	569
731	638
652	625
492	539
608	574
726	441
664	494
681	595
761	478
642	453
603	608
749	537
689	487
529	569
452	596
608	589
626	540
469	538
532	687
419	549
640	505
497	819
574	589
576	567
658	643
625	396
555	660
470	627
422	728
704	474
597	695
535	773
681	802
549	505
525	801
647	666
557	655
604	658
554	623
619	602
582	677
383	551
674	458
645	550
732	520
482	595
560	650
621	646
658	529
524	432
692	599
652	418
461	707
612	539
575	520
436	579
541	580
525	704
684	618
599	655
413	335
616	682
432	644
625	656
530	577
717	639
698	743
610	615
471	534
607	679
600	770
648	437
435	630
520	381
668	647
489	525
394	746
555	471
653	582
613	631
704	544
600	665
630	555
577	745
609	675
526	729
519	642
561	546
463	702
396	687
549	478
548	479
465	603
737	560
492	549
557	723
546	674
603	550
644	712
605	546
765	565
748	778
483	495
469	770
615	562
482	497
502	581
696	615
694	557
571	680
556	657
468	461
580	450
470	653
623	659
507	796
624	601
379	525
507	678
635	575
655	586
667	497
584	594
270	644
717	533
716	671
539	563
605	865
654	603
671	686
549	746
612	555
675	712
445	657
441	567
645	491
557	670
523	715
538	503
515	729
468	475
591	570
586	495
754	630
469	536
606	627
657	831
688	421
583	623
641	615
572	381
717	489
737	584
437	659
577	633
636	601
510	711
580	668
705	465
549	703
668	568
551	631
636	703
746	387
531	751
529	603
609	675
525	818
650	610
591	723
415	544
544	605
497	604
579	464
551	710
495	443
410	497
586	534
643	629
544	799
698	637
605	553
528	649
678	606
677	595
481	648
651	620
754	695
535	579
667	533
583	622
586	485
471	431
691	537
815	676
554	856
686	567
611	657
494	706
510	433
888	628
500	585
498	677
574	404
700	496
357	590
649	618
459	747
484	601
664	453
710	697
573	700
601	702
608	578
584	682
579	622
516	488
734	555
452	694
485	450
703	624
609	515
461	669
592	582
447	556
538	643
585	582
443	523
676	536
558	756
507	638
558	399
551	563
720	570
666	572
622	693
770	473
637	485
655	662
596	574
517	543
642	463
554	760
642	499
858	640
663	684
682	671
667	577
584	485
609	553
590	489
538	666
554	577
701	521
662	674
883	640
643	624
652	577
670	652
399	663
604	586
602	565
522	651
763	414
785	652
737	603
713	523
483	745
645	565
752	564
613	483
495	563
717	557
578	582
604	511
673	507
676	575
636	413
689	469
554	528
551	573
613	646
650	718
685	694
466	542
620	524
774	523
648	655
719	562
529	651
745	629
555	587
665	492
620	615
603	754
516	520
592	712
539	550
715	484
541	638
665	624
670	626
426	651
531	696
640	492
522	656
617	528
687	530
685	698
676	553
864	420
647	625
637	600
686	527
723	330
638	551
585	505
706	650
604	618
502	556
497	605
642	646
728	528
590	635
644	461
816	613
859	557
781	486
672	507
522	612
715	605
567	659
567	611
618	608
657	630
482	795
616	630
518	550
398	344
585	564
645	823
689	499
577	541
645	572
571	634
622	545
632	576
489	646
542	752
436	679
695	584
618	558
580	741
761	469
472	596
693	444
718	690
548	588
494	557
612	521
481	638
526	559
836	549
625	631
739	675
556	584
587	559
599	476
702	638
617	607
661	495
491	543
446	300
525	531
646	545
582	483
887	815
726	555
503	654
227	654
534	509
568	768
726	705
540	604
525	528
522	728
588	657
652	382
600	573
505	806
723	445
558	661
604	534
491	752
714	421
694	577
678	532
527	583
696	607
563	639
625	565
673	615
559	595
606	617
799	713
669	547
601	586
672	536
781	621
705	633
758	638
581	622
658	612
565	422
553	603
709	537
583	574
393	532
612	588
606	629
789	485
671	615
608	936
542	582
620	633
491	614
687	382
670	568
574	691
595	538
568	411
566	646
628	572
534	630
712	592
464	482
536	592
577	531
724	567
613	693
537	466
374	588
595	663
671	590
670	621
695	449
394	594
495	548
577	622
553	683
562	605
467	702
646	858
661	693
557	529
728	473
479	470
626	536
653	678
610	625
674	658
693	612
515	523
831	568
520	645
572	514
651	729
583	640
596	519
692	637
682	738
620	417
585	833
702	619
654	763
673	783
664	724
551	737
547	582
514	740
573	697
520	830
554	624
578	567
608	437
643	683
560	560
421	569
488	588
370	485
579	532
677	594
633	683
584	672
462	511
716	663
620	579
520	513
615	602
626	597
639	674
585	544
606	630
543	514
747	597
528	580
692	671
700	746
637	521
472	402
677	680
685	549
595	596
571	611
485	637
373	468
782	450
568	544
562	715
693	508
405	595
710	684
721	614
558	519
663	536
655	457
543	605
676	633
524	684
576	570
789	632
624	459
518	595
612	613
446	514
623	602
411	590
416	501
711	683
599	699
766	641
540	477
620	697
424	843
532	665
394	651
488	541
707	752
548	680
618	783
522	572
541	363
428	612
557	662
507	570
464	334
464	373
542	569
356	565
508	579
512	579
628	640
418	448
589	575
706	507
609	533
559	366
628	645
791	566
722	749
585	532
649	543
610	668
603	585
685	523
524	698
564	754
751	548
650	660
671	523
611	569
501	612
536	601
592	714
426	576
512	668
597	586
474	627
549	713
621	668
717	733
624	606
456	658
676	829
547	640
404	400
764	450
567	609
683	579
544	637
638	689
588	671
505	660
473	734
563	587
769	631
643	840
618	481
809	680
742	446
577	603
739	683
701	588
512	613
594	710
622	442
650	641
735	694
513	664
615	554
509	549
495	613
532	707
781	515
650	574
575	572
670	855
485	601
549	746
683	621
667	592
585	552
512	570
535	586
500	570
595	598
663	583
662	531
675	638
375	601
739	722
595	687
657	715
618	622
483	605
692	641
605	745
525	611
504	623
501	592
909	488
653	577
742	599
490	732
580	631
548	747
535	658
593	545
499	661
672	576
650	632
698	574
500	700
504	645
701	772
645	577
546	515
703	736
582	497
454	680
597	630
732	469
659	798
668	580
490	671
665	414
711	772
532	753
588	596
602	465
629	675
613	676
526	749
564	566
458	532
438	528
648	642
753	524
566	625
718	730
560	502
559	587
669	483
924	586
417	611
675	674
841	476
394	582
630	466
798	534
572	557
574	576
495	574
505	516
679	728
476	477
512	347
595	585
382	455
545	770
675	497
562	603
638	591
554	634
686	541
524	465
539	628
495	905
750	706
576	660
704	724
546	609
600	717
516	518
660	445
631	708
785	490
875	514
402	670
649	692
515	681
637	565
784	684
675	707
841	754
295	585
487	696
488	551
604	533
532	603
524	642
565	710
503	578
695	533
582	580
485	676
523	656
732	665
654	670
327	478
469	569
531	612
666	442
608	748
620	593
525	741
799	605
528	537
620	479
754	483
618	614
494	589
680	484
618	537
444	577
594	621
557	787
554	635
488	514
536	762
606	718
591	712
664	639
680	514
664	695
446	635
668	535
567	835
460	641
489	599
566	667
442	476
413	699
652	635
604	587
493	744
520	570
471	519
506	710
761	532
559	598
512	645
749	682
653	488
623	534
910	566
661	555
536	485
457	637
501	564
418	715
823	591
498	458
678	567
665	686
715	531
709	648
678	576
586	571
565	628
578	643
479	666
669	776
743	535
745	486
433	545
543	648
618	656
736	618
572	428
682	587
584	541
481	595
587	478
644	693
635	833
719	700
686	372
474	688
561	653
597	492
615	556
818	909
459	686
625	556
679	530
562	527
581	598
566	628
628	584
746	512
665	756
832	448
590	487
577	395
687	765
665	628
669	463
444	592
534	534
597	780
567	561
501	514
580	716
533	625
699	578
487	554
673	664
486	493
610	826
611	684
501	588
612	483
573	606
530	614
534	491
634	675
692	536
468	608
520	471
663	424
608	630
346	538
601	608
452	539
621	605
612	483
653	537
716	515
509	507
800	577
558	606
542	564
726	685
679	747
673	411
540	498
691	475
601	670
527	489
520	463
499	713
400	355
797	640
662	701
533	701
554	704
516	655
761	617
410	567
839	609
579	616
663	604
794	695
567	627
706	630
758	589
802	393
519	457
613	548
622	616
634	603
570	739
549	774
502	503
537	665
587	588
709	621
567	526
705	613
594	458
522	486
585	739
681	616
625	597
620	617
534	693
556	567
542	568
582	629
455	563
710	627
428	655
541	663
714	663
700	629
404	584
751	755
632	653
688	630
534	599
521	515
621	688
460	435
554	530
457	468
477	544
537	483
742	690
452	602
549	644
531	574
539	674
731	665
820	484
858	600
631	685
439	684
453	705
526	736
627	732
487	523
460	580
676	593
571	685
610	591
676	774
582	525
673	605
812	495
634	592
601	627
656	647
631	600
534	456
593	496
793	663
621	669
572	611
605	635
472	449
777	529
615	580
633	494
557	693
722	594
571	738
545	614
661	660
699	660
715	566
652	579
716	682
783	628
620	581
492	450
461	775
625	510
622	543
560	668
438	552
489	608
596	496
541	590
417	533
688	567
547	626
627	645
581	665
568	623
651	552
434	537
553	637
707	555
695	621
517	690
653	558
492	716
519	592
460	629
587	651
545	685
748	469
813	724
609	659
655	637
610	682
604	595
590	638
568	631
673	658
651	493
601	562
757	657
592	749
385	661
691	583
594	511
610	506
713	783
712	910
744	585
551	807
685	368
498	729
604	772
624	542
662	683
826	576
488	837
515	634
766	606
454	400
537	528
577	628
505	690
643	711
598	550
503	230
653	593
612	399
576	697
529	842
469	608
443	640
566	648
633	475
449	631
632	524
514	595
682	400
572	487
539	493
441	672
330	659
678	702
499	671
506	507
455	645
658	554
728	531
666	641
793	728
652	502
592	555
514	612
438	575
539	513
627	622
595	435
492	399
730	511
455	503
714	643
568	552
742	727
522	643
727	640
615	676
810	429
608	602
645	611
478	656
685	490
558	318
574	571
718	683
590	384
574	457
615	536
735	671
644	637
458	598
774	635
680	693
445	564
812	695
593	389
446	731
719	619
648	716
700	456
639	468
535	609
619	763
552	711
628	669
502	548
417	577
650	672
585	588
587	621
551	680
515	552
629	548
449	620
635	730
522	591
602	530
701	483
503	652
518	800
704	707
613	533
690	699
723	573
580	630
639	630
600	585
586	468
741	451
529	654
501	663
500	803
673	717
633	496
715	692
514	367
484	598
558	719
674	655
561	550
706	720
668	584
572	637
639	544
344	446
657	549
577	771
630	556
576	447
643	545
529	517
534	673
489	612
724	667
466	602
583	616
569	620
683	732
790	622
510	627
684	473
676	591
646	593
734	488
537	523
698	782
544	654
609	634
606	654
653	629
585	615
586	616
672	608
550	627
859	411
620	519
682	579
388	585
732	637
697	530
679	603
444	629
394	750
573	561
716	610
769	694
750	461
664	583
689	640
558	447
462	453
472	662
720	442
696	574
588	405
647	609
506	544
619	522
577	527
714	427
501	424
781	649
534	539
681	604
645	349
517	724
539	483
645	620
497	520
619	617
540	496
570	640
464	528
684	577
333	661
690	689
504	307
675	576
446	498
573	580
516	491
420	544
701	513
469	633
462	609
673	491
639	550
623	725
475	611
657	637
670	593
525	605
631	590
861	525
648	567
878	602
574	748
588	782
666	617
587	634
654	628
597	621
633	603
586	767
542	737
654	468
612	400
500	601
523	530
565	681
374	641
561	538
512	555
614	517
627	437
644	595
577	531
628	506
625	525
400	550
732	607
477	779
764	723
733	738
652	552
598	545
652	443
604	628
538	507
557	642
500	425
562	487
594	520
574	460
474	650
585	473
468	648
426	552
519	403
713	480
724	529
503	625
421	498
487	433
615	882
413	606
608	565
574	554
546	561
646	549
631	736
559	644
695	446
630	655
550	678
713	595
636	694
743	540
634	581
444	472
661	652
549	623
843	592
722	577
531	640
580	469
549	485
642	607
799	551
555	502
662	801
654	673
664	531
708	731
516	588
789	502
647	553
619	596
533	680
679	735
764	620
715	518
600	649
794	543
791	723
499	690
585	692
596	720
667	679
552	551
774	607
488	718
464	557
721	717
791	721
428	730
608	471
632	687
648	531
546	436
537	426
632	839
518	486
621	633
658	517
602	564
659	599
669	584
754	675
573	604
577	700
816	322
621	610
453	711
668	416
544	439
452	579
690	467
675	588
701	670
647	628
526	728
484	643
580	579
588	410
590	464
573	691
565	578
619	678
382	379
558	552
606	440
663	583
572	637
622	762
505	459
761	836
470	795
544	631
669	654
520	558
517	443
687	627
599	620
524	508
568	499
464	606
498	466
534	484
638	561
609	788
589	606
594	652
727	690
630	552
525	760
629	537
688	506
821	653
606	755
661	687
628	590
592	652
653	692
693	637
774	806
573	764
613	527
674	545
502	719
631	631
640	654
646	555
468	541
704	637
415	594
676	614
733	533
605	541
484	691
543	574
520	613
537	631
727	744
571	505
850	712
550	512
721	609
612	629
548	528
562	406
734	651
680	605
639	708
701	456
555	495
663	664
777	735
427	451
623	518
546	466
574	564
670	523
522	656
499	688
598	683
627	676
717	695
481	557
660	708
616	702
565	584
642	614
597	658
330	631
645	623
591	551
580	598
623	682
814	609
678	776
452	731
630	584
626	400
765	554
579	493
374	389
592	707
533	572
624	697
520	538
552	490
589	429
667	451
544	559
463	670
649	647
630	475
558	413
518	573
533	585
532	459
746	698
725	642
638	500
683	597
594	549
541	715
397	499
448	436
553	532
685	489
712	595
629	568
651	720
569	539
451	577
701	850
678	763
599	468
488	516
643	635
702	719
643	637
530	635
337	691
418	729
547	558
687	449
800	901
648	464
634	468
543	710
690	552
428	705
550	536
691	469
649	799
735	599
769	685
645	606
510	625
535	663
440	628
717	556
700	443
767	689
631	526
587	710
480	737
677	769
544	747
756	724
722	609
585	520
497	635
548	580
662	584
713	594
670	515
507	432
548	601
542	597
655	501
704	388
805	486
606	639
637	925
541	562
588	571
511	718
650	727
686	692
648	594
639	792
504	608
612	623
600	716
495	610
639	695
652	724
543	682
547	698
403	565
554	622
452	741
458	594
279	595
471	664
558	586
512	512
521	536
734	696
559	574
684	690
719	564
732	518
502	705
507	505
686	626
736	550
606	687
603	715
613	683
681	489
522	515
691	487
578	631
505	489
682	393
650	816
630	522
766	724
641	582
596	595
646	730
543	675
724	771
716	599
577	616
662	653
754	486
565	538
693	568
631	691
647	470
524	800
549	393
578	677
602	688
470	488
667	543
661	532
710	522
698	595
765	452
601	446
491	665
594	723
786	620
539	543
629	680
465	620
579	344
585	464
571	672
578	660
605	587
636	399
565	738
624	657
654	709
504	636
578	586
688	727
689	498
478	591
573	679
529	617
508	498
724	550
602	514
499	631
444	814
565	547
625	622
458	494
507	648
592	591
364	599
392	562
527	630
685	518
461	586
588	627
434	634
490	600
546	606
649	555
545	517
659	538
723	509
710	849
432	502
562	686
454	611
501	717
615	647
559	698
455	665
716	631
584	683
518	739
561	500
644	680
649	470
537	509
506	502
508	563
629	566
716	593
476	385
617	583
835	664
520	639
509	600
557	527
536	699
540	607
617	718
589	536
696	676
453	829
759	678
548	782
650	650
705	705
510	621
523	640
628	419
771	529
397	685
798	641
592	621
598	639
530	634
400	664
610	681
697	497
537	762
752	501
637	558
550	400
522	548
563	663
467	604
601	704
378	622
485	558
783	642
474	651
650	421
502	607
444	752
597	623
638	555
692	718
606	537
616	589
748	487
594	606
643	544
520	508
757	800
505	600
538	565
604	645
610	663
705	570
495	523
647	611
715	647
650	621
595	384
759	704
472	597
675	670
616	602
452	578
661	465
689	713
709	634
604	642
480	371
704	354
537	627
642	695
691	745
587	636
777	630
600	374
404	595
611	644
592	644
532	466
483	568
710	565
484	711
636	758
543	733
633	554
571	646
525	620
718	504
652	566
698	758
611	545
859	522
627	768
521	716
522	640
332	741
550	540
550	625
470	759
468	564
629	684
609	566
571	664
583	589
561	552
429	496
657	499
554	509
507	684
530	610
647	514
559	670
724	587
712	574
580	713
617	530
675	454
487	666
549	751
624	616
487	537
578	815
377	637
456	841
542	593
775	739
702	597
462	605
636	717
682	603
720	599
733	743
609	543
697	607
766	546
599	537
648	689
587	480
601	468
560	623
733	578
506	733
400	752
479	819
906	580
559	662
623	642
610	565
730	709
549	548
700	770
695	685
562	587
720	656
581	618
582	497
708	559
654	456
535	525
667	568
613	502
555	553
564	597
786	520
747	548
432	627
650	631
673	415
661	662
337	717
595	457
419	711
627	586
565	917
674	475
676	467
357	593
489	748
696	516
378	675
375	529
861	706
560	667
657	655
541	438
651	630
488	608
606	522
564	571
515	724
614	513
555	801
413	660
690	806
741	688
435	571
575	441
688	625
521	663
612	778
782	657
708	668
537	659
438	623
559	695
632	478
580	536
729	516
576	708
582	625
617	682
589	638
539	449
584	547
582	432
646	501
538	487
635	616
704	675
484	689
412	571
610	733
490	693
849	644
551	767
656	746
745	450
488	619
637	534
712	561
741	654
560	539
541	571
440	780
672	575
580	621
652	750
466	702
544	564
462	532
588	836
712	700
612	708
652	696
634	395
493	570
527	677
502	510
650	578
377	645
583	752
574	489
585	545
516	870
734	564
464	709
660	533
617	657
611	603
464	507
731	562
562	637
601	549
443	838
595	805
639	731
680	608
509	543
356	557
534	577
555	537
575	514
529	703
642	709
614	490
526	680
625	618
456	723
499	531
569	672
554	634
612	456
700	678
768	665
608	513
730	537
713	549
571	549
856	651
559	540
699	441
685	568
542	630
545	586
748	470
464	508
684	603
761	610
869	558
723	726
640	726
500	595
517	437
597	718
555	641
626	507
548	578
529	667
675	494
726	602
672	806
578	749
623	552
615	607
681	658
693	412
530	459
530	603
699	791
444	743
445	770
549	626
614	597
576	672
668	559
748	529
507	705
373	374
640	780
458	581
553	719
514	716
486	463
764	546
436	735
660	498
537	698
791	557
723	508
648	533
432	570
547	641
650	743
556	631
661	583
626	512
653	620
714	628
904	550
686	653
655	596
472	685
754	699
525	525
594	563
638	652
505	578
575	673
604	513
631	706
614	556
465	619
675	606
754	675
461	731
831	729
540	604
464	649
540	673
569	481
593	603
603	686
550	818
682	712
528	404
450	561
626	697
757	625
236	662
643	594
609	601
513	575
561	599
562	472
426	601
596	468
627	726
653	546
567	734
564	917
617	443
700	654
412	637
379	339
528	644
545	688
556	430
601	523
719	613
766	679
608	417
659	684
591	527
928	664
719	612
552	515
499	588
458	681
640	465
697	572
638	538
596	647
663	376
721	549
653	727
715	576
565	315
516	591
694	383
630	657
702	334
772	501
671	420
649	534
754	731
506	625
775	578
586	586
716	720
631	584
453	606
400	526
559	622
714	606
654	645
703	767
569	686
561	629
758	582
586	495
749	573
634	550
625	745
577	608
449	630
642	533
444	570
824	673
664	524
645	745
666	660
589	608
602	670
606	515
447	588
680	647
359	519
579	714
485	699
506	523
709	623
689	535
295	475
487	741
674	505
592	737
505	722
619	492
696	632
511	676
559	587
632	619
722	609
678	757
657	719
456	568
479	426
625	572
550	617
450	494
661	489
595	796
561	644
550	595
530	480
460	631
605	745
508	418
518	422
574	546
525	617
525	603
726	446
780	530
521	545
734	572
536	625
718	506
635	600
766	594
706	737
616	696
646	585
557	718
712	540
712	827
598	584
628	879
514	635
602	495
694	757
561	638
594	882
690	643
902	510
497	593
386	509
748	640
423	496
688	610
617	772
718	547
514	518
469	515
498	660
696	536
649	613
628	497
557	824
559	581
556	664
521	687
693	537
594	605
712	639
379	592
419	677
488	472
713	725
600	601
687	384
528	574
676	441
447	581
524	601
633	654
593	783
537	573
488	562
481	725
485	519
492	662
726	674
494	599
686	762
624	754
815	706
659	479
731	676
568	591
551	498
472	494
475	671
667	747
576	568
728	623
559	594
578	663
625	610
527	495
747	750
558	617
685	708
575	555
603	673
570	686
588	577
496	635
559	602
473	627
696	497
658	760
703	595
480	664
494	494
576	821
724	632
503	540
767	465
650	727
650	447
534	443
456	461
609	741
464	461
535	407
753	605
511	534
580	649
652	609
628	669
519	517
569	802
607	709
675	550
463	525
493	637
566	568
569	608
812	580
602	636
475	566
472	762
770	530
459	495
873	557
540	589
687	594
557	668
509	531
453	625
721	406
740	807
678	714
398	513
674	611
534	493
636	644
638	714
535	573
539	577
708	631
596	529
644	419
402	676
644	566
426	647
601	465
644	656
603	618
785	455
706	672
823	572
462	632
392	503
474	541
648	476
562	742
504	478
642	671
646	614
537	548
588	489
444	780
675	551
598	579
662	542
493	478
506	555
602	634
752	486
353	636
587	628
527	678
597	555
461	431
645	608
508	689
715	545
564	624
644	369
473	719
794	630
684	764
598	765
472	783
584	505
696	543
525	589
610	571
580	519
692	644
618	525
607	677
457	558
602	486
586	475
420	528
572	652
603	621
532	707
706	549
700	637
555	570
619	679
674	620
868	657
544	618
606	632
597	643
620	698
618	408
581	705
668	388
462	540
830	572
599	703
521	652
527	641
543	506
638	580
455	640
648	724
648	719
679	583
616	424
560	493
571	469
556	534
688	629
572	624
478	536
753	406
591	490
459	557
526	473
613	612
784	528
403	530
566	618
526	636
575	611
539	819
583	604
440	662
635	519
569	610
405	635
691	703
632	729
613	668
503	503
686	410
808	571
463	618
548	575
543	496
715	695
527	571
626	613
556	551
555	708
499	691
426	572
471	447
567	653
483	555
638	595
548	389
674	704
599	584
598	648
487	641
561	440
513	538
582	657
501	584
563	534
631	709
657	457
747	495
618	559
476	586
644	665
557	546
569	437
730	637
664	585
544	667
671	379
663	737
397	636
686	652
631	609
702	700
628	628
661	524
677	526
729	909
904	550
659	737
628	853
382	480
555	505
729	526
636	718
610	523
537	603
440	634
613	638
525	611
415	803
436	804
541	490
912	694
562	448
509	629
539	668
522	644
683	617
682	675
641	536
639	414
514	635
457	478
545	818
691	648
701	542
531	794
500	393
557	537
464	716
511	669
592	589
724	660
608	477
671	520
486	672
658	324
696	670
701	545
420	450
698	385
624	706
605	616
608	550
626	639
703	797
610	612
513	461
519	472
728	490
477	694
527	787
580	688
679	694
653	599
557	529
598	665
738	793
709	413
647	617
665	648
748	668
701	740
659	545
773	547
492	811
562	649
677	543
838	661
532	962
564	539
674	573
570	505
614	586
685	630
539	467
825	619
759	398
411	700
601	581
481	604
731	654
460	567
397	732
568	674
653	619
440	614
545	655
635	651
692	686
647	606
651	604
640	572
538	568
636	561
605	516
780	700
440	461
617	577
634	517
581	727
606	524
543	602
566	538
420	546
616	603
588	486
716	662
610	539
612	505
675	704
488	562
496	559
729	542
527	614
603	617
694	581
536	591
603	598
735	751
639	678
623	637
631	552
568	438
635	721
516	594
722	596
533	542
536	637
596	591
599	396
632	685
683	705
682	589
744	433
695	513
538	698
471	762
810	601
569	732
706	558
497	580
597	644
609	627
674	599
713	618
554	568
733	509
572	524
428	716
553	636
716	487
547	653
372	711
418	667
537	473
465	689
591	753
704	529
694	623
730	539
500	654
837	546
603	529
664	682
574	433
668	868
658	694
676	507
532	606
597	626
540	611
628	544
672	370
556	555
628	571
719	589
463	725
596	747
677	528
506	638
393	815
523	610
683	638
377	559
737	692
595	538
774	636
570	522
590	699
705	458
616	679
741	591
371	573
631	643
551	523
595	575
730	630
650	600
609	667
709	456
658	695
639	706
437	627
594	487
670	599
651	560
665	591
647	647
410	677
615	476
531	724
571	657
547	604
614	643
568	717
492	562
626	484
549	568
569	434
498	752
596	536
604	661
475	665
701	612
463	456
656	651
603	658
519	655
791	578
596	652
622	707
426	647
791	615
658	536
630	655
601	568
499	605
595	486
495	615
688	636
575	546
521	581
590	597
714	678
603	506
651	635
737	560
684	484
745	535
419	511
620	775
676	674
606	589
549	559
675	588
581	549
666	668
634	699
615	443
671	542
452	554
596	661
702	495
616	701
592	670
540	666
534	745
532	377
509	468
462	604
617	650
519	577
574	482
582	659
546	779
596	578
571	629
642	571
440	600
619	599
591	614
639	658
554	504
518	576
756	503
646	438
673	677
572	527
701	545
657	618
828	604
757	636
516	643
599	600
587	710
648	719
547	725
685	557
686	605
525	608
755	482
617	628
435	477
672	317
605	862
473	439
462	600
425	516
564	648
656	456
795	397
423	691
530	536
670	651
739	688
537	527
497	733
610	592
636	724
727	576
759	558
561	645
649	558
610	643
674	746
555	595
607	465
533	535
380	613
679	653
639	702
460	624
578	398
725	575
642	647
576	738
648	637
455	687
788	734
440	564
638	595
498	551
615	622
657	593
599	620
698	600
444	556
502	624
480	576
523	467
700	869
697	605
619	811
717	565
740	731
556	580
465	730
523	660
691	717
609	330
674	565
530	730
617	623
570	881
523	548
714	456
536	758
566	779
496	580
579	548
537	628
668	590
478	618
506	646
582	632
692	611
766	593
813	646
565	559
525	517
710	596
674	513
689	646
650	648
724	454
421	679
527	728
623	601
710	615
573	624
781	558
737	694
626	630
532	650
537	571
605	599
634	544
643	688
472	665
567	555
459	756
706	559
561	473
449	733
497	688
641	753
730	674
621	582
617	794
463	614
493	675
670	438
518	415
763	534
458	585
486	511
778	556
498	631
688	678
492	658
590	620
736	711
439	410
567	454
649	539
624	558
535	507
710	583
659	522
568	622
751	693
587	662
732	749
791	589
380	580
478	517
745	492
675	655
555	357
798	517
622	694
581	614
368	773
752	565
545	525
687	469
486	593
758	766
589	498
519	556
605	650
780	747
689	627
744	665
826	626
711	663
458	746
518	475
578	450
403	474
687	628
613	669
653	667
754	559
698	560
701	616
632	651
632	548
514	697
755	629
712	344
664	725
532	666
516	687
701	613
583	689
575	666
516	668
662	291
735	523
631	701
513	646
551	621
467	652
506	670
547	553
586	591
666	441
537	518
606	662
560	618
598	516
344	396
571	471
612	537
583	491
624	694
548	588
701	588
537	717
645	747
688	688
586	619
486	782
545	683
562	754
499	354
649	613
349	594
609	625
499	700
718	602
318	723
738	598
547	511
701	585
359	860
537	781
767	537
602	601
474	592
612	695
510	553
807	860
552	569
643	464
689	509
516	781
477	548
678	640
605	419
658	598
761	622
662	512
628	471
549	549
598	544
563	704
704	588
534	674
608	508
575	628
504	763
503	610
520	518
565	639
670	671
657	556
484	457
609	692
624	457
595	464
599	747
553	680
810	581
658	642
684	650
527	773
609	559
640	568
578	687
538	627
565	654
449	448
656	747
525	632
537	689
698	643
672	551
702	591
577	550
684	474
708	522
544	634
377	643
481	498
546	644
614	598
493	515
588	557
750	548
656	681
666	550
628	552
617	565
677	490
567	634
563	554
750	589
614	531
640	671
755	699
562	862
600	712
687	523
417	689
529	639
528	550
599	544
595	618
412	643
637	520
597	558
598	593
593	643
716	667
588	630
633	498
610	617
814	337
557	592
408	574
782	690
526	647
772	697
484	727
691	603
450	516
806	618
551	584
668	547
621	867
643	512
734	521
569	846
592	653
581	647
627	652
672	529
483	743
565	577
580	578
672	694
719	549
454	594
708	603
681	681
477	640
755	581
498	652
636	643
469	736
654	651
523	594
597	648
635	539
449	559
693	587
622	795
604	664
637	598
680	772
734	749
859	577
556	616
779	315
842	511
439	563
635	614
649	593
458	549
503	528
487	642
794	773
594	548
565	465
580	474
702	614
626	624
460	589
542	635
619	613
609	547
666	454
567	602
572	513
501	669
616	454
656	629
676	641
665	621
563	692
738	582
583	515
662	627
686	607
546	663
751	530
555	498
548	667
573	682
692	667
557	691
657	650
562	553
603	723
658	539
656	503
571	525
525	415
542	653
518	542
558	726
615	747
630	574
724	589
673	727
677	715
465	540
493	767
660	682
613	750
763	689
738	586
588	484
761	537
710	541
756	805
393	682
553	709
789	485
727	597
687	749
504	675
469	727
619	667
720	615
660	757
762	694
578	780
804	622
653	574
651	510
378	620
623	855
369	524
461	454
320	388
395	830
642	769
884	622
740	582
513	651
706	613
617	398
564	639
508	736
462	580
501	734
371	585
576	589
538	510
499	584
654	759
405	661
557	675
466	584
590	705
399	662
595	571
418	494
626	524
540	687
345	742
845	653
542	508
360	620
687	431
706	594
634	606
476	534
638	528
561	540
694	687
450	485
730	618
457	585
557	801
643	777
583	420
643	508
803	468
629	513
598	490
634	694
539	495
606	543
542	662
419	509
657	687
616	586
539	565
667	634
503	507
537	488
658	562
661	518
526	462
786	579
648	594
568	505
564	477
553	500
558	560
448	574
719	726
572	592
645	705
528	587
537	589
614	499
594	525
571	609
479	613
454	676
650	733
660	669
425	598
855	668
744	673
504	571
606	628
643	560
591	715
397	652
744	640
902	697
920	477
417	457
584	576
539	706
827	577
584	609
638	456
515	661
387	653
608	562
579	692
526	658
534	523
745	521
537	683
479	696
571	527
498	573
664	558
640	575
535	688
453	681
746	631
524	520
617	654
525	698
528	493
540	393
706	591
432	660
528	755
690	577
391	663
713	551
525	503
488	582
751	575
524	809
635	663
550	815
566	545
559	664
695	694
646	581
526	814
585	591
756	515
753	513
751	646
592	394
458	759
509	560
591	678
538	650
550	483
667	540
648	533
668	646
548	563
748	472
687	630
738	521
605	477
640	660
605	665
489	579
696	549
549	526
435	682
784	611
570	608
767	542
452	751
581	666
738	642
613	556
540	394
548	527
509	498
623	737
451	548
747	718
528	625
668	477
615	511
768	571
649	569
583	510
499	674
669	574
691	534
442	496
432	707
590	589
588	637
721	538
554	585
682	484
537	518
637	546
846	608
687	482
547	566
518	666
606	658
583	581
475	650
659	708
688	437
447	611
506	855
622	564
693	495
406	718
445	692
648	506
771	526
515	617
845	626
563	653
726	704
402	551
584	480
551	391
755	719
648	700
628	671
527	516
674	576
700	722
696	699
476	522
549	642
500	669
656	428
653	483
737	644
552	528
693	340
506	519
596	672
786	499
525	652
675	578
556	624
753	633
471	588
561	561
458	624
634	500
525	520
561	317
597	553
628	614
663	413
672	540
508	792
675	635
521	710
753	594
577	671
744	504
626	751
569	614
542	681
630	684
522	453
870	661
541	370
723	602
567	596
667	517
686	572
509	676
459	771
658	604
637	568
708	586
547	795
656	429
807	639
682	422
581	481
551	626
700	493
689	562
871	619
603	327
628	485
509	653
760	540
616	682
719	569
769	694
501	539
550	600
634	476
517	722
778	634
565	541
378	461
534	377
492	640
512	676
570	535
723	435
551	616
761	590
708	676
829	501
680	629
644	560
726	535
466	668
769	518
631	543
592	550
430	696
378	533
419	442
404	648
612	494
444	523
616	575
736	613
647	642
393	571
425	746
711	576
731	762
754	774
333	774
476	676
672	631
629	447
656	647
695	728
656	720
699	571
652	564
622	619
519	679
490	700
604	494
484	585
508	697
608	443
698	439
461	704
682	655
470	566
612	636
512	665
737	600
610	519
595	818
666	787
571	537
660	553
460	609
553	602
644	626
611	535
613	678
703	645
524	533
547	441
520	616
460	500
580	368
670	738
535	613
544	723
705	677
581	600
522	474
507	500
615	492
448	526
815	569
690	416
730	588
326	556
682	477
649	598
510	766
706	647
524	579
553	604
568	693
640	750
582	665
546	646
562	549
651	701
600	659
614	395
537	598
687	478
450	475
561	632
598	412
608	447
474	680
482	621
690	408
667	559
511	699
622	728
530	476
454	560
608	609
569	526
687	662
585	649
686	644
644	669
576	564
745	662
548	739
598	686
623	590
531	685
634	635
378	495
629	559
510	516
515	439
480	629
538	443
722	660
628	741
594	555
600	596
713	642
574	668
757	629
563	659
750	739
484	588
543	618
566	654
707	589
738	440
628	681
661	717
525	814
514	667
575	713
531	565
643	652
688	519
513	680
573	555
506	542
491	561
593	474
619	536
571	756
673	573
350	665
627	734
530	615
622	607
669	720
713	622
489	524
392	586
469	573
428	758
518	481
513	629
568	496
399	857
670	637
750	713
645	644
740	587
636	568
636	609
636	587
536	647
739	535
799	696
640	687
621	600
679	516
434	462
792	786
573	565
679	573
645	460
574	664
438	507
397	743
542	477
548	558
772	427
570	428
628	410
667	407
655	524
538	570
657	628
382	503
650	576
578	738
706	844
630	627
875	582
561	568
477	667
490	589
536	552
553	535
758	570
503	518
630	592
654	706
666	541
522	597
654	553
631	741
749	569
670	517
696	684
511	580
297	458
657	618
668	538
532	780
602	609
583	764
517	486
680	612
586	589
704	491
653	561
530	738
511	783
790	690
587	600
463	675
577	637
647	734
616	543
312	642
595	609
591	525
687	650
587	607
488	472
730	483
570	599
618	360
605	763
653	578
691	602
603	635
534	609
741	589
548	504
705	473
508	491
564	637
531	774
622	460
629	448
612	532
749	656
744	451
655	618
578	577
624	515
663	678
459	425
574	670
805	653
621	641
580	583
750	598
775	649
625	471
615	519
672	613
507	624
431	640
482	576
562	533
622	609
724	621
765	709
657	506
348	517
721	480
523	726
581	403
573	482
669	642
450	459
787	645
558	486
792	683
519	476
773	703
558	627
623	800
616	634
565	709
451	705
654	446
566	573
544	390
554	605
639	584
550	558
767	721
753	711
707	475
593	492
602	653
496	678
717	574
481	621
625	520
471	645
596	624
469	722
514	644
641	684
534	487
479	534
618	581
484	425
585	548
433	626
448	642
501	826
682	581
588	444
533	624
708	549
590	771
572	634
618	605
542	765
585	595
693	539
561	639
675	576
532	781
604	455
609	515
495	595
783	796
726	470
590	542
626	620
557	666
522	403
694	588
532	735
700	331
656	490
466	574
534	612
740	582
398	664
618	582
528	423
459	641
720	514
580	872
625	736
502	549
795	507
560	626
519	677
658	427
692	651
725	611
650	553
683	447
661	631
432	513
552	680
668	676
635	735
628	466
501	568
483	700
687	575
726	652
808	524
750	479
447	658
659	684
567	536
522	645
649	525
608	582
534	747
616	692
489	635
477	540
682	544
531	539
496	618
755	633
503	650
751	554
565	527
777	827
478	581
573	554
527	655
491	550
468	720
701	542
560	512
554	559
659	461
620	546
541	713
562	734
624	525
493	381
675	540
742	559
702	507
836	558
457	602
676	561
698	558
632	458
490	516
521	506
578	647
594	668
534	758
820	700
385	639
649	564
561	742
625	559
583	406
821	612
653	741
362	521
828	677
617	516
498	623
619	612
722	611
715	486
579	572
655	648
679	432
638	493
499	685
549	699
627	614
595	424
551	612
713	713
545	768
658	473
785	665
615	519
702	497
579	686
593	552
586	505
697	497
686	536
611	690
689	768
527	708
857	654
567	516
779	428
431	550
539	692
673	585
474	688
595	620
693	522
652	754
609	652
619	576
411	529
671	408
492	567
703	508
581	467
559	534
569	614
644	555
709	587
683	763
777	721
677	634
624	628
492	544
465	648
622	751
323	599
658	677
535	648
693	524
575	666
548	547
357	475
599	635
695	623
692	468
573	610
572	572
737	648
652	631
568	444
721	561
719	688
624	683
628	753
508	407
618	563
510	638
594	616
594	546
552	766
534	615
575	744
553	681
591	617
579	636
457	556
620	610
486	596
604	548
534	616
705	558
621	360
543	680
698	695
565	754
463	632
700	622
430	488
576	693
286	805
709	424
677	451
615	611
730	597
662	672
467	466
482	580
712	701
567	520
618	712
595	601
612	490
565	869
630	488
595	600
497	488
509	695
610	514
633	687
687	701
630	642
499	640
624	488
576	751
619	569
614	408
705	313
591	697
719	267
654	596
430	686
594	573
649	540
773	462
642	641
733	565
556	628
683	582
551	565
598	554
685	574
715	565
556	573
735	359
856	453
612	613
481	575
665	717
620	827
649	593
608	458
649	506
741	410
555	599
563	536
655	638
641	493
