0
0
0
0
0
0
0
0
0
0
0
0
0
0
0
0
0
0
0
0
0
0
0
0
0
0
0
0
0
0
0
0
0
0
0
0
0
0
0
0
0
0
0
0
0
0
0
0
0
0
0
0
0
0
0
0
0
0
0
0
0
0
0
0
0
0
0
0
0
0
0
0
0
0
0
0
0
0
0
0
0
0
0
0
0
0
0
0
0
0
0
0
0
0
0
0
0
0
0
0
0
0
0
0
0
0
0
0
0
0
0
0
0
0
0
0
0
0
0
0
0
0
0
0
0
0
0
0
0
0
0
0
0
0
0
0
0
0
0
0
0
0
0
0
0
0
0
0
0
0
0
0
0
0
0
0
0
0
0
0
0
0
0
0
0
0
0
0
0
0
0
0
0
0
0
0
0
0
0
0
0
0
0
0
0
0
0
0
0
0
0
0
0.0001
0.0001
0.0001
0.0001
0.0001
0.0001
0.0001
0.0001
0.0001
0.0001
0.0001
0.0001
0.0001
0.0001
0.0001
0.0001
0.0001
0.0001
0.0001
0.0001
0.0001
0.0001
0.0001
0.0001
0.0001
0.0001
0.0001
0.0001
0.0001
0.0001
0.0001
0.0001
0.0001
0.0001
0.0001
0.0001
0.0001
0.0001
0.0002
0.0002
0.0002
0.0002
0.0002
0.0002
0.0002
0.0002
0.0002
0.0002
0.0002
0.0002
0.0002
0.0002
0.0002
0.0002
0.0002
0.0002
0.0003
0.0003
0.0004
0.0004
0.0004
0.0004
0.0004
0.0004
0.0005
0.0005
0.0005
0.0006
0.0006
0.0006
0.0006
0.0006
0.0006
0.0006
0.0007
0.0007
0.0007
0.0007
0.0007
0.0007
0.0007
0.0007
0.0007
0.0007
0.0007
0.0007
0.0007
0.0007
0.0008
0.0008
0.0008
0.0009
0.0009
0.0009
0.0009
0.0009
0.001
0.001
0.001
0.001
0.001
0.001
0.0011
0.0013
0.0013
0.0014
0.0015
0.0015
0.0015
0.0015
0.0015
0.0015
0.0015
0.0015
0.0016
0.0016
0.0016
0.0016
0.0016
0.0016
0.0016
0.0017
0.0019
0.0019
0.0019
0.0021
0.0021
0.0023
0.0024
0.0025
0.0028
0.0028
0.0029
0.0029
0.003
0.003
0.0031
0.0031
0.0031
0.0032
0.0033
0.0034
0.0036
0.0037
0.0037
0.0038
0.0038
0.0038
0.004
0.004
0.0042
0.0044
0.0045
0.0048
0.0051
0.0052
0.0054
0.0056
0.0057
0.0058
0.0059
0.0062
0.0065
0.0068
0.0068
0.0071
0.0071
0.0071
0.0071
0.0073
0.0076
0.0078
0.0083
0.0087
0.0088
0.009
0.0091
0.0093
0.0094
0.0095
0.01
0.0105
0.0108
0.0109
0.0109
0.0113
0.0113
0.0117
0.0121
0.0124
0.0128
0.0131
0.0135
0.0137
0.0146
0.0148
0.0154
0.0158
0.0161
0.0167
0.0173
0.018
0.0182
0.019
0.0194
0.0198
0.0203
0.0209
0.0216
0.0221
0.0226
0.0235
0.0246
0.0251
0.026
0.0268
0.0272
0.0278
0.0285
0.0289
0.0297
0.0303
0.0308
0.0313
0.032
0.0322
0.033
0.0338
0.0345
0.0353
0.0363
0.0373
0.0386
0.0397
0.0408
0.042
0.0427
0.0439
0.0449
0.046
0.0468
0.048
0.049
0.0501
0.0515
0.0528
0.0536
0.055
0.0559
0.0575
0.0583
0.0588
0.0605
0.0617
0.0628
0.0634
0.065
0.0661
0.0667
0.0682
0.0692
0.0707
0.0714
0.0732
0.0748
0.0757
0.0778
0.0792
0.0814
0.083
0.0844
0.0856
0.0869
0.0886
0.0905
0.0925
0.0946
0.0965
0.098
0.1001
0.1014
0.1027
0.1044
0.1069
0.108
0.1107
0.1135
0.1151
0.1164
0.1189
0.1215
0.1239
0.1257
0.1272
0.1298
0.1317
0.1339
0.1368
0.1389
0.1408
0.1427
0.1453
0.1478
0.1489
0.151
0.1543
0.1573
0.1588
0.1607
0.1628
0.1647
0.1671
0.1706
0.1734
0.1761
0.1794
0.1816
0.1843
0.187
0.1886
0.1908
0.1932
0.1956
0.1988
0.202
0.2051
0.2074
0.2109
0.2139
0.2161
0.2198
0.2233
0.226
0.2293
0.2321
0.2346
0.2376
0.2403
0.2434
0.2461
0.2491
0.2525
0.2554
0.2583
0.2611
0.2637
0.2667
0.27
0.2733
0.2763
0.2791
0.2828
0.286
0.2888
0.2934
0.2971
0.3015
0.3053
0.3086
0.3117
0.3148
0.3184
0.3224
0.3275
0.332
0.3368
0.3402
0.3434
0.3468
0.3512
0.3554
0.3588
0.3616
0.3653
0.3691
0.3726
0.3757
0.3799
0.3836
0.3872
0.3909
0.3942
0.3982
0.4019
0.4061
0.4097
0.4132
0.4165
0.4201
0.4238
0.4281
0.431
0.4361
0.44
0.4433
0.4473
0.451
0.4546
0.4593
0.4634
0.4676
0.4718
0.4758
0.48
0.4845
0.4892
0.4926
0.496
0.5008
0.505
0.509
0.5131
0.5176
0.522
0.5262
0.5304
0.5348
0.5377
0.5418
0.5461
0.5503
0.5546
0.5592
0.5633
0.5663
0.5701
0.5732
0.5769
0.5813
0.5847
0.5881
0.5913
0.5958
0.5991
0.6029
0.6068
0.6113
0.6148
0.6181
0.621
0.6249
0.6292
0.6314
0.6359
0.6407
0.6442
0.6476
0.6518
0.6559
0.6588
0.6628
0.6677
0.6718
0.6761
0.6805
0.684
0.689
0.6919
0.696
0.6996
0.703
0.706
0.7094
0.7129
0.7161
0.72
0.7224
0.7256
0.7291
0.7311
0.735
0.7378
0.741
0.743
0.7467
0.7493
0.7526
0.756
0.7587
0.7613
0.7649
0.7675
0.7699
0.7722
0.775
0.7776
0.7807
0.7834
0.7863
0.7891
0.793
0.797
0.8006
0.8029
0.8056
0.8077
0.8116
0.8143
0.8172
0.8201
0.8221
0.8249
0.8276
0.8303
0.8324
0.8341
0.8363
0.8394
0.8424
0.8441
0.8456
0.8479
0.8503
0.8525
0.8549
0.8571
0.8589
0.8608
0.8631
0.8646
0.867
0.8689
0.8708
0.8728
0.8764
0.8785
0.8813
0.8824
0.8841
0.886
0.8884
0.892
0.894
0.8965
0.8982
0.8997
0.9018
0.9031
0.905
0.9066
0.908
0.9101
0.9115
0.9135
0.9154
0.9166
0.9183
0.9194
0.9208
0.9228
0.924
0.9249
0.9263
0.9281
0.9293
0.9316
0.9329
0.9343
0.9357
0.9365
0.9374
0.9385
0.94
0.9407
0.9417
0.9427
0.9438
0.945
0.946
0.9473
0.9482
0.9493
0.9506
0.9517
0.9528
0.9534
0.9545
0.9555
0.9565
0.9571
0.958
0.9592
0.9596
0.9599
0.961
0.9617
0.9626
0.963
0.9635
0.9644
0.9651
0.966
0.9665
0.9671
0.9679
0.9686
0.9691
0.9704
0.9712
0.9717
0.9719
0.9726
0.973
0.9735
0.9742
0.9748
0.9753
0.9759
0.9762
0.9766
0.977
0.9772
0.9775
0.9781
0.9786
0.9797
0.9804
0.981
0.9821
0.9825
0.983
0.9833
0.9836
0.9842
0.9843
0.9846
0.9849
0.9851
0.9857
0.986
0.9864
0.9867
0.9869
0.9872
0.9873
0.9883
0.9888
0.9895
0.99
0.9902
0.9905
0.9908
0.9911
0.9911
0.9913
0.9917
0.9924
0.9925
0.9927
0.9928
0.993
0.9934
0.9936
0.9937
0.994
0.9942
0.9942
0.9943
0.9945
0.9947
0.9951
0.9954
0.9956
0.9956
0.9956
0.9956
0.9957
0.9959
0.9959
0.996
0.996
0.996
0.9962
0.9962
0.9964
0.9964
0.9966
0.9967
0.997
0.997
0.9971
0.9973
0.9974
0.9975
0.9975
0.9977
0.9977
0.9978
0.9978
0.998
0.9981
0.9982
0.9982
0.9982
0.9983
0.9984
0.9984
0.9984
0.9984
0.9984
0.9985
0.9985
0.9985
0.9985
0.9986
0.9987
0.9988
0.999
0.999
0.999
0.999
0.999
0.999
0.999
0.999
0.999
0.9991
0.9991
0.9991
0.9991
0.9993
0.9994
0.9994
0.9994
0.9994
0.9994
0.9994
0.9994
0.9994
0.9995
0.9995
0.9995
0.9995
0.9995
0.9996
0.9996
0.9996
0.9996
0.9996
0.9996
0.9997
0.9997
0.9997
0.9997
0.9997
0.9997
0.9997
0.9997
0.9997
0.9997
0.9997
0.9997
0.9997
0.9997
0.9997
0.9997
0.9998
0.9998
0.9998
0.9998
0.9998
0.9998
0.9998
0.9998
0.9998
0.9998
0.9998
0.9998
0.9998
0.9998
0.9998
0.9998
0.9998
0.9998
0.9998
0.9998
0.9998
0.9999
0.9999
0.9999
0.9999
0.9999
0.9999
0.9999
0.9999
0.9999
0.9999
0.9999
0.9999
0.9999
0.9999
0.9999
0.9999
0.9999
0.9999
1
1
1
1
1
1
1
1
1
1
1
1
1
