0
0
0
0
0
0
0
0
0
0
0
0
0
0
0
0
0
0
0
0
0
0
0
0
0
0
0
0
0
0
0
0
0
0
0
0
0
0
0
0
0
0
0
0
0
0
0
0
0
0
0
0
0
0
0
0
0
0
0
0
0
0
0
0
0
0
0
0
0
0
0
0
0
0
0
0
0
0
0
0
0
0
0
0
0
0
0
0
0
0
0
0
0
0
0
0
0
0
0
0
0
0
0
0
0
0
0
0
0
0
0
0
0
0
0
0
0
0
0
0
0
0
0
0
0
0
0
0
0
0
0
0
0
0
0
0
0
0
0
0
0
0
0
0
0
0
0
0
0
0
0
0
0
0
0
0
0
0
0
0
0
0
0
0
0
0
0
0
0
0
0
0
0
0
0
0
0
0
0
0
0
0
0
0
0
0
0
0
0
0
0
0
0
0
0
0
0
0
0
0
0
0
0
0
0
0
0
0
0
0
0
0
0
0
0
0
0
0
0
0
0
0
0
0
0
0
0
0
0
0
0
0
0
0
0
0
0
0
0
0
0
0
0
0
0
0
0
0
0
0
0
0
0
0
0
0
0.0005
0.0005
0.0005
0.0005
0.0005
0.0005
0.0005
0.0005
0.0005
0.0005
0.0005
0.0005
0.0005
0.0005
0.0005
0.0005
0.0005
0.0005
0.0005
0.0005
0.0005
0.0005
0.0005
0.0005
0.0005
0.0005
0.0005
0.0005
0.0005
0.0005
0.0005
0.0005
0.0005
0.0005
0.0005
0.0005
0.0005
0.0005
0.0005
0.0005
0.0005
0.0005
0.0005
0.0005
0.0005
0.0005
0.0005
0.0005
0.0005
0.0005
0.0005
0.0005
0.0005
0.0005
0.0005
0.0005
0.0005
0.0005
0.0005
0.0005
0.0005
0.0005
0.0005
0.0005
0.0005
0.0005
0.0005
0.0005
0.0005
0.0005
0.0005
0.0005
0.0005
0.0005
0.0005
0.0005
0.0005
0.0005
0.0005
0.0005
0.0005
0.0005
0.0005
0.0005
0.0005
0.0005
0.0005
0.0005
0.0005
0.0005
0.0005
0.0005
0.0005
0.0005
0.0005
0.0005
0.0005
0.0005
0.0005
0.0005
0.0005
0.0005
0.0005
0.0005
0.0005
0.0005
0.0005
0.0005
0.0005
0.0005
0.0005
0.0005
0.0005
0.0005
0.0005
0.0005
0.0005
0.0005
0.0005
0.0005
0.0005
0.0005
0.0005
0.0005
0.0005
0.0005
0.0005
0.0005
0.0087
0.0087
0.0087
0.0087
0.0087
0.0087
0.0087
0.0087
0.0087
0.0087
0.0087
0.0087
0.0087
0.0087
0.0087
0.0087
0.0087
0.0087
0.0087
0.0087
0.0087
0.0087
0.0087
0.0087
0.0087
0.0087
0.0087
0.0087
0.0087
0.0087
0.0087
0.0087
0.0087
0.0087
0.0087
0.0087
0.0087
0.0087
0.0087
0.0087
0.0087
0.0087
0.0087
0.0087
0.0087
0.0087
0.0087
0.0087
0.0087
0.0087
0.0087
0.0087
0.0087
0.0087
0.0087
0.0087
0.0087
0.0087
0.0087
0.0087
0.0087
0.0087
0.0087
0.0087
0.0334
0.0334
0.0334
0.0334
0.0334
0.0334
0.0334
0.0334
0.0334
0.0334
0.0334
0.0334
0.0334
0.0334
0.0334
0.0334
0.0334
0.0334
0.0334
0.0334
0.0334
0.0334
0.0334
0.0334
0.0334
0.0334
0.0334
0.0334
0.0334
0.0334
0.0334
0.0334
0.0458
0.0458
0.0458
0.0458
0.0458
0.0458
0.0458
0.0458
0.0458
0.0458
0.0458
0.0458
0.0458
0.0458
0.0458
0.0458
0.0458
0.0458
0.0458
0.0458
0.0458
0.0458
0.0458
0.0458
0.0458
0.0458
0.0458
0.0458
0.0458
0.0458
0.0458
0.0458
0.1849
0.1849
0.1849
0.1849
0.1849
0.1849
0.1849
0.1849
0.1849
0.1849
0.1849
0.1849
0.1849
0.1849
0.1849
0.1849
0.2042
0.2042
0.2042
0.2042
0.2042
0.2042
0.2042
0.2042
0.2042
0.2042
0.2042
0.2042
0.2042
0.2042
0.2042
0.2042
0.2528
0.2528
0.2528
0.2528
0.2528
0.2528
0.2528
0.2528
0.2528
0.2528
0.2528
0.2528
0.2528
0.2528
0.2528
0.2528
0.2789
0.2789
0.2789
0.2789
0.2789
0.2789
0.2789
0.2789
0.2789
0.2789
0.2789
0.2789
0.2789
0.2789
0.2789
0.2789
0.3635
0.3635
0.3635
0.3635
0.3635
0.3635
0.3635
0.3635
0.3635
0.3635
0.3635
0.3635
0.3635
0.3635
0.3635
0.3635
0.3925
0.3925
0.3925
0.3925
0.3925
0.3925
0.3925
0.3925
0.3935
0.3935
0.3935
0.3935
0.3935
0.3935
0.3935
0.3935
0.4539
0.4539
0.4539
0.4539
0.4539
0.4539
0.4539
0.4539
0.4539
0.4539
0.4539
0.4539
0.4539
0.4539
0.4539
0.4539
0.4836
0.4836
0.4836
0.4836
0.4836
0.4836
0.4836
0.4836
0.4836
0.4836
0.4836
0.4836
0.4836
0.4836
0.4836
0.4836
0.6013
0.6013
0.6013
0.6013
0.6013
0.6013
0.6013
0.6013
0.6013
0.6013
0.6013
0.6013
0.6013
0.6013
0.6013
0.6013
0.6226
0.6226
0.6226
0.6226
0.6226
0.6226
0.6226
0.6226
0.6226
0.6226
0.6226
0.6226
0.6226
0.6226
0.6226
0.6226
0.67
0.67
0.67
0.67
0.67
0.67
0.67
0.67
0.67
0.67
0.67
0.67
0.67
0.67
0.67
0.67
0.6834
0.6834
0.6834
0.6834
0.6834
0.6834
0.6834
0.6834
0.6834
0.6834
0.6834
0.6834
0.6834
0.6834
0.6834
0.6834
0.7551
0.7551
0.7551
0.7551
0.7551
0.7551
0.7551
0.7551
0.7551
0.7551
0.7551
0.7551
0.7551
0.7551
0.7551
0.7551
0.7554
0.7554
0.7554
0.7554
0.7554
0.7554
0.7554
0.7554
0.7554
0.7554
0.7554
0.7554
0.7554
0.7554
0.7554
0.7554
0.7868
0.7868
0.7868
0.7868
0.7868
0.7868
0.7868
0.7868
0.7868
0.7868
0.7868
0.7868
0.7868
0.7868
0.7868
0.7868
0.7868
0.7868
0.7868
0.7868
0.7868
0.7868
0.7868
0.7868
0.7868
0.7868
0.7868
0.7868
0.7868
0.7868
0.7868
0.7868
0.8972
0.8972
0.8972
0.8972
0.8972
0.8972
0.8972
0.8972
0.8972
0.8972
0.8972
0.8972
0.8972
0.8972
0.8972
0.8972
0.8972
0.8972
0.8972
0.8972
0.8972
0.8972
0.8972
0.8972
0.8972
0.8972
0.8972
0.8972
0.8972
0.8972
0.8972
0.8972
0.8972
0.8972
0.8972
0.8972
0.8972
0.8972
0.8972
0.8972
0.8972
0.8972
0.8972
0.8972
0.8972
0.8972
0.8972
0.8972
0.8972
0.8972
0.8972
0.8972
0.8972
0.8972
0.8972
0.8972
0.8972
0.8972
0.8972
0.8972
0.8972
0.8972
0.8972
0.8972
0.8972
0.8972
0.8972
0.8972
0.8972
0.8972
0.8972
0.8972
0.8972
0.8972
0.8972
0.8972
0.8972
0.8972
0.8972
0.8972
0.8972
0.8972
0.8972
0.8972
0.8972
0.8972
0.8972
0.8972
0.8972
0.8972
0.8972
0.8972
0.8972
0.8972
0.8972
0.8972
0.8972
0.8972
0.8972
0.8972
0.8972
0.8972
0.8972
0.8972
0.8972
0.8972
0.8972
0.8972
0.8972
0.8972
0.8972
0.8972
0.8972
0.8972
0.8972
0.8972
0.8972
0.8972
0.8972
0.8972
0.8972
0.8972
0.8972
0.8972
0.8972
0.8972
0.8972
0.8972
0.9098
0.9098
0.9098
0.9098
0.9098
0.9098
0.9098
0.9098
0.9098
0.9098
0.9098
0.9098
0.9098
0.9098
0.9098
0.9098
0.9098
0.9098
0.9098
0.9098
0.9098
0.9098
0.9098
0.9098
0.9098
0.9098
0.9098
0.9098
0.9098
0.9098
0.9098
0.9098
0.9098
0.9098
0.9098
0.9098
0.9098
0.9098
0.9098
0.9098
0.9098
0.9098
0.9098
0.9098
0.9098
0.9098
0.9098
0.9098
0.9098
0.9098
0.9098
0.9098
0.9098
0.9098
0.9098
0.9098
0.9098
0.9098
0.9098
0.9098
0.9098
0.9098
0.9098
0.9098
0.9098
0.9098
0.9098
0.9098
0.9098
0.9098
0.9098
0.9098
0.9098
0.9098
0.9098
0.9098
0.9098
0.9098
0.9098
0.9098
0.9098
0.9098
0.9098
0.9098
0.9098
0.9098
0.9098
0.9098
0.9098
0.9098
0.9098
0.9098
0.9098
0.9098
0.9098
0.9098
0.9098
0.9098
0.9098
0.9098
0.9098
0.9098
0.9098
0.9098
