602
597
480
658
504
451
768
509
469
680
745
519
620
497
711
928
511
552
814
638
493
499
630
586
673
827
599
530
648
560
546
475
724
595
690
561
636
632
582
797
460
571
631
696
682
482
590
456
713
463
611
803
638
840
453
467
640
698
626
564
490
630
568
590
518
687
502
505
446
644
753
661
560
518
538
325
627
394
535
469
661
678
500
592
493
627
607
619
653
467
687
462
555
570
589
665
668
672
563
664
681
597
641
534
717
677
528
332
547
658
785
556
649
571
429
539
588
634
673
649
535
691
539
517
582
435
497
696
670
601
664
620
544
626
650
584
702
457
674
625
659
635
662
683
595
580
433
679
488
532
610
718
625
576
624
486
630
490
473
302
636
640
509
568
554
524
651
440
712
580
596
472
530
579
553
342
548
425
593
556
439
654
475
673
485
550
508
614
722
713
655
659
621
534
580
739
644
640
520
584
621
602
628
641
664
570
415
633
458
656
691
613
687
533
658
647
775
572
593
581
648
791
567
449
491
758
680
698
636
630
920
646
524
498
463
672
472
636
544
630
471
693
702
547
665
472
511
410
785
752
807
553
590
402
488
575
588
646
563
753
630
535
564
606
642
757
455
608
607
771
541
376
650
828
835
727
674
609
654
699
556
671
632
567
577
465
566
516
575
694
602
620
669
494
616
554
682
738
473
696
579
577
496
622
571
632
522
541
462
502
521
584
808
470
721
653
515
467
541
686
645
569
524
548
547
651
529
743
537
603
666
453
695
693
469
681
447
341
466
576
607
589
468
576
679
551
574
573
595
477
632
575
698
572
603
763
715
567
750
605
683
536
819
496
472
644
672
674
629
699
684
470
521
648
538
583
467
726
618
832
745
553
409
722
582
508
661
574
604
519
523
628
824
617
382
516
746
740
437
610
751
532
653
688
688
609
848
756
792
766
689
584
572
645
444
830
687
606
520
680
628
588
550
542
556
525
623
471
475
651
610
537
457
447
465
563
532
472
425
624
577
590
699
648
501
429
580
673
706
614
537
427
716
746
673
616
530
753
514
708
443
506
579
579
657
445
563
589
513
737
673
695
503
552
618
555
570
632
750
468
468
603
541
554
619
624
559
521
501
471
445
590
568
733
620
627
557
617
517
535
635
494
666
504
520
597
636
667
593
605
586
750
518
716
674
609
491
585
548
488
464
454
461
799
824
551
523
733
578
596
730
529
421
717
773
471
664
727
835
604
659
612
608
584
647
641
547
621
642
416
825
555
453
686
609
614
726
584
559
671
533
556
600
671
576
640
561
571
665
693
704
504
469
603
638
539
668
574
600
652
770
552
516
673
586
603
526
551
750
478
702
723
786
586
676
530
713
521
568
479
457
503
487
755
624
829
730
619
640
531
566
526
651
649
542
541
698
543
480
627
668
461
612
744
757
631
531
587
422
566
604
512
825
551
699
401
531
650
586
520
784
685
506
620
630
725
784
721
512
552
664
630
677
745
469
708
542
561
554
499
634
416
457
705
670
687
477
821
653
673
536
613
767
475
550
642
466
468
684
597
579
738
445
568
624
557
717
543
571
540
736
679
718
534
577
693
410
612
427
723
474
662
704
649
663
486
683
764
732
492
481
629
584
488
451
380
542
704
781
477
657
647
601
608
621
466
310
636
467
499
621
906
532
479
646
742
677
499
727
499
519
697
632
546
601
430
462
626
638
626
674
538
664
644
351
704
717
570
564
543
688
633
594
692
532
642
620
612
684
645
467
624
423
646
536
629
586
625
618
478
635
599
685
576
615
692
494
629
552
696
598
519
482
638
616
452
533
584
591
650
557
686
644
545
566
496
428
536
605
584
530
557
637
619
816
635
443
497
576
711
420
605
669
587
516
608
526
566
634
613
557
629
547
652
679
629
693
646
640
563
426
513
597
614
719
571
653
623
583
513
634
639
632
617
629
520
721
573
612
457
584
526
667
677
760
524
454
646
559
621
613
329
712
677
613
598
562
650
698
569
509
633
734
516
363
649
542
646
477
717
551
603
636
698
618
683
816
568
693
614
678
585
615
558
667
464
642
444
614
570
621
719
622
626
557
633
644
588
521
697
647
503
648
537
707
622
677
611
686
684
773
459
587
584
692
726
554
416
766
520
479
688
661
622
424
707
799
555
657
591
546
585
493
729
787
640
657
614
727
798
661
631
657
590
688
833
799
704
618
510
554
564
507
654
571
651
649
734
544
637
365
665
555
564
725
568
542
580
671
495
537
435
601
513
546
554
646
509
630
663
470
622
801
668
614
580
759
636
452
599
529
687
569
719
741
751
642
810
570
605
655
781
512
551
587
450
648
537
579
628
608
547
642
564
703
495
684
735
650
525
667
568
588
650
783
667
678
589
641
710
589
437
630
743
689
648
543
630
816
537
482
564
602
673
578
493
640
520
560
625
679
508
592
476
590
689
656
681
622
550
646
519
503
544
552
682
617
582
637
490
575
710
617
499
672
667
777
774
510
504
640
680
719
556
614
924
393
657
505
717
779
638
704
804
502
489
618
697
469
493
755
753
778
505
567
679
711
717
605
512
900
588
609
581
454
423
613
545
505
709
413
694
594
607
437
732
587
603
414
525
605
590
838
427
654
541
420
683
673
731
682
651
673
539
547
687
635
504
588
568
537
389
390
393
649
544
500
552
567
596
562
707
471
481
701
478
532
593
698
532
702
643
416
628
715
488
459
608
445
782
719
674
528
521
561
655
510
559
537
433
509
598
666
666
556
472
574
620
575
649
636
576
614
486
631
744
729
660
589
393
636
659
710
692
463
546
787
601
613
599
628
680
491
564
725
649
534
563
618
510
594
449
510
668
621
777
593
491
666
686
344
686
689
600
589
595
548
600
673
622
659
499
656
622
579
637
590
466
491
635
622
688
474
462
586
653
697
587
605
691
625
889
680
665
627
496
735
556
622
614
640
654
753
549
578
607
542
458
557
522
516
633
624
639
648
489
500
670
640
782
693
606
701
707
652
592
548
691
580
702
594
528
594
520
648
637
467
533
682
548
646
621
693
525
557
408
634
491
621
742
719
703
660
699
529
486
372
571
539
844
392
569
725
379
632
613
697
567
717
611
674
506
567
556
447
611
564
415
532
823
518
588
575
578
684
647
685
659
498
700
603
556
666
644
550
551
574
561
580
669
614
748
650
465
496
623
657
765
626
758
604
616
488
365
720
585
568
748
540
669
483
596
644
583
651
734
637
642
666
662
628
611
714
531
778
524
447
521
478
557
536
526
515
538
698
643
586
482
483
453
548
868
530
579
640
802
621
670
515
539
655
660
510
531
720
686
463
552
590
573
651
585
617
575
422
473
656
614
627
543
698
388
570
629
470
585
776
485
657
751
777
644
686
624
499
644
591
722
585
651
499
613
564
606
702
578
701
571
653
712
715
542
424
741
495
460
551
739
607
868
635
495
567
771
586
555
573
382
518
719
537
736
527
539
744
542
625
699
506
496
689
590
620
570
760
511
620
468
500
632
496
553
484
605
462
274
687
618
413
440
569
714
724
673
657
573
490
630
592
470
617
475
707
428
728
453
612
594
568
539
434
407
719
487
662
645
715
471
513
579
372
495
749
638
581
573
470
652
810
599
678
684
625
551
537
444
631
467
520
427
664
549
591
646
654
538
587
556
483
672
725
500
540
743
583
585
604
496
497
632
587
428
702
468
652
558
520
610
594
671
583
632
826
596
471
590
667
673
597
772
751
737
675
718
750
598
544
550
644
471
679
458
394
705
522
804
605
614
623
619
550
698
719
448
655
678
621
573
557
759
878
532
566
553
672
852
474
674
474
599
562
653
597
596
556
653
595
713
489
569
463
625
682
759
667
446
640
412
563
380
508
441
638
515
630
374
648
610
551
585
621
583
663
637
808
579
806
570
620
563
584
641
795
508
674
512
494
693
723
629
680
515
519
502
528
534
721
770
433
572
576
404
597
490
575
490
469
506
662
601
481
784
599
620
775
607
658
444
555
428
496
630
709
681
395
714
669
528
520
621
623
633
758
695
546
491
533
605
548
513
456
532
554
637
681
535
590
637
878
462
643
608
524
485
567
424
567
595
621
244
512
490
502
550
664
577
525
690
639
437
473
515
637
680
452
663
665
509
547
513
821
557
604
585
604
769
489
600
571
555
529
661
666
582
530
519
725
625
660
540
616
613
562
637
613
640
760
541
658
325
553
313
709
571
548
750
448
689
593
622
445
495
505
561
626
611
788
601
520
448
602
617
638
546
631
603
704
661
597
585
626
485
526
703
496
470
567
539
789
628
488
542
546
721
647
595
489
445
641
659
663
712
580
722
695
645
388
690
359
396
534
679
488
514
628
646
473
687
551
591
405
679
563
538
658
723
651
535
706
570
546
507
434
632
598
416
698
678
593
504
630
573
494
705
471
529
555
466
629
652
539
629
460
530
515
515
625
722
393
679
648
759
658
786
608
522
596
496
774
396
661
606
591
656
655
661
493
428
559
789
790
545
521
540
640
811
640
616
353
556
494
575
670
740
473
676
701
722
552
525
699
629
505
658
480
580
732
784
551
507
692
554
576
625
594
491
606
823
546
642
660
524
637
641
493
668
723
669
741
464
694
575
472
817
657
557
742
628
614
710
552
556
732
723
615
476
620
738
653
546
446
491
694
577
784
668
552
647
706
546
642
731
614
871
623
595
551
705
526
670
450
448
500
552
646
592
464
459
766
460
618
524
591
615
734
731
730
705
507
659
501
630
597
538
745
621
537
605
501
634
746
690
775
676
789
678
610
491
479
656
735
682
779
591
465
464
440
562
577
676
538
496
415
593
754
634
617
828
599
726
566
613
445
484
643
690
770
691
625
565
557
482
793
807
586
613
537
456
634
583
732
596
345
623
577
557
611
587
573
645
562
639
620
588
484
379
457
440
576
799
665
662
483
702
473
648
591
687
534
689
629
747
591
758
779
786
437
614
641
621
617
769
571
573
618
444
619
791
656
709
568
616
600
567
636
721
781
499
664
766
389
679
557
590
485
669
568
556
606
614
499
658
593
624
544
677
472
578
585
535
609
557
657
497
529
704
808
698
686
638
523
767
505
599
475
706
454
783
622
611
618
632
585
498
841
477
659
582
544
586
489
734
531
723
705
781
646
528
582
526
647
699
616
583
643
514
605
479
542
606
647
548
684
654
573
744
466
480
655
410
563
533
514
591
484
570
498
541
599
654
702
375
552
429
527
474
640
463
827
427
577
485
710
580
628
510
459
765
463
746
697
487
539
480
574
363
416
697
793
510
606
620
629
570
576
613
471
623
694
446
644
461
719
471
556
584
581
603
596
576
719
642
497
724
626
664
502
619
601
682
731
522
550
828
770
653
578
454
519
504
566
606
481
588
724
570
646
682
539
663
738
653
450
697
670
661
471
739
593
689
575
435
633
484
583
567
652
540
622
426
501
578
569
439
423
575
610
711
713
488
588
517
521
590
564
619
813
506
627
731
660
452
568
659
649
686
531
632
520
477
582
772
528
578
800
731
770
783
720
563
560
561
698
725
599
730
553
697
516
525
615
776
585
521
660
448
376
435
670
718
613
593
709
575
597
548
738
589
679
446
616
552
587
732
568
507
549
858
543
722
551
468
496
628
569
599
716
672
612
603
694
625
582
645
768
616
707
593
765
901
744
524
661
446
635
626
649
542
637
607
580
752
627
584
465
617
442
729
475
470
676
546
744
513
507
460
717
560
650
649
529
601
492
582
623
496
578
752
643
569
675
722
638
571
834
388
577
518
429
576
665
535
732
606
724
502
671
516
565
657
674
675
473
566
673
382
584
814
620
619
613
677
639
662
732
531
560
613
719
678
789
674
527
614
562
722
597
780
839
544
689
367
674
471
411
688
647
606
419
807
601
659
593
697
637
815
621
636
730
725
501
610
643
566
584
596
703
769
600
648
546
470
693
692
608
453
586
686
493
469
537
544
396
656
597
622
336
734
679
604
541
553
710
683
646
499
562
585
651
650
715
487
579
779
615
589
659
475
625
649
602
594
654
457
601
672
762
608
654
694
529
581
700
591
720
712
759
706
670
674
818
585
614
583
603
625
541
721
734
379
358
605
718
608
494
590
379
522
510
406
548
523
622
684
580
451
553
527
665
599
712
571
764
574
684
500
696
541
488
468
679
575
700
674
667
444
541
605
690
597
571
540
582
438
505
624
687
686
502
681
531
594
659
444
668
687
553
663
496
513
417
292
584
609
481
627
510
780
636
680
720
535
532
554
466
638
679
481
672
642
447
520
569
729
582
565
630
482
656
726
674
592
556
601
494
620
546
776
450
603
537
622
635
739
668
465
562
477
652
628
433
660
411
545
793
532
539
596
572
596
608
558
787
543
505
675
551
632
446
716
806
667
532
591
637
535
594
643
479
543
586
889
727
595
368
759
677
689
676
552
613
678
627
431
343
759
648
616
553
671
518
611
504
356
663
680
719
600
443
508
742
660
753
735
562
542
486
586
499
492
526
514
708
538
517
533
666
545
793
794
575
624
486
652
558
589
646
587
659
673
623
615
618
434
511
500
693
860
952
535
500
727
583
381
656
633
743
653
538
595
594
607
654
574
566
482
757
507
601
652
719
729
440
369
548
641
691
560
558
560
633
520
521
496
505
619
635
694
439
563
532
527
500
717
451
662
576
628
409
645
626
630
661
601
501
437
637
465
501
462
772
611
557
704
507
544
593
520
538
424
498
427
555
767
558
650
671
597
691
515
636
724
719
606
542
666
548
772
698
677
621
735
668
595
583
569
465
590
432
647
641
521
383
507
520
558
413
482
525
588
649
697
572
626
654
436
558
841
676
598
622
734
657
635
655
649
524
568
356
729
511
656
610
676
693
647
573
476
692
565
609
555
746
705
504
544
508
591
561
722
641
627
679
611
484
726
711
750
735
662
560
526
635
446
592
582
670
650
634
773
505
627
800
771
640
563
658
647
644
643
442
561
572
659
542
670
377
631
870
699
667
603
533
599
544
601
512
557
567
472
534
346
640
652
514
670
512
776
677
348
792
552
576
507
481
702
534
652
475
562
539
492
544
608
614
542
410
669
591
626
390
510
530
574
621
806
473
643
618
581
662
522
489
624
508
611
723
598
661
456
664
644
588
578
585
395
413
515
592
535
613
539
624
646
476
642
436
642
571
417
594
507
694
622
516
489
506
599
701
758
818
740
450
521
546
637
606
635
856
524
645
581
845
780
616
627
709
584
607
683
599
639
790
574
503
696
641
468
633
688
748
475
568
679
651
754
548
795
673
681
698
470
614
603
518
609
522
724
814
470
627
656
684
570
788
468
717
694
659
593
434
622
363
537
710
541
507
599
537
522
587
563
524
772
548
746
451
515
581
619
574
594
650
739
598
522
547
721
588
616
630
688
588
553
568
500
662
408
558
699
538
603
575
579
609
742
574
661
556
537
646
605
628
672
693
413
576
638
504
671
647
555
719
796
875
489
648
597
450
662
578
534
737
571
659
507
477
646
448
613
693
636
552
644
434
690
559
510
655
649
732
762
707
599
655
560
804
641
555
350
426
611
624
568
594
548
610
544
464
707
353
627
753
515
511
488
596
660
563
614
589
524
498
511
586
501
488
671
640
698
761
682
428
530
671
420
408
433
325
499
584
721
587
608
633
633
714
587
677
410
560
410
583
571
623
650
661
632
470
584
585
475
457
405
572
689
533
558
588
495
652
482
668
699
714
659
543
581
722
714
638
557
486
629
675
417
743
757
394
512
476
640
619
831
586
552
554
596
440
738
332
726
714
520
642
738
574
587
645
611
700
556
519
572
600
547
474
692
494
784
312
714
535
562
613
701
749
598
555
771
650
760
661
539
541
618
505
537
450
547
654
833
747
709
799
499
528
491
512
647
609
681
583
634
502
370
452
787
693
617
418
616
669
779
527
681
550
555
677
564
702
529
699
614
590
383
537
535
608
410
555
732
619
469
704
579
572
486
508
702
647
677
571
590
631
632
512
727
506
608
713
570
719
579
704
565
624
619
619
650
710
564
286
573
644
459
460
487
393
494
519
525
581
558
569
587
746
631
710
657
658
624
573
514
588
662
673
625
630
544
514
665
551
439
617
436
647
655
428
556
719
579
623
741
704
587
632
572
540
405
579
605
620
466
903
656
381
621
494
636
622
611
473
633
666
548
577
747
574
643
482
534
727
408
626
655
401
396
735
670
751
590
423
522
851
601
663
573
657
454
694
523
483
639
542
448
775
619
521
652
355
623
463
642
457
431
446
748
395
521
516
726
507
617
479
521
627
378
654
679
757
484
509
559
539
452
609
476
712
641
540
467
530
471
832
688
643
356
640
586
546
486
415
707
557
798
604
746
468
497
596
633
561
627
387
633
612
392
678
680
388
537
449
612
394
510
663
462
535
660
763
532
555
456
592
530
593
576
617
639
591
643
619
792
621
595
728
582
679
682
728
722
768
622
669
705
749
544
719
608
479
651
727
557
527
688
541
573
572
526
533
838
500
574
549
623
637
547
506
693
633
746
595
549
738
623
555
449
598
708
732
624
678
649
678
509
710
679
472
462
740
516
533
695
686
747
717
854
702
449
653
703
631
569
584
523
439
427
548
591
562
496
511
636
474
659
659
654
776
563
652
568
634
616
579
647
431
688
612
587
604
654
649
532
606
632
623
661
623
634
507
817
742
597
464
420
509
699
824
645
711
675
610
604
769
610
612
504
499
696
540
628
637
575
670
499
553
597
645
981
658
535
616
474
618
700
610
705
560
576
618
572
521
413
567
435
558
462
670
542
627
662
614
538
412
654
837
583
545
486
593
617
603
718
526
643
756
499
439
688
573
843
528
722
638
536
423
452
772
764
585
555
763
556
380
635
723
407
684
511
737
512
547
610
503
644
682
504
612
665
495
700
636
794
560
362
477
712
658
640
688
695
563
582
535
528
526
527
762
542
571
554
657
608
648
550
680
681
661
575
658
667
600
730
760
664
758
652
398
620
622
686
610
745
497
550
364
389
573
701
362
547
571
661
491
554
642
612
530
539
716
655
722
615
657
521
613
635
514
638
648
735
468
647
480
558
447
600
635
535
602
558
467
636
647
674
765
388
581
476
691
693
707
443
581
571
875
658
516
400
684
561
618
783
763
762
757
560
865
614
444
507
777
754
597
738
436
752
639
562
612
551
551
705
699
477
454
445
666
660
450
497
548
649
655
573
564
668
507
577
449
715
715
534
872
623
640
628
557
507
527
581
483
533
768
600
622
733
468
626
562
674
543
701
590
590
618
513
600
629
647
458
447
776
503
667
594
693
457
577
556
631
449
608
662
741
559
777
549
748
785
620
590
715
575
409
652
564
570
685
485
467
516
641
358
577
522
643
540
745
651
602
744
465
482
580
611
639
567
357
593
612
664
578
625
608
764
487
585
708
686
557
645
680
565
626
609
550
575
609
461
590
491
803
779
728
491
716
470
654
505
672
494
471
544
550
552
629
591
357
531
496
565
692
743
787
544
640
659
646
524
660
421
825
581
570
502
467
573
803
466
600
611
654
362
438
727
566
725
659
619
674
691
702
581
400
504
714
582
584
587
577
590
726
502
665
566
620
417
526
643
669
486
607
307
617
505
623
539
530
612
655
598
336
580
366
660
299
674
510
604
528
516
639
796
514
555
581
563
739
422
599
633
660
619
704
606
645
634
595
653
644
677
577
450
515
545
633
699
628
547
609
531
591
564
626
658
695
612
569
629
695
709
692
655
715
632
459
463
700
592
503
668
683
569
485
537
643
497
492
544
484
712
443
719
526
665
684
616
683
583
674
678
666
687
541
613
304
768
689
712
671
517
722
714
585
675
414
393
456
528
585
443
675
526
559
844
654
340
461
697
486
673
625
777
657
563
496
697
566
588
442
509
672
528
705
690
649
630
645
533
532
589
874
654
614
595
735
626
596
699
656
732
492
508
602
605
625
487
630
573
561
782
675
688
663
658
488
582
677
466
633
568
668
584
779
859
670
564
606
763
640
666
768
641
657
613
615
496
681
464
635
487
437
583
658
845
525
558
325
731
615
723
738
539
615
644
717
628
606
723
656
480
650
524
477
486
589
532
435
427
590
638
439
680
509
573
620
584
744
516
595
484
696
635
720
337
589
638
639
454
473
562
484
634
659
821
621
458
628
522
562
618
565
531
947
631
759
585
675
565
607
399
559
698
585
483
732
526
641
514
596
632
606
583
260
624
432
547
496
492
664
649
781
541
699
507
577
594
569
496
657
520
720
652
676
756
559
599
768
541
458
731
589
651
597
441
632
571
770
697
604
556
740
539
557
710
584
414
594
595
629
771
571
493
744
554
682
589
397
697
548
625
584
721
603
574
570
709
473
658
481
710
619
652
656
730
625
707
688
606
402
620
534
195
539
586
679
629
645
650
575
614
695
589
465
408
609
702
610
702
805
679
726
531
625
814
607
661
510
509
639
591
499
421
584
652
555
624
488
504
739
687
571
575
635
602
527
596
603
663
656
600
600
678
659
596
486
583
538
527
532
682
420
516
545
710
546
595
601
823
450
725
453
543
701
556
727
517
521
666
688
643
578
590
597
604
280
592
510
637
690
689
402
597
741
512
590
694
570
590
681
451
438
593
582
653
454
480
671
669
624
479
776
519
779
692
483
570
479
548
572
580
523
552
418
434
637
601
534
514
641
590
510
620
594
575
549
511
657
731
455
608
507
687
442
572
465
663
439
440
539
437
477
677
661
584
493
724
667
456
575
707
646
447
639
617
619
688
552
591
599
630
594
429
714
513
451
505
362
517
388
801
578
678
535
717
501
523
606
700
768
747
732
575
632
610
587
499
708
904
412
616
490
606
511
579
516
612
580
625
542
435
684
578
550
514
553
496
598
509
664
560
683
595
521
698
514
219
647
505
415
651
595
619
656
546
562
494
492
462
552
670
561
690
597
519
503
783
594
436
534
544
570
686
690
679
678
699
576
444
694
639
768
614
485
558
655
546
689
551
539
631
561
589
626
550
703
437
607
519
582
615
746
693
564
515
457
555
665
670
455
546
632
675
720
484
737
502
622
468
710
511
661
492
542
531
662
574
714
476
824
657
559
647
546
544
578
611
451
651
443
659
674
606
345
606
698
543
508
590
465
681
739
608
642
474
730
587
498
428
619
546
546
567
611
766
569
731
434
591
606
401
432
638
472
671
517
530
626
404
471
507
680
570
612
668
531
651
589
689
777
610
606
673
405
495
505
479
622
690
759
677
776
561
569
622
589
640
651
608
578
674
544
715
450
649
379
653
545
668
714
750
473
679
574
658
428
568
580
660
669
561
530
632
683
600
510
706
595
544
587
608
583
674
699
626
679
520
504
658
743
525
528
633
487
530
652
518
667
533
594
710
503
555
594
494
749
685
624
756
453
608
546
622
442
596
522
525
634
582
565
525
508
469
676
757
456
580
701
633
595
583
730
702
726
559
749
531
555
653
430
591
497
488
721
476
532
488
647
671
486
725
551
522
727
477
786
680
460
503
592
652
445
551
791
741
334
668
700
789
644
607
586
625
584
473
675
614
662
666
649
504
488
459
471
598
597
520
420
779
521
570
579
485
532
767
580
702
657
582
726
426
593
635
746
731
710
560
446
606
719
455
485
660
720
632
559
726
547
616
675
758
591
598
573
533
558
642
659
530
464
499
668
653
627
739
734
704
559
633
791
578
612
614
489
601
488
592
734
609
575
545
719
469
571
473
537
485
739
808
571
543
585
687
637
486
466
653
610
689
689
690
688
659
535
691
585
339
576
484
589
561
469
626
603
645
581
595
391
590
646
704
602
555
553
558
735
605
525
764
432
629
713
537
785
618
505
419
362
436
656
406
467
655
823
488
807
599
588
441
408
727
446
484
562
674
523
534
574
425
600
499
665
635
573
531
527
545
637
485
610
576
458
636
718
637
595
695
632
460
580
600
629
688
627
463
552
680
523
525
598
542
566
490
510
563
631
651
697
613
716
619
652
582
586
604
603
645
610
383
708
463
421
643
654
670
794
445
474
664
627
417
532
596
469
858
488
476
684
515
561
705
632
628
629
471
647
764
760
658
687
624
710
633
624
617
678
759
674
440
572
573
635
791
410
491
667
723
744
674
579
698
630
679
684
690
768
442
472
575
677
468
483
601
764
613
651
718
383
663
527
639
758
311
563
695
603
440
517
568
676
611
696
527
597
550
590
667
784
686
553
536
546
590
731
506
647
675
714
406
596
581
554
495
578
554
681
669
723
554
612
564
617
583
609
541
710
737
722
615
356
500
477
801
585
614
563
701
576
659
646
634
446
719
481
552
427
791
506
771
584
515
691
643
568
651
464
575
651
503
449
610
606
589
516
576
739
791
504
688
602
561
674
697
575
695
590
725
506
452
533
604
650
596
632
647
590
460
623
506
663
391
775
645
627
751
538
567
663
630
551
543
431
634
610
498
599
465
549
538
529
597
486
723
681
748
726
451
830
537
626
730
710
559
539
653
654
701
625
596
717
495
869
722
629
649
577
564
606
599
537
393
667
527
746
504
694
648
566
557
859
461
796
582
488
499
696
432
599
557
610
809
660
701
764
775
653
514
566
775
547
678
781
507
281
570
736
657
687
694
514
675
498
647
630
716
629
587
589
588
697
789
664
457
612
558
506
526
575
772
524
578
473
646
548
609
676
603
585
746
590
541
678
564
636
564
474
761
715
544
704
637
486
651
696
719
651
664
744
601
594
542
566
541
735
705
572
557
603
466
606
545
551
586
592
600
786
732
579
736
432
684
532
626
626
625
621
590
639
596
577
556
391
655
498
492
562
503
620
599
603
658
592
497
490
516
648
774
625
534
552
542
463
836
709
576
753
739
764
724
680
704
696
609
677
695
748
645
476
631
522
464
579
609
652
620
651
620
635
528
464
446
693
703
704
576
662
587
601
549
616
606
510
564
789
787
550
518
699
418
678
677
706
701
530
468
880
634
607
602
480
721
658
645
551
566
506
587
605
743
728
644
600
583
524
525
655
607
757
435
477
633
425
665
498
726
688
837
660
595
593
609
587
574
583
734
528
524
589
616
594
565
636
596
708
585
562
551
612
521
542
688
518
664
664
582
663
491
730
468
540
586
640
621
648
646
699
815
449
489
857
555
417
615
576
636
654
642
632
542
687
495
615
633
407
646
483
855
738
588
559
524
538
571
470
748
744
708
576
604
623
420
579
597
570
517
691
737
596
597
753
708
535
543
480
702
619
631
614
494
727
647
672
511
612
625
621
562
588
666
596
618
403
485
644
579
873
679
553
507
566
350
580
604
699
382
452
439
668
716
634
616
693
742
589
618
648
476
643
553
578
474
648
913
612
445
505
700
725
616
622
575
766
647
325
573
647
525
313
519
560
559
452
502
667
633
617
694
685
542
779
459
854
544
407
566
604
510
716
615
481
447
773
658
434
273
502
482
566
615
539
698
652
570
714
604
558
739
509
683
589
609
547
499
757
564
547
577
653
583
727
761
526
648
534
559
902
559
401
797
541
567
506
563
495
629
714
632
689
698
639
585
438
486
478
865
441
608
477
602
643
456
826
595
718
599
617
622
548
636
527
585
567
649
418
696
287
612
460
556
533
624
437
439
600
763
503
682
610
441
709
691
455
560
575
712
591
662
776
601
686
568
616
616
501
684
616
702
534
511
564
489
626
648
477
589
692
606
656
597
671
650
592
521
723
689
807
544
566
640
506
500
426
636
470
584
487
761
604
503
611
426
448
626
697
640
489
611
714
611
662
594
498
602
669
475
506
756
570
737
737
669
638
697
536
530
673
475
652
355
752
483
484
718
557
427
632
547
448
568
678
605
502
640
705
554
625
634
508
638
581
858
708
671
555
653
603
634
639
584
651
596
591
591
518
605
657
544
471
612
423
470
738
567
614
477
728
584
665
645
466
498
645
581
636
668
572
709
633
509
564
535
685
553
411
452
584
634
397
462
568
570
682
442
601
725
675
595
591
481
862
703
578
598
520
676
564
553
617
505
629
577
558
756
745
740
640
722
694
607
461
593
559
682
652
824
680
930
613
569
436
775
726
620
583
708
520
600
691
672
607
662
614
634
426
442
523
724
837
623
557
562
534
745
587
596
593
574
715
476
365
577
576
525
622
470
591
524
632
634
511
441
547
748
667
412
502
739
646
545
614
662
773
500
525
452
394
741
616
590
699
806
512
570
800
592
590
614
663
670
483
479
610
636
719
590
771
464
433
571
540
543
437
555
599
740
334
595
626
645
555
734
561
624
692
645
446
811
534
816
378
509
621
804
513
564
499
393
782
534
444
719
657
678
684
561
602
520
572
517
486
649
461
684
507
586
527
687
688
573
564
630
759
589
589
457
538
585
584
562
553
648
546
670
635
498
452
928
846
530
627
672
753
554
622
511
493
604
622
592
628
569
641
598
601
521
467
423
752
650
724
557
551
643
537
536
624
760
443
568
662
714
559
489
651
669
669
592
519
574
642
734
628
508
427
485
430
587
551
640
712
686
779
754
613
421
533
564
494
652
612
549
559
573
540
715
676
526
641
523
658
773
592
754
700
661
629
604
518
652
801
672
463
591
612
585
517
408
470
574
640
673
634
612
515
641
567
523
714
728
604
594
759
354
553
712
602
530
702
609
467
548
653
641
763
481
747
782
529
433
687
530
514
562
476
551
686
650
513
569
644
737
641
628
629
501
513
238
674
508
635
698
633
713
670
656
645
688
535
573
566
531
788
558
434
562
657
527
675
710
402
422
734
666
618
466
505
779
441
323
616
544
587
560
769
441
656
515
862
435
651
641
714
597
803
695
532
652
420
605
588
566
801
712
632
511
690
546
663
500
529
704
530
507
587
583
456
549
612
409
681
722
475
570
663
589
675
615
663
513
554
712
631
423
630
484
511
662
602
481
566
676
551
538
678
628
525
762
664
663
547
552
499
542
653
566
471
723
703
590
845
521
703
517
776
492
632
714
652
593
698
554
599
610
616
669
490
525
651
775
633
667
567
561
762
714
731
596
519
473
558
544
560
487
602
653
666
538
482
559
546
657
380
428
569
594
612
788
584
501
622
673
601
603
675
565
847
558
781
580
721
572
781
470
362
517
637
597
412
488
711
590
649
788
765
624
544
458
464
491
563
734
664
660
679
575
420
583
627
580
591
523
548
733
545
419
487
771
542
482
663
693
527
742
562
651
761
599
579
707
741
503
547
498
649
407
552
553
640
533
587
624
691
620
396
667
591
688
510
620
739
570
589
670
535
625
712
643
607
634
836
514
529
546
556
593
646
591
581
572
609
604
537
677
510
640
556
451
609
591
687
513
575
424
576
532
619
393
483
864
506
766
653
487
593
551
648
752
634
624
778
345
607
684
583
433
477
281
527
551
665
533
474
613
540
626
580
628
636
634
555
531
642
719
526
608
681
758
725
565
531
769
513
656
480
778
458
733
729
841
595
627
690
521
789
553
587
757
556
492
554
643
660
556
704
688
499
399
620
551
543
718
455
777
532
594
692
702
684
586
540
416
527
631
390
391
416
635
594
723
758
577
643
566
582
631
731
657
564
604
650
667
640
375
696
467
452
660
436
599
733
604
492
683
431
454
572
805
494
713
533
498
560
689
790
561
508
544
702
650
451
561
490
715
586
778
744
653
715
573
604
627
572
569
522
647
590
461
615
516
539
723
598
651
605
544
631
472
702
642
587
627
523
668
597
618
795
600
554
598
532
667
653
642
669
599
632
531
528
562
521
795
712
813
542
736
487
758
669
526
647
588
606
615
679
532
585
525
666
713
629
494
537
623
486
734
476
666
703
777
744
522
590
429
667
583
661
612
592
452
551
577
575
630
750
504
568
529
495
499
442
702
523
838
683
689
483
809
810
736
525
823
703
531
562
723
387
469
669
701
729
600
674
523
730
618
808
480
546
519
678
531
480
368
790
659
722
599
617
472
523
645
524
565
745
789
840
502
694
582
490
382
640
465
553
463
542
586
544
499
748
350
486
561
364
545
602
723
548
759
666
507
489
530
667
691
489
736
588
784
728
632
576
632
259
588
617
782
913
797
669
607
688
498
633
614
370
483
485
769
595
469
826
565
655
688
646
655
481
484
820
793
555
561
453
655
319
761
596
641
709
747
538
517
663
445
561
495
628
496
674
651
579
608
748
651
527
682
487
782
532
472
611
495
618
523
640
597
484
566
734
571
804
677
666
484
590
639
522
416
595
548
599
640
588
599
555
578
611
700
675
659
542
521
537
528
634
612
605
574
687
445
561
432
504
730
641
549
465
560
583
662
515
488
543
463
528
565
610
597
542
695
784
492
494
682
585
621
564
445
692
566
635
641
495
483
484
605
687
586
682
539
705
473
794
625
480
744
535
773
669
682
596
488
617
593
501
529
643
737
594
556
724
668
723
528
656
599
544
517
767
789
543
658
644
733
626
618
748
689
767
600
604
567
498
589
714
503
577
571
415
652
666
531
558
519
724
544
634
650
691
816
738
460
661
490
399
672
675
647
709
637
599
658
702
516
553
718
792
812
568
766
557
629
580
692
628
632
733
546
548
664
594
506
610
413
690
706
647
577
455
553
763
832
355
517
513
680
645
475
548
603
635
591
488
601
590
502
509
523
527
828
669
471
589
589
365
456
627
697
632
567
682
417
636
516
535
649
570
426
713
636
720
476
723
699
588
509
464
638
475
631
588
541
563
757
490
731
460
565
651
525
739
511
622
394
752
747
701
576
495
601
648
583
588
657
466
596
581
626
629
510
740
460
499
520
443
537
555
615
624
570
567
597
716
485
596
578
699
867
634
564
671
683
469
612
491
704
568
564
475
645
619
676
518
567
526
675
616
539
511
689
648
446
618
583
626
600
586
582
591
483
749
577
588
624
620
587
536
805
714
595
651
652
505
505
643
622
613
577
728
597
478
667
608
577
610
569
535
375
596
491
522
486
588
575
515
573
554
488
594
493
769
437
524
713
737
636
772
499
602
461
660
568
557
600
620
560
542
545
619
601
596
788
468
738
642
591
580
669
461
572
514
457
671
734
434
538
589
448
532
725
492
669
573
534
507
580
518
606
775
725
446
447
757
599
614
771
712
497
724
724
583
834
633
573
674
538
541
465
497
538
575
759
742
743
664
622
451
704
705
651
563
561
527
717
513
462
585
471
437
790
621
570
417
638
831
708
468
683
520
377
555
485
419
606
809
682
536
553
830
613
667
639
623
555
566
627
729
601
593
615
506
848
272
564
510
479
507
529
425
555
705
700
771
704
499
596
647
653
626
571
573
689
409
695
569
575
688
483
526
578
487
604
560
390
549
550
507
663
681
637
715
524
385
533
481
675
510
661
740
622
523
614
537
424
434
643
617
721
611
790
590
577
548
688
490
560
709
643
601
456
751
573
594
690
716
508
700
582
664
472
498
685
479
490
382
765
558
726
685
603
664
390
680
557
688
480
662
502
679
427
641
723
599
510
575
388
429
631
462
500
458
745
681
633
565
698
478
537
510
606
469
800
499
505
541
472
737
574
779
447
490
471
456
621
513
591
630
579
691
534
657
731
486
553
387
594
476
585
507
655
508
568
563
649
444
499
589
649
715
604
540
778
530
529
361
538
596
638
538
619
789
589
736
783
668
676
503
540
580
719
604
555
569
687
499
585
521
605
636
607
745
737
497
774
677
552
649
410
639
952
541
698
575
371
574
587
472
766
457
637
463
548
575
584
490
783
655
709
417
737
743
594
651
663
644
626
702
581
495
539
518
744
578
782
504
705
684
645
577
540
694
584
582
652
606
530
532
508
445
538
778
537
537
616
603
595
754
469
576
584
641
686
725
491
834
522
677
327
431
695
587
594
532
677
668
688
508
573
692
608
642
407
613
854
816
607
477
598
462
575
622
447
430
569
742
792
596
752
467
655
555
668
649
646
599
713
457
576
605
508
521
483
684
693
650
700
556
505
640
556
519
490
661
569
559
573
480
630
631
820
607
618
588
723
492
570
648
652
584
620
729
597
488
674
408
661
621
591
687
495
519
646
726
527
474
636
570
533
514
693
697
686
597
640
405
663
650
665
723
759
541
446
546
605
584
474
599
680
665
405
589
698
541
655
621
664
461
737
675
892
458
517
581
693
518
539
666
668
614
589
468
651
423
687
597
625
571
628
726
622
600
623
656
526
697
503
467
749
604
785
539
550
452
608
444
644
757
653
576
747
578
565
713
601
541
631
645
756
467
674
384
616
506
648
654
664
859
634
466
510
663
670
620
477
615
653
619
807
736
484
611
750
608
668
625
596
721
472
599
582
712
647
669
676
801
621
605
651
530
477
598
734
652
431
706
605
322
619
556
569
595
559
601
607
594
536
746
671
594
762
792
574
519
381
571
526
570
677
554
665
473
541
385
532
338
503
542
595
718
599
470
662
609
702
523
511
445
514
639
597
526
670
704
690
488
487
529
736
669
451
498
635
462
612
643
466
803
613
543
533
680
558
537
717
473
531
473
679
513
362
655
624
549
516
499
727
522
531
637
558
487
656
576
619
548
584
429
490
542
652
601
633
626
714
447
434
544
567
696
514
788
760
909
396
587
508
681
605
630
662
682
692
612
529
459
370
656
651
675
651
655
632
561
730
559
641
578
632
660
621
677
563
588
772
469
484
636
468
493
822
539
457
521
492
596
552
415
590
631
758
708
438
394
470
585
610
480
567
755
549
575
540
790
667
751
581
693
757
673
546
516
611
733
549
592
489
462
484
652
641
687
518
461
621
598
678
576
504
427
629
521
410
531
642
496
752
561
538
585
486
508
505
540
597
430
547
592
675
624
707
602
453
566
743
751
689
627
790
689
470
362
665
766
735
474
462
586
401
658
713
726
521
718
753
482
719
621
655
740
550
497
653
756
745
584
675
679
578
752
676
708
646
514
506
517
639
583
489
729
605
697
572
662
409
519
691
603
607
501
522
626
755
633
839
575
629
634
708
659
680
661
807
364
793
567
607
703
606
532
568
593
508
346
560
586
655
650
550
495
624
529
622
638
702
565
623
740
480
630
730
742
553
633
577
355
555
627
519
769
622
685
568
529
497
583
731
597
567
513
639
613
586
583
671
672
403
624
501
497
506
581
612
469
346
656
641
797
520
519
589
415
616
635
391
591
759
618
520
558
579
380
797
619
719
691
641
675
711
461
451
552
495
580
707
598
532
418
654
716
682
765
629
487
548
625
625
518
501
644
473
696
702
805
623
658
572
790
614
578
570
535
505
623
716
692
504
482
796
548
624
549
644
494
628
642
666
636
599
541
452
589
649
561
705
424
772
657
606
615
400
607
503
563
707
661
610
732
625
554
640
526
668
482
568
486
482
564
607
558
515
605
627
666
726
642
623
775
437
524
493
537
625
568
535
756
518
620
485
627
585
584
645
607
527
800
783
649
574
592
590
520
634
476
436
746
702
583
497
557
573
677
759
604
620
501
566
654
588
655
709
795
581
538
678
685
857
636
407
645
626
523
583
637
597
578
600
453
575
753
609
606
598
570
716
520
555
519
487
534
589
725
673
660
733
628
521
513
571
770
724
572
704
547
544
644
711
513
656
477
621
590
623
748
645
632
606
622
704
622
467
490
708
471
643
538
707
776
700
533
708
489
658
500
735
482
448
580
982
784
425
566
566
558
545
671
736
547
679
456
673
500
527
627
723
628
536
708
680
572
579
667
542
549
696
676
571
406
515
574
668
716
514
691
513
459
606
606
727
714
592
510
465
792
628
536
567
506
487
861
609
581
563
495
538
443
555
746
572
715
579
646
588
400
594
605
572
518
742
582
515
503
541
655
499
617
600
294
798
636
633
515
640
519
475
614
571
680
534
662
575
530
629
760
771
656
610
446
564
613
498
557
454
704
491
735
591
659
596
521
500
688
608
628
447
723
725
658
698
592
541
495
562
627
459
565
742
511
466
470
540
747
546
537
576
667
487
734
699
767
615
361
505
701
617
742
568
643
536
398
579
633
595
561
665
677
638
677
645
762
610
559
636
548
707
616
837
405
658
539
688
512
536
644
682
629
683
441
527
564
558
449
591
544
768
481
689
612
627
514
658
581
575
592
551
606
433
611
633
497
517
679
584
582
588
512
391
638
626
508
464
591
627
418
585
534
599
749
622
624
621
620
608
464
526
489
551
760
495
747
602
729
563
598
664
553
531
608
675
527
509
504
728
722
585
645
601
484
744
542
425
688
610
583
578
538
584
572
527
697
625
892
667
423
444
809
594
588
420
557
694
628
603
386
673
502
607
595
539
741
485
733
661
552
584
629
570
665
509
740
565
840
590
561
599
634
632
404
441
724
716
736
473
607
577
535
476
578
613
526
432
749
465
683
648
559
588
683
706
566
476
563
620
784
496
806
576
457
613
544
607
692
699
689
452
609
752
509
574
658
537
494
464
548
542
643
787
604
809
660
508
698
534
813
826
597
668
692
546
628
608
650
631
575
450
766
631
560
457
523
471
497
561
554
569
578
595
578
559
635
588
529
312
750
546
548
497
664
620
528
676
424
710
608
694
723
644
784
531
690
468
703
498
525
479
453
637
386
579
543
512
524
772
665
491
447
757
675
771
663
602
809
527
528
536
697
626
536
654
690
672
572
624
654
522
560
499
557
587
559
532
607
551
543
682
644
614
622
615
477
724
673
657
569
609
494
479
607
637
606
609
483
656
604
437
611
525
549
615
611
662
607
577
796
504
528
562
606
640
421
571
548
804
606
535
472
771
482
428
506
474
666
551
577
666
496
346
585
556
498
588
509
779
539
727
663
657
552
480
774
550
595
716
619
629
465
678
419
653
507
600
492
538
542
763
513
439
447
639
663
587
472
652
561
643
550
475
492
539
688
497
532
489
543
552
676
451
740
717
588
491
602
554
548
620
373
800
712
615
649
727
431
559
734
728
631
639
451
604
379
637
740
561
544
810
672
693
767
568
648
432
577
592
483
626
557
548
687
596
652
558
594
539
514
568
511
665
694
565
599
404
641
718
524
557
691
637
591
697
641
659
699
796
633
494
548
625
660
561
453
585
774
409
670
578
666
444
573
714
521
830
464
578
664
668
632
613
596
697
462
552
583
548
414
573
541
437
627
663
618
523
664
456
621
582
556
648
596
709
756
607
584
570
628
545
521
595
539
561
476
784
725
501
641
419
589
590
594
695
485
597
671
738
530
530
644
606
675
499
748
684
512
565
623
639
665
629
602
599
673
563
670
516
575
575
646
576
434
400
634
655
500
514
420
711
649
749
571
788
560
597
654
467
585
584
660
530
662
289
652
594
681
635
489
627
666
536
635
451
611
736
671
833
475
543
565
720
636
765
640
558
643
519
490
645
665
557
472
511
542
553
553
701
618
767
433
469
536
595
609
542
476
570
534
631
718
471
632
540
487
676
745
503
538
738
687
595
687
588
604
700
525
514
772
632
749
568
414
617
576
459
514
553
512
465
622
488
561
667
638
634
634
509
577
583
564
561
573
557
574
599
669
646
569
495
373
753
548
611
404
449
588
592
647
561
568
634
509
522
636
465
648
723
814
582
564
534
479
583
633
428
581
820
454
667
548
633
629
616
526
569
651
574
641
585
704
789
838
649
567
571
550
721
634
754
706
543
365
432
639
508
723
723
891
598
695
706
563
642
433
436
673
704
582
717
563
605
690
311
349
571
549
514
666
636
607
726
519
473
535
730
440
710
689
451
626
577
575
594
381
619
399
669
731
655
384
742
784
504
521
698
482
675
673
459
474
575
634
454
547
382
628
585
505
579
568
685
485
603
650
622
501
574
702
500
766
454
578
667
570
535
614
573
648
681
690
599
469
659
532
705
663
541
460
621
452
412
696
464
637
531
418
520
470
640
816
715
437
422
704
576
628
582
437
545
637
621
443
470
599
590
562
648
495
570
778
681
556
555
579
635
871
431
665
699
723
666
737
634
503
525
616
528
723
351
615
548
448
700
665
718
659
488
537
514
646
665
562
513
723
669
724
531
487
546
625
669
559
413
577
610
637
564
535
705
510
736
517
642
568
569
566
499
555
567
671
433
728
728
723
541
564
683
740
692
591
461
649
486
614
464
505
541
510
551
644
678
733
417
558
646
730
508
596
716
670
601
469
539
689
572
888
630
343
588
588
701
672
460
476
704
621
464
568
530
611
657
520
592
487
638
535
673
667
601
631
546
668
728
442
550
633
664
615
598
466
574
538
558
780
701
665
718
707
602
503
602
728
654
573
680
772
536
498
640
696
559
608
614
649
521
668
585
440
607
802
718
941
347
490
502
645
640
361
443
688
485
780
587
626
689
639
483
492
530
574
539
579
723
586
617
619
710
616
596
646
532
510
466
630
509
479
453
539
557
716
561
799
582
482
570
645
640
750
411
591
558
562
599
647
469
401
680
599
598
739
495
419
559
602
696
675
529
619
446
457
484
507
416
651
657
470
632
724
632
569
703
435
630
541
537
619
546
590
319
500
732
600
643
760
599
567
472
610
502
794
632
653
758
618
569
317
609
759
631
461
650
560
