6.988419055938721
1.2298991680145264
1.2611591815948486
1.1074066162109375
0.7152841091156006
0.6631169319152832
0.7078499794006348
0.5195636749267578
0.5134882926940918
0.7727229595184326
0.5902085304260254
0.40376973152160645
0.47521328926086426
0.6365017890930176
0.6388027667999268
0.7949285507202148
0.6169354915618896
0.5752565860748291
0.5490083694458008
0.7369070053100586
0.636244535446167
0.5206952095031738
0.7827606201171875
0.886725664138794
0.5180995464324951
0.6949071884155273
0.39189863204956055
0.7052617073059082
0.6773972511291504
0.3148195743560791
0.4906489849090576
0.4012298583984375
0.3996114730834961
0.40793800354003906
0.27694082260131836
0.3167417049407959
0.3420703411102295
0.44947242736816406
0.46871423721313477
0.3041839599609375
0.29242873191833496
0.3340260982513428
0.49341464042663574
0.6079137325286865
0.29145169258117676
0.35181427001953125
0.3990509510040283
0.5955970287322998
0.34139227867126465
0.33513617515563965
0.2907853126525879
0.3187098503112793
0.5255825519561768
0.38641881942749023
0.4911513328552246
0.34325242042541504
0.39805173873901367
0.32592177391052246
0.26499152183532715
0.2892730236053467
0.3263387680053711
0.39849305152893066
0.45720386505126953
0.33159422874450684
0.27622389793395996
0.4246408939361572
0.371082067489624
0.38469958305358887
0.30963587760925293
0.3278052806854248
0.3928353786468506
0.45677924156188965
0.5194592475891113
0.402463436126709
0.33257174491882324
0.6097259521484375
0.536078929901123
0.5195002555847168
0.4244568347930908
0.3348689079284668
0.27887630462646484
0.2939484119415283
0.3327822685241699
0.3551962375640869
0.40517091751098633
0.44915318489074707
0.503547191619873
0.3100738525390625
0.3102107048034668
0.2481698989868164
0.3038356304168701
0.2928321361541748
0.2862241268157959
0.20842838287353516
0.24604392051696777
0.30428552627563477
0.3002185821533203
0.363445520401001
0.2515726089477539
0.26679062843322754
