0.019975662231445312
0.008604288101196289
0.009056806564331055
0.008491992950439453
0.011493206024169922
0.008780241012573242
0.010744333267211914
0.01195979118347168
0.007483720779418945
0.01476430892944336
0.012382984161376953
0.008336305618286133
0.012311458587646484
0.009839534759521484
0.009285449981689453
0.008411645889282227
0.010904073715209961
0.007002830505371094
0.007096529006958008
0.008701801300048828
0.008788108825683594
0.008340120315551758
0.008168935775756836
0.009327173233032227
0.008588790893554688
0.009516477584838867
0.008244991302490234
0.009879827499389648
0.01269078254699707
0.011478900909423828
0.00989985466003418
0.01039433479309082
0.009639263153076172
0.007857084274291992
0.007599353790283203
0.008055448532104492
0.012001514434814453
0.012517690658569336
0.007304191589355469
0.00800013542175293
0.010638236999511719
0.010009050369262695
0.011193037033081055
0.008758544921875
0.007938385009765625
0.011486291885375977
0.01679682731628418
0.00938558578491211
0.009499311447143555
0.00789332389831543
0.008414030075073242
0.009562253952026367
0.008332252502441406
0.008914947509765625
0.013041496276855469
0.009682893753051758
0.009773969650268555
0.009319782257080078
0.008443832397460938
0.012023210525512695
0.010988473892211914
0.0077435970306396484
0.008337020874023438
0.01272892951965332
0.0068514347076416016
0.0063114166259765625
0.00767064094543457
0.00693202018737793
0.007306337356567383
0.009145736694335938
0.00854182243347168
0.009505987167358398
0.006932735443115234
0.007017612457275391
0.012160301208496094
0.008924245834350586
0.00832366943359375
0.007761955261230469
0.0091705322265625
0.010004997253417969
0.010310888290405273
0.011128664016723633
0.006486654281616211
0.008441925048828125
0.0066645145416259766
0.007445573806762695
0.007271289825439453
0.010385513305664062
0.007447481155395508
0.008700847625732422
0.007772922515869141
0.0074002742767333984
0.010536432266235352
0.006982088088989258
0.0076487064361572266
0.008595943450927734
0.007802486419677734
0.00894618034362793
0.0067670345306396484
0.007370471954345703
