767
467
590
649
582
661
508
571
606
616
646
567
603
606
610
499
541
589
603
576
464
483
524
654
573
664
575
482
458
640
650
416
717
601
565
839
587
727
467
661
744
464
763
499
735
566
553
452
581
736
506
603
562
627
575
596
729
351
599
518
624
679
459
650
712
753
616
393
665
703
284
744
628
550
648
597
522
635
547
457
635
706
484
656
560
647
690
642
736
679
447
708
566
496
486
466
543
619
542
502
770
750
359
581
662
568
587
570
608
466
600
573
531
450
499
636
687
593
621
538
574
567
473
621
661
546
499
649
632
665
635
553
655
418
482
470
844
648
593
556
455
699
510
595
349
663
584
616
561
558
573
686
732
612
618
597
382
744
627
512
513
681
490
746
455
743
693
784
710
605
539
727
725
561
393
674
663
743
739
568
726
729
552
517
574
678
559
609
629
718
588
451
612
542
480
645
589
613
738
667
591
681
541
645
744
674
546
473
604
691
649
706
734
595
599
520
578
683
702
422
628
601
651
613
505
534
545
740
646
729
607
597
513
615
689
667
766
618
790
630
570
782
683
525
548
882
534
483
569
649
754
345
446
541
671
697
672
660
478
580
777
846
733
679
648
526
583
545
664
652
599
715
411
681
631
653
587
739
521
686
692
545
740
569
594
565
522
581
602
553
614
643
753
645
650
623
672
620
356
592
641
705
451
670
552
605
533
786
578
568
628
619
526
563
597
509
513
547
606
600
465
634
638
569
604
505
801
532
648
593
463
664
616
443
517
465
343
589
681
579
475
633
631
575
618
640
569
663
704
640
641
529
649
604
647
583
525
466
726
601
515
458
667
557
723
725
441
557
617
472
414
681
496
660
523
510
652
577
628
532
697
622
631
558
581
333
705
664
581
700
719
590
679
484
588
586
423
581
624
685
594
784
655
532
631
489
721
407
674
647
461
662
705
466
515
779
657
726
514
610
581
678
446
494
582
381
692
729
580
568
546
680
681
779
631
464
669
446
652
608
672
647
618
624
674
461
624
568
614
553
771
588
458
542
701
636
633
690
666
427
643
679
477
590
554
716
560
624
573
524
684
596
598
631
610
534
658
557
440
607
549
545
611
713
588
676
668
513
455
706
479
535
462
628
621
723
782
343
615
557
726
661
558
535
557
580
617
798
512
525
563
690
708
591
809
542
514
651
831
761
570
603
463
581
620
646
511
772
495
587
635
547
447
724
703
261
624
683
769
641
723
647
454
602
511
662
715
164
794
710
504
768
646
472
690
642
626
526
525
521
624
812
659
586
622
699
712
665
404
481
479
614
722
387
532
683
564
600
583
463
631
505
605
543
568
585
520
576
705
571
668
691
516
545
573
577
586
525
476
473
546
597
540
613
514
590
579
542
699
475
644
707
408
495
519
875
734
571
798
479
673
659
556
863
521
774
627
677
814
771
575
594
840
395
527
500
560
534
591
771
495
721
539
637
733
499
575
531
263
531
607
525
625
640
580
698
562
747
554
685
641
569
408
608
639
452
592
642
706
611
713
704
588
611
653
370
543
635
544
611
616
691
611
540
634
606
461
470
600
689
563
414
583
714
474
488
467
547
581
647
430
679
604
635
459
515
649
574
651
681
643
476
608
473
715
799
628
715
733
552
479
809
516
765
506
634
547
434
683
701
693
507
612
684
533
635
621
608
569
663
425
556
575
348
549
582
662
629
459
581
786
620
408
428
751
586
708
545
635
578
635
775
564
524
781
745
681
556
672
731
542
597
582
693
640
668
582
480
565
464
512
488
562
752
545
583
549
563
579
649
394
627
846
735
515
534
539
491
513
843
502
640
745
418
600
623
601
658
709
687
606
514
611
567
582
441
579
504
447
460
654
518
344
585
647
551
549
683
658
737
546
561
492
671
678
546
634
467
621
683
557
622
574
533
574
585
624
643
469
564
674
594
736
581
475
586
650
633
608
553
769
585
655
712
698
605
592
493
526
688
726
684
576
597
700
610
685
466
570
701
658
647
689
676
551
705
619
694
528
437
394
568
546
494
577
603
554
694
677
534
466
560
577
533
674
556
574
823
734
618
598
700
768
648
539
602
786
583
657
572
767
637
684
466
656
631
514
611
537
471
532
576
653
505
669
506
590
433
598
500
503
866
699
512
456
563
570
512
584
673
797
500
614
751
557
594
618
609
575
620
579
485
557
730
749
588
654
558
707
613
678
530
617
427
535
417
485
579
676
733
701
623
360
566
601
724
553
585
399
794
464
656
567
464
647
645
575
446
620
621
538
589
532
785
847
597
584
639
588
652
680
496
431
595
545
769
534
675
610
668
607
540
662
518
626
706
650
806
642
701
545
626
741
504
694
766
579
357
577
724
703
676
572
636
437
613
437
500
644
673
561
604
709
619
511
624
495
599
632
689
768
570
495
707
460
729
755
779
637
555
698
500
526
637
483
608
354
705
770
510
492
752
652
657
492
484
747
502
523
680
695
604
573
719
774
655
791
439
542
654
615
705
930
621
485
704
533
548
726
635
593
802
714
347
628
419
674
585
435
446
503
691
466
665
517
616
633
641
655
582
504
604
595
477
670
519
657
686
779
518
643
583
638
451
519
621
599
586
450
626
426
505
474
409
463
649
678
527
469
448
455
534
490
697
461
549
427
568
585
486
421
386
557
526
532
574
683
729
699
715
577
510
654
618
640
533
724
563
804
487
628
493
700
644
580
515
668
647
434
667
600
616
744
445
620
600
686
271
435
477
514
544
577
671
586
675
551
702
674
634
595
633
496
630
661
756
657
697
719
645
714
643
460
682
538
585
727
631
713
650
660
795
624
629
682
576
569
568
545
610
633
600
645
512
668
579
567
510
444
664
618
586
592
559
570
421
553
597
558
647
582
659
609
663
651
637
744
746
583
570
619
637
721
616
497
595
573
474
635
689
674
455
689
530
572
548
683
513
574
497
574
537
473
580
627
514
548
598
856
572
790
517
559
578
599
533
667
476
504
647
534
509
661
668
438
581
512
609
651
584
634
726
643
519
539
697
633
576
528
433
761
672
613
523
602
710
742
700
363
644
601
706
445
767
661
497
797
613
589
588
760
639
476
591
665
752
658
569
597
670
548
559
611
674
693
545
427
658
659
565
517
928
644
492
626
761
578
531
567
723
538
535
666
542
667
654
540
556
611
616
615
435
497
495
660
687
401
670
579
668
565
724
355
662
607
351
675
537
674
451
428
661
523
549
638
678
576
627
633
393
480
560
633
552
579
662
622
507
518
577
540
661
602
562
731
623
599
554
667
623
525
728
534
524
675
571
729
572
750
728
692
504
703
723
712
591
618
643
639
702
676
633
573
585
479
661
497
594
654
472
439
740
647
709
542
608
599
578
529
685
485
440
468
583
501
464
569
658
568
608
531
495
727
660
583
509
874
575
469
489
557
549
446
589
596
671
740
600
513
447
476
664
552
665
709
846
881
631
617
669
685
599
647
720
603
720
355
831
617
667
491
592
508
594
433
324
627
730
599
521
517
540
585
535
707
783
822
604
667
662
620
682
476
624
770
775
731
674
613
534
664
503
586
577
533
707
656
564
369
422
664
700
490
508
536
636
554
551
532
462
478
616
439
681
558
640
596
750
859
469
718
607
556
756
734
705
643
377
430
487
502
780
581
534
658
565
407
617
607
620
400
512
777
648
536
642
599
590
451
610
728
520
729
518
600
587
583
513
576
410
547
618
551
499
551
693
445
581
455
801
552
758
660
664
560
509
346
577
562
688
801
517
601
812
643
403
766
504
687
707
681
674
573
552
482
630
750
699
485
679
628
684
555
592
624
553
628
485
477
643
644
530
568
552
628
509
510
651
601
356
696
639
621
433
642
681
629
574
556
786
750
391
685
466
560
642
614
586
573
505
546
646
547
797
573
548
572
587
730
477
559
628
578
659
544
605
455
620
455
626
680
493
463
626
542
394
583
774
635
564
672
795
565
711
824
672
595
665
528
726
673
566
543
859
535
497
529
549
629
620
389
625
720
564
711
618
497
578
728
573
388
488
736
828
603
471
601
591
822
875
695
605
679
632
711
615
640
562
673
735
571
652
457
459
648
522
550
640
668
545
471
657
466
550
634
525
622
479
585
596
493
788
520
621
645
687
758
651
573
507
570
485
641
854
614
329
685
686
641
873
581
366
418
645
437
656
548
571
759
668
725
564
558
619
708
673
531
435
569
643
586
608
584
477
563
522
709
760
450
653
510
716
621
541
604
606
540
518
621
594
648
633
598
598
506
618
767
674
319
505
609
504
613
420
720
590
581
712
574
507
477
479
647
614
666
726
651
687
661
603
644
541
707
516
508
652
599
566
523
667
602
560
525
520
355
634
509
548
482
601
702
515
584
650
589
663
634
499
485
614
775
647
542
593
565
653
662
665
390
568
651
505
531
577
693
447
455
592
706
447
578
652
499
603
563
848
644
471
661
822
652
495
811
468
649
517
565
500
627
520
525
577
525
591
520
766
434
671
838
820
720
615
429
691
556
579
525
500
592
765
723
626
564
513
543
603
461
613
670
574
589
724
641
643
538
573
708
471
683
642
607
609
628
564
702
598
468
482
338
718
525
619
557
744
803
628
553
560
468
510
668
621
541
742
669
750
659
738
727
631
826
709
580
774
383
391
591
489
634
486
663
585
434
594
583
588
439
612
476
771
487
710
621
666
635
527
717
690
470
639
691
685
504
660
747
597
469
589
469
464
642
755
646
520
759
443
590
471
730
454
746
632
639
564
570
619
595
826
537
534
619
476
636
706
629
592
656
561
551
740
690
613
620
561
498
568
804
735
413
510
673
463
388
744
423
605
592
720
507
603
550
671
534
593
641
613
640
470
455
625
497
441
788
566
576
558
477
548
508
522
573
796
658
518
608
618
620
570
562
713
800
399
547
581
621
616
649
602
636
547
549
608
552
557
731
626
659
587
534
643
634
599
600
749
569
566
781
672
597
510
712
734
564
645
586
685
623
717
703
500
665
757
675
624
591
555
581
484
529
714
535
552
609
714
539
542
697
576
687
593
653
732
478
468
513
491
618
430
654
515
641
590
637
562
679
605
563
528
579
432
514
682
486
722
480
557
596
709
680
724
662
688
655
607
765
760
626
484
753
466
731
632
657
559
551
678
650
697
711
502
495
633
445
569
549
522
546
615
626
625
428
618
633
655
545
513
611
545
572
554
692
612
599
408
719
642
566
592
569
657
478
484
586
695
549
646
503
557
595
525
536
450
684
705
765
731
500
585
584
626
482
450
642
775
599
600
645
697
584
773
678
606
619
572
625
499
738
473
592
536
632
547
620
457
573
674
688
567
652
706
691
667
557
683
432
558
457
588
691
664
529
628
707
712
612
690
497
474
676
593
710
489
695
548
639
454
497
627
586
675
755
623
676
560
740
731
589
651
612
663
446
465
710
532
633
649
571
480
623
755
665
586
594
536
414
374
656
686
637
692
435
680
627
639
549
658
566
601
613
716
481
517
608
603
842
416
534
533
670
540
549
504
645
667
774
638
559
419
679
471
565
704
224
463
644
665
474
439
670
658
601
748
738
556
617
613
733
556
690
583
598
346
505
491
776
710
600
503
526
616
489
626
785
735
709
647
628
569
658
696
665
655
552
565
613
472
557
431
434
730
594
587
639
622
465
605
500
628
640
505
592
703
535
594
818
591
615
822
660
476
622
674
489
551
483
662
646
675
551
627
500
503
460
695
419
626
755
663
437
860
799
500
650
461
514
490
626
604
557
709
553
529
606
423
619
465
755
694
423
633
542
591
733
509
632
637
663
641
701
605
643
548
621
573
651
803
692
638
782
463
524
659
660
571
500
562
587
767
658
637
575
652
677
593
445
518
549
551
429
621
613
715
760
629
647
649
495
712
704
556
543
753
591
695
689
525
530
551
514
468
394
562
616
497
703
501
516
573
647
567
766
685
470
508
728
534
525
516
505
637
593
626
658
761
495
569
481
523
590
524
584
864
727
456
420
641
545
536
747
556
679
444
588
506
404
510
713
530
595
652
561
504
575
723
665
508
609
524
757
712
538
580
630
644
530
441
634
696
537
551
511
479
622
751
568
639
669
546
460
670
580
540
487
459
490
453
481
543
600
599
605
718
606
638
588
554
277
607
785
603
505
675
693
753
468
610
627
538
536
583
519
511
624
696
767
698
469
809
569
573
661
560
701
513
557
401
584
418
734
634
595
541
515
539
440
559
600
494
453
526
517
385
560
461
614
732
490
706
520
562
565
660
737
519
607
702
619
715
496
527
504
476
739
729
592
547
477
606
521
618
592
565
705
733
382
508
701
665
745
587
612
487
640
723
299
550
418
675
586
704
736
488
581
674
632
758
653
580
559
616
776
673
601
691
645
587
724
768
577
700
624
529
670
627
677
551
614
477
683
616
665
527
511
501
515
619
714
733
641
662
620
505
599
418
626
765
473
669
634
622
449
687
456
531
735
630
667
661
678
703
663
511
641
683
647
437
560
755
745
535
397
630
452
594
723
707
393
407
489
673
595
626
471
538
633
473
472
666
580
771
547
529
546
669
511
610
583
411
545
465
697
421
641
597
696
611
554
551
656
657
551
505
612
480
698
720
672
602
556
388
564
634
526
562
639
573
697
668
772
501
690
682
532
556
582
724
565
552
565
627
813
649
560
553
719
583
543
628
597
695
765
497
484
734
606
444
469
608
684
576
442
595
519
525
738
479
668
677
651
533
616
532
501
605
675
689
727
492
701
732
431
454
516
512
660
611
563
390
618
603
480
650
669
709
675
741
763
607
493
565
742
672
600
423
742
762
516
595
695
450
594
406
701
499
576
536
748
507
456
571
531
790
454
595
609
420
673
674
496
648
488
649
668
586
477
653
430
670
704
715
740
701
635
585
464
637
680
712
494
691
764
458
640
615
464
730
642
615
487
617
533
648
694
592
692
430
520
742
610
798
672
775
554
627
595
633
554
562
597
610
655
649
720
529
573
563
521
544
528
707
541
484
615
550
585
335
489
455
606
646
656
559
818
697
629
559
636
663
463
698
501
791
722
759
593
728
571
667
726
629
489
499
646
752
709
720
632
481
601
566
558
620
541
644
707
540
689
555
697
671
763
611
522
596
645
632
723
727
682
552
552
687
453
700
556
815
672
581
646
551
551
621
523
623
632
816
563
557
918
586
513
580
537
618
637
524
827
666
542
597
574
710
745
506
666
686
537
649
637
570
711
655
553
492
455
343
554
499
515
454
637
599
588
541
516
626
798
743
714
691
612
453
818
492
572
563
749
587
544
643
790
614
444
615
588
803
409
448
529
595
620
560
633
749
684
622
433
673
598
418
689
672
634
503
555
683
639
521
675
564
702
423
460
634
415
725
672
618
534
696
477
572
617
547
429
611
648
649
505
652
719
606
651
483
448
600
623
611
567
551
481
621
588
589
572
648
714
588
717
766
538
667
520
789
562
483
447
517
802
707
523
685
484
500
480
774
569
564
635
720
673
634
579
587
639
731
627
680
509
776
450
547
678
493
507
663
636
472
564
607
693
664
496
671
689
438
712
628
523
555
628
506
745
598
654
606
649
414
715
534
523
504
408
439
695
769
409
577
645
666
477
586
496
702
602
433
709
551
485
627
412
499
810
604
656
599
551
678
624
480
691
510
533
553
559
482
699
884
781
723
416
571
732
543
662
521
723
441
740
658
752
609
490
683
708
448
769
620
686
475
562
552
649
618
677
711
580
441
427
611
521
574
806
736
501
580
537
489
729
591
591
590
539
548
527
655
611
786
686
513
584
559
621
455
415
669
416
440
533
849
726
569
625
720
710
521
527
374
525
717
694
619
438
586
630
533
569
614
320
714
574
626
426
604
508
492
868
477
578
546
397
738
595
753
741
636
624
575
593
571
537
642
416
575
595
642
502
478
569
532
460
624
565
568
502
676
585
526
517
600
752
422
573
481
386
482
619
592
511
540
586
435
620
634
457
512
681
731
774
473
500
504
663
693
547
651
628
587
577
676
452
490
537
775
593
742
529
575
472
642
470
453
646
617
310
586
702
766
493
706
596
543
729
530
567
639
720
610
511
556
577
630
502
483
537
694
634
546
677
693
676
500
625
765
614
581
535
523
497
546
741
442
608
559
667
530
452
525
642
519
695
549
644
629
777
784
734
776
502
518
497
560
664
610
530
497
592
583
692
565
574
771
550
506
671
590
674
545
767
534
342
622
617
749
629
742
516
428
780
447
630
527
717
529
514
554
578
618
805
688
494
536
577
710
516
386
714
622
731
613
660
600
553
645
573
645
521
560
761
537
622
489
649
438
555
578
589
709
680
634
639
596
521
461
653
702
492
702
575
581
728
563
652
573
641
598
590
456
721
536
730
599
682
559
621
493
721
587
572
598
664
693
588
559
392
902
524
709
612
733
475
705
571
554
669
626
576
682
541
606
664
635
712
385
563
607
707
527
598
532
493
496
786
788
590
690
551
595
566
452
525
464
745
529
542
725
618
544
488
566
602
508
518
615
356
749
523
463
532
585
648
466
712
423
677
598
820
354
685
772
550
601
725
429
682
455
565
525
611
666
578
747
636
730
484
508
634
684
701
705
471
660
860
472
587
681
710
721
774
643
601
618
717
537
614
400
588
765
734
604
576
565
651
621
581
522
557
391
504
733
673
818
475
535
730
579
482
791
554
503
610
502
594
672
616
569
502
577
573
599
710
667
508
537
660
617
602
820
546
632
640
514
717
626
379
606
619
521
636
742
653
701
462
584
678
598
422
524
623
564
561
560
560
664
571
496
661
624
598
632
644
586
649
499
696
498
742
601
745
747
606
551
647
558
586
839
553
597
538
452
582
770
560
639
707
766
607
706
601
625
354
733
651
639
702
556
416
532
617
499
501
633
760
507
574
540
525
534
598
676
546
709
397
638
586
720
767
603
665
591
587
534
446
639
716
616
634
548
464
350
792
561
631
468
578
631
714
700
783
465
663
738
688
639
505
629
562
536
595
473
528
495
666
512
661
711
428
488
552
614
780
651
632
583
568
641
516
723
660
441
509
610
806
651
475
625
409
562
637
652
768
426
547
536
516
527
644
628
705
604
675
610
605
743
592
434
476
639
661
545
584
617
675
716
488
506
739
629
473
651
569
544
623
724
741
486
694
396
548
588
527
615
561
542
753
643
599
456
566
772
440
607
642
562
514
339
452
543
518
598
712
563
536
704
546
477
619
772
697
653
439
738
557
646
464
558
697
702
574
493
514
494
517
652
716
515
463
638
644
440
790
591
568
426
562
409
552
597
579
514
632
482
680
637
861
667
654
607
516
576
702
525
463
689
604
529
716
394
527
613
767
563
567
608
696
532
534
675
609
598
444
521
760
600
685
497
708
474
567
520
766
504
693
631
377
677
589
589
878
542
614
599
640
758
577
718
569
660
493
667
725
574
598
680
464
763
377
630
663
499
626
649
507
732
686
492
860
603
578
491
556
679
605
677
476
534
615
449
591
652
485
516
543
776
486
587
442
533
638
414
582
651
636
626
708
655
627
521
570
417
588
766
645
572
504
547
621
740
402
506
572
535
425
389
810
694
694
659
399
480
680
458
594
670
777
462
833
649
619
715
603
710
743
621
431
595
552
636
548
738
615
631
647
520
822
613
605
554
675
649
715
562
460
526
556
555
611
550
471
741
558
535
589
933
596
639
746
670
893
607
593
433
630
538
377
552
731
468
438
651
595
509
631
576
426
702
501
430
608
749
871
730
739
679
708
809
755
667
457
724
588
343
668
467
537
630
656
448
570
622
521
673
596
601
508
686
614
658
667
465
654
682
538
633
584
664
596
681
646
343
513
558
524
679
445
652
656
594
755
491
749
550
701
782
552
721
480
600
693
792
605
535
485
681
570
580
514
601
787
820
595
704
597
574
617
493
832
485
508
512
568
654
564
652
734
563
541
602
375
563
712
611
379
530
618
590
914
598
310
812
698
514
634
751
575
623
501
712
593
563
400
555
649
534
533
695
471
622
590
642
505
659
808
557
604
582
565
532
460
679
596
692
621
622
622
754
635
594
550
369
596
733
848
623
882
712
623
611
616
538
657
686
547
646
784
593
556
431
555
633
575
566
590
759
428
729
710
524
762
559
633
745
646
645
728
733
537
465
461
369
709
452
511
682
573
641
639
650
679
569
463
476
701
686
440
744
504
667
540
576
607
658
672
652
583
556
522
648
622
660
582
451
534
514
589
546
582
850
755
505
569
581
535
718
677
752
745
637
454
808
454
688
566
463
678
517
455
617
555
523
675
569
767
562
454
485
578
552
678
473
642
744
615
601
755
699
769
462
653
843
574
652
415
593
345
650
548
646
490
770
682
592
493
579
622
655
670
566
552
526
709
706
698
585
486
557
689
484
704
615
526
749
698
670
626
626
611
602
543
494
634
586
641
449
665
610
663
623
567
502
614
709
589
484
595
585
738
652
651
516
676
738
523
484
574
325
798
531
693
627
696
734
559
496
710
445
733
601
504
607
538
637
564
703
595
508
609
584
399
549
699
576
780
563
592
663
618
625
509
719
767
593
607
634
588
520
556
714
679
508
575
565
669
609
892
694
644
569
533
774
548
480
766
698
656
578
540
467
630
396
488
669
726
613
532
427
635
732
600
817
654
457
642
594
476
619
458
690
576
680
639
606
633
515
484
724
538
485
630
600
584
656
582
504
688
585
603
532
568
527
816
494
635
476
465
688
567
679
423
572
393
800
577
713
637
562
646
616
735
492
529
528
704
675
767
491
715
726
764
537
708
622
642
492
664
548
732
510
729
646
727
757
737
580
550
610
487
689
587
542
733
943
629
532
472
450
696
615
506
917
462
530
531
762
430
547
551
595
565
624
558
654
528
523
708
559
658
572
773
551
568
616
566
633
577
559
391
516
461
798
498
712
665
645
584
569
635
628
755
493
646
738
694
475
660
480
499
676
423
649
540
504
536
596
524
620
732
601
530
558
585
603
693
506
465
867
366
454
427
556
371
724
656
607
536
597
572
688
549
810
362
556
743
465
741
667
661
641
666
467
446
608
741
701
628
684
547
640
472
449
432
455
510
602
649
659
818
589
596
547
720
778
584
551
616
616
666
518
575
501
678
676
512
508
645
739
620
670
554
685
545
782
449
615
626
636
463
472
556
567
497
772
573
517
684
612
719
634
614
545
766
453
557
782
697
407
581
710
663
577
477
553
533
585
687
694
538
598
628
635
533
520
668
508
509
660
579
693
503
735
659
657
551
582
711
712
492
790
661
543
576
690
631
451
653
471
449
628
679
613
538
576
552
558
524
514
606
654
535
729
655
614
566
529
824
731
634
530
558
559
505
503
473
406
631
763
508
627
646
661
759
659
677
610
718
700
632
633
534
670
593
766
509
678
630
644
700
743
841
506
477
761
459
549
715
277
475
606
541
571
656
463
601
609
671
618
538
418
710
571
620
727
372
676
646
442
384
741
451
686
559
744
475
652
661
692
635
746
718
455
746
629
626
608
724
543
639
541
528
596
546
754
638
552
699
426
710
509
735
687
557
508
636
535
596
549
547
606
650
464
604
672
541
680
539
542
658
664
631
469
521
627
653
570
579
424
618
834
497
498
566
439
603
586
552
836
688
719
404
689
808
707
723
509
576
607
471
730
555
575
658
636
723
489
698
542
497
476
664
551
722
606
464
714
627
441
596
667
535
544
617
499
510
512
676
661
429
635
373
535
404
624
532
620
530
659
628
660
521
586
672
525
501
591
649
508
502
545
718
509
605
589
591
604
540
723
643
678
557
691
680
656
590
588
713
512
685
469
740
632
689
531
716
481
423
624
582
627
777
623
678
588
667
772
614
613
491
602
633
525
558
740
556
627
544
719
578
466
620
746
497
618
697
492
669
669
553
509
604
456
680
724
565
610
556
701
709
519
552
458
605
563
604
626
384
608
460
670
704
416
708
498
822
778
587
514
620
642
473
602
395
712
548
646
381
674
534
580
518
588
680
595
568
699
622
551
616
467
572
478
707
669
769
754
650
536
669
577
583
457
590
744
542
494
581
579
607
667
548
423
657
453
599
726
405
292
582
547
657
639
526
670
653
500
535
509
525
757
785
493
594
375
643
711
510
567
635
563
731
615
722
618
506
676
519
725
483
652
590
633
646
588
732
443
634
491
649
759
567
736
537
840
402
862
618
575
688
605
628
706
579
458
540
635
605
521
626
686
609
566
627
532
644
505
618
558
573
451
339
545
654
651
573
572
414
558
595
540
615
664
566
750
553
612
888
626
588
611
537
507
638
785
670
489
588
696
593
587
495
627
758
608
523
796
603
651
566
524
574
463
545
794
525
499
628
477
615
507
722
603
573
640
631
495
507
705
634
665
407
746
608
605
740
402
656
724
688
619
571
580
375
552
552
667
652
634
455
573
646
675
576
582
663
599
471
585
658
686
519
611
682
766
557
398
440
701
517
714
561
468
649
768
595
713
464
748
683
770
416
626
766
470
616
598
584
649
544
618
512
623
580
608
578
645
665
588
450
294
622
603
484
717
654
691
624
564
658
573
611
403
576
690
751
692
383
478
586
479
764
616
641
753
791
629
643
550
593
565
716
729
524
667
376
515
532
604
688
527
613
759
522
646
533
714
628
718
491
734
694
704
736
694
562
657
588
567
758
675
734
719
693
538
623
634
411
713
686
828
679
610
577
427
375
583
517
543
546
551
425
556
713
622
451
557
730
549
576
693
624
599
788
471
689
792
582
680
674
550
665
600
534
549
583
472
528
529
698
877
634
837
669
942
492
508
659
705
516
513
847
588
664
558
634
397
643
715
566
469
657
598
463
739
492
619
377
543
678
746
545
592
554
428
758
613
604
548
517
697
358
625
334
666
612
536
409
697
408
641
789
723
518
508
761
608
713
532
656
627
475
582
468
683
556
685
540
576
699
638
511
538
571
528
663
604
479
736
591
665
676
734
529
836
633
710
666
630
674
547
658
596
499
820
459
496
583
549
761
626
586
460
345
555
518
579
725
690
522
744
751
528
479
542
711
457
554
590
531
466
452
500
562
557
766
493
484
646
670
583
559
752
560
492
567
825
633
748
401
455
624
441
473
718
459
725
612
517
606
599
550
660
612
611
678
541
709
505
438
578
646
639
580
644
503
698
531
541
676
503
501
605
513
655
586
678
623
722
493
447
727
685
730
560
705
574
684
462
582
556
470
532
842
365
524
595
634
705
515
721
521
678
684
685
450
651
495
476
771
688
555
663
703
716
592
474
580
700
660
626
603
621
560
756
629
423
683
609
544
401
502
757
747
501
570
520
679
622
343
486
666
776
464
494
576
694
543
615
610
549
731
624
733
551
520
669
485
445
555
654
611
636
817
716
310
584
497
869
560
705
640
706
596
610
652
608
625
716
799
579
605
782
518
499
678
670
657
657
519
439
431
589
540
827
577
787
544
649
557
703
636
559
701
458
759
754
723
512
577
772
564
514
623
598
488
461
576
563
572
766
494
617
541
620
743
516
498
409
563
625
630
672
548
614
595
669
691
612
715
677
494
588
618
666
599
699
642
686
535
496
644
545
569
467
623
479
467
699
723
558
342
677
636
713
601
728
673
487
636
672
770
497
527
495
754
791
527
441
733
504
513
608
714
696
599
651
536
840
513
619
665
566
646
626
581
598
652
528
608
446
528
624
471
700
376
486
538
514
585
749
489
679
554
706
538
641
603
354
818
734
663
566
515
538
514
421
587
758
747
682
678
538
603
517
586
439
445
421
570
721
406
517
707
587
609
626
535
530
442
398
434
679
670
518
562
619
677
633
541
605
565
622
792
768
670
463
580
663
660
510
571
895
669
871
646
552
715
610
593
572
607
561
556
682
529
449
544
420
557
463
614
468
595
568
720
813
729
540
778
575
622
504
634
820
582
476
678
576
569
609
631
678
663
693
560
724
669
579
775
659
736
625
732
674
522
732
521
661
577
570
622
593
537
621
584
528
580
643
674
539
643
462
560
677
441
562
744
549
529
523
523
535
627
749
718
657
448
620
506
739
446
622
637
734
450
706
553
655
529
581
639
774
599
539
473
624
510
596
665
742
672
693
747
442
475
568
618
771
672
658
642
589
716
595
600
493
708
727
645
629
450
649
453
684
684
548
599
639
772
892
646
746
580
513
636
752
576
562
639
512
569
522
664
793
546
733
676
498
434
612
590
847
813
628
457
547
662
382
539
386
682
397
684
633
558
425
656
646
598
619
594
722
542
535
749
679
695
530
544
548
629
618
848
653
714
679
707
577
781
685
461
613
445
750
354
506
606
873
784
543
549
523
650
559
578
630
661
828
543
482
608
379
803
644
422
602
570
603
509
583
511
432
668
618
495
588
675
573
640
616
604
620
575
631
572
418
697
730
663
718
578
695
459
654
674
437
473
491
520
633
636
538
749
611
464
742
635
577
721
552
520
676
476
538
653
484
557
655
647
652
515
823
701
655
650
678
715
720
477
619
746
582
583
582
636
530
688
534
495
578
478
793
627
592
483
486
624
590
313
528
686
672
532
530
479
679
473
721
522
656
474
674
648
451
577
583
559
571
639
445
558
595
677
726
612
710
469
576
482
706
662
514
453
597
641
582
638
717
633
527
611
577
645
713
492
663
493
720
754
452
583
546
532
731
601
693
522
443
636
678
814
641
664
673
584
650
574
425
550
571
658
507
443
691
646
570
598
845
852
413
686
572
636
684
707
479
572
562
616
685
482
779
569
467
529
560
506
365
696
641
615
496
573
528
525
703
702
596
744
707
410
586
486
774
571
779
652
745
612
469
453
773
573
535
654
536
672
574
652
516
680
658
635
690
479
526
579
673
461
968
617
534
487
721
533
502
576
552
357
526
558
514
654
583
531
509
657
533
536
776
553
679
733
706
786
465
658
554
629
571
514
663
563
726
469
677
652
454
665
665
693
674
511
439
715
661
836
669
469
714
706
545
555
441
547
532
618
522
639
674
562
664
706
628
438
590
539
516
638
691
521
603
710
514
665
526
554
598
682
692
802
505
551
766
569
725
724
522
468
619
670
663
610
600
505
694
569
596
536
664
615
469
552
472
625
517
578
772
640
550
533
592
519
667
707
763
569
683
505
561
611
616
613
635
628
662
522
553
580
582
798
628
504
418
572
548
633
577
594
611
703
545
627
444
705
510
630
625
545
697
504
729
637
635
712
654
721
562
496
490
590
665
501
622
679
501
655
475
698
686
607
628
626
597
574
605
515
619
631
631
615
733
649
696
381
703
444
516
557
630
527
583
429
623
526
420
521
641
508
552
475
647
566
654
621
560
564
566
769
604
594
541
699
685
523
652
691
532
717
544
578
613
440
579
652
476
500
504
871
617
507
617
600
682
512
597
652
635
589
610
659
716
571
613
644
629
598
782
582
509
429
549
659
761
467
677
794
651
671
558
648
688
535
687
681
647
519
708
627
447
614
705
694
451
599
504
436
569
927
784
550
682
590
494
532
691
588
602
744
336
418
648
613
670
642
580
537
480
392
490
588
551
750
647
721
609
577
723
607
756
557
558
600
599
646
656
599
577
678
671
485
580
544
654
643
639
650
679
570
542
741
457
528
740
465
719
773
604
662
652
601
497
632
578
636
459
519
522
636
523
568
663
575
672
479
528
570
513
742
693
620
441
745
598
644
598
583
711
538
517
656
644
828
714
717
545
469
478
645
418
662
391
874
665
657
678
723
593
669
510
739
566
733
537
567
670
549
600
538
611
767
642
673
555
500
600
523
535
716
566
652
546
638
581
711
655
690
704
536
543
631
437
487
716
682
655
629
637
568
590
701
661
560
698
588
772
803
723
335
680
670
393
717
740
610
587
599
589
704
614
659
480
562
606
577
580
671
651
520
739
737
395
738
638
658
464
461
660
630
428
532
567
599
621
418
715
444
703
597
622
713
727
638
462
720
443
510
562
634
633
554
592
514
661
685
707
548
445
583
632
792
708
554
501
490
768
521
493
665
649
605
511
566
536
505
590
622
762
482
721
727
498
547
510
591
596
543
864
592
535
511
514
618
688
658
509
598
563
674
618
599
603
760
692
693
667
567
770
665
657
600
511
585
629
704
716
536
631
643
596
700
625
516
697
328
618
828
648
393
634
534
659
653
544
693
450
603
680
550
574
409
542
381
718
620
575
621
551
473
639
646
522
532
531
751
516
489
402
459
565
551
535
690
598
608
540
615
675
738
540
508
522
612
588
518
651
641
549
450
677
647
585
532
585
768
510
393
549
750
709
523
478
800
704
658
498
625
587
660
669
616
538
687
481
512
398
560
778
530
644
706
465
617
672
640
516
499
590
679
660
589
415
765
499
645
615
514
553
538
704
650
755
637
615
611
692
862
595
718
475
574
711
593
660
278
598
759
370
734
662
489
547
563
755
606
734
558
830
587
693
231
574
510
677
447
560
632
429
645
498
604
650
706
557
367
520
634
648
475
812
598
529
546
576
611
576
623
312
546
492
594
483
655
605
714
745
738
540
597
742
602
649
566
774
687
650
629
674
554
515
756
501
602
396
494
852
781
687
590
695
442
612
750
577
691
673
590
519
585
639
524
488
688
775
433
432
758
637
667
539
532
641
582
559
603
691
681
548
728
643
495
544
419
551
648
470
450
601
516
599
682
498
520
670
565
653
364
494
541
442
678
549
505
597
656
759
531
759
634
542
612
602
520
683
478
574
503
715
612
553
625
513
570
676
692
602
561
767
725
567
640
583
644
618
621
493
524
501
586
574
510
508
776
687
491
645
712
705
568
769
633
666
479
571
664
529
606
333
675
554
638
397
643
662
591
608
729
581
735
439
653
464
640
606
469
418
824
870
542
577
565
625
627
614
482
548
649
591
525
674
553
521
567
453
538
582
704
771
660
537
571
394
639
564
735
674
634
590
775
611
554
370
648
479
438
593
466
686
472
677
601
595
737
594
528
656
546
586
698
525
771
642
568
601
674
429
692
506
763
634
469
428
409
494
622
680
687
477
416
381
505
755
690
691
478
538
777
543
789
613
479
613
424
671
606
559
613
559
488
581
414
564
672
705
558
686
495
599
687
775
590
592
635
694
349
699
535
534
545
725
493
557
585
547
601
625
593
551
725
526
559
679
661
556
716
553
478
625
470
506
569
760
614
637
598
460
643
638
365
536
628
701
641
687
591
776
416
619
513
651
718
667
562
631
746
603
423
642
481
557
607
571
491
415
668
362
692
622
675
663
461
581
540
618
517
769
632
740
564
778
514
594
619
541
523
585
555
658
581
479
400
607
476
535
420
577
728
515
546
676
405
647
591
602
482
687
693
651
668
450
598
513
549
701
586
433
637
524
631
544
623
628
349
545
556
585
664
545
451
500
541
539
518
627
616
655
416
531
598
423
475
663
619
594
554
588
637
500
647
838
591
712
580
543
642
576
652
503
518
632
473
533
675
681
518
435
608
666
712
622
757
551
378
424
604
761
594
647
384
795
659
417
516
777
451
603
744
696
673
685
436
507
659
505
667
779
411
549
415
492
553
534
457
590
712
547
853
622
573
668
724
450
814
633
525
566
597
610
680
579
550
661
714
678
605
700
642
641
516
476
573
596
437
609
455
433
559
549
797
635
758
560
544
548
614
561
478
577
593
639
619
520
585
528
521
656
528
741
550
656
647
604
763
591
646
605
394
549
548
574
561
655
472
414
601
686
486
632
666
608
583
721
391
689
512
651
586
587
567
569
416
448
746
494
691
615
634
507
437
589
719
728
545
601
539
501
595
719
562
605
577
553
589
504
652
453
616
722
622
611
661
678
411
714
489
715
705
605
664
608
683
733
556
484
547
481
523
562
574
618
723
640
688
272
775
497
574
420
746
782
543
536
604
529
607
726
693
593
465
542
657
632
634
566
586
491
635
581
700
663
697
651
527
739
511
634
562
692
492
462
583
553
444
757
606
538
583
594
818
706
725
715
653
650
484
609
688
567
527
449
506
699
547
654
619
616
654
650
620
402
444
579
632
695
685
570
629
639
733
529
636
682
612
522
588
490
390
520
722
619
737
578
516
611
715
693
450
617
672
607
795
645
617
592
578
544
553
555
639
592
546
655
889
632
643
527
523
686
744
797
685
555
511
681
564
467
605
627
575
493
594
609
628
727
643
611
653
613
703
627
493
679
687
645
695
569
557
550
555
512
554
758
626
618
652
662
533
689
433
726
619
591
754
475
629
686
596
587
468
726
836
483
512
527
662
690
400
511
770
725
550
504
574
616
720
758
796
672
657
614
767
561
704
725
606
659
688
445
632
495
667
444
757
650
650
596
508
495
477
645
649
605
582
509
698
512
551
667
603
731
733
576
503
378
506
666
534
602
606
638
408
465
821
780
565
576
534
567
569
596
591
784
681
710
777
682
606
587
705
758
810
483
579
591
603
593
656
768
678
498
590
693
519
413
518
591
636
745
527
665
649
817
524
446
725
582
500
601
511
533
569
555
712
535
662
782
539
551
577
539
581
553
686
511
501
617
543
401
504
715
564
355
723
602
466
398
697
714
639
523
565
600
449
670
498
634
582
507
660
480
686
861
794
563
575
790
571
595
854
745
451
576
543
462
446
627
696
768
564
533
481
497
650
519
617
519
642
702
608
544
653
540
554
573
634
692
568
558
514
719
586
536
547
445
663
721
712
683
583
400
691
761
715
651
405
527
738
610
608
484
481
546
510
379
390
876
666
538
558
533
651
705
612
650
515
667
551
704
572
590
817
544
654
493
593
553
617
777
708
529
614
682
715
571
607
517
536
387
618
561
738
548
639
428
592
671
733
616
528
631
536
801
579
637
384
600
610
688
573
571
785
738
547
531
487
646
591
473
586
639
690
607
523
640
646
645
478
722
692
793
484
427
619
649
705
506
589
310
757
654
666
627
555
619
459
663
570
603
554
663
509
658
664
473
648
541
650
665
618
533
718
608
724
635
595
526
390
466
701
487
654
775
573
686
495
696
680
579
591
373
749
593
573
565
463
624
639
589
584
570
656
384
651
638
486
567
712
452
523
505
606
457
366
499
857
619
635
694
763
533
581
511
439
484
643
603
644
777
701
507
678
587
518
523
623
674
630
718
643
565
552
606
460
783
622
536
817
706
587
572
674
677
479
812
564
689
404
520
560
569
541
750
419
595
558
407
669
722
484
446
607
441
614
603
547
674
478
567
531
661
625
643
652
657
591
790
765
380
604
687
556
696
443
620
564
620
713
704
581
538
755
569
515
726
721
579
579
698
782
665
685
416
682
724
490
594
556
462
643
578
747
524
625
747
707
410
691
736
634
547
669
690
716
531
324
484
401
515
589
534
639
696
520
434
587
672
614
679
574
641
698
667
580
603
573
471
465
574
531
552
652
660
837
885
541
628
648
615
743
401
625
570
419
584
644
704
505
541
597
699
690
721
537
690
636
474
776
537
701
665
575
589
667
374
477
577
552
586
456
850
718
598
650
492
815
554
592
669
520
791
604
631
404
616
476
707
522
629
519
738
610
601
497
526
735
525
526
513
524
663
723
433
601
630
579
598
525
551
646
650
448
740
740
516
634
594
515
803
632
501
504
548
657
598
665
579
654
607
648
581
614
539
596
742
845
676
461
614
614
722
656
649
520
663
657
656
560
594
615
514
630
641
552
469
686
591
674
450
736
634
581
460
783
550
481
685
456
651
452
724
615
457
518
652
775
359
719
828
713
592
641
701
500
555
613
522
518
530
528
592
525
504
572
581
397
755
569
489
534
625
438
517
451
747
575
604
718
432
564
745
728
642
671
704
511
684
518
445
536
586
681
621
577
693
720
714
571
566
714
476
549
684
667
787
729
641
641
657
637
582
683
634
597
606
593
683
509
607
503
699
698
597
655
678
604
612
532
535
520
610
553
655
602
557
626
643
587
482
629
744
518
448
579
753
560
632
606
531
700
653
607
708
660
571
716
656
587
619
580
749
588
593
627
673
627
587
638
487
607
595
698
499
552
895
728
607
661
392
665
773
531
647
601
694
642
656
737
512
617
452
683
741
555
465
623
524
738
686
733
655
619
569
762
583
600
634
459
481
739
695
670
563
739
586
597
573
455
619
662
613
647
408
665
702
585
761
565
486
517
724
573
683
684
669
556
533
653
654
617
655
578
796
685
694
735
596
440
611
586
727
694
549
488
723
351
539
692
728
782
718
506
604
534
375
693
683
556
681
595
626
584
538
640
404
516
623
392
598
579
626
664
486
854
662
604
593
594
548
547
517
532
673
610
386
568
649
292
423
644
710
640
805
496
779
563
457
535
711
706
678
581
625
703
494
570
668
447
596
544
678
589
520
411
627
538
504
803
702
709
569
418
625
698
502
694
665
927
517
466
490
656
674
775
611
584
758
703
641
407
499
432
552
571
708
680
610
698
364
691
553
520
588
557
760
597
494
573
546
405
519
517
802
693
619
728
586
592
659
627
750
582
510
571
558
499
458
704
508
550
742
677
657
626
488
587
730
353
450
700
574
516
602
708
733
514
363
363
762
519
601
736
527
649
646
618
503
757
647
511
552
733
805
728
777
640
718
796
504
669
569
689
575
613
480
554
489
448
531
923
534
800
613
522
741
548
630
715
468
639
674
764
650
381
668
606
565
543
525
463
715
585
625
671
540
375
573
651
713
610
759
489
533
415
552
542
613
645
648
662
580
637
555
657
616
588
595
605
578
599
724
564
751
617
599
842
622
686
594
562
548
701
558
609
893
528
600
619
625
611
413
680
397
532
531
600
538
638
565
456
455
612
561
677
758
529
684
615
701
491
646
585
710
439
647
478
486
683
568
509
752
634
634
615
538
473
508
565
581
659
482
709
598
522
532
581
692
583
535
709
500
460
561
633
600
536
592
576
590
625
744
615
648
510
485
512
622
581
524
606
531
590
683
591
697
548
582
789
638
647
769
666
609
541
603
750
588
484
503
626
693
724
681
630
725
455
548
453
682
640
530
695
752
448
547
669
772
622
572
615
563
519
448
602
416
698
583
495
664
743
584
538
539
536
560
617
580
493
684
703
686
723
637
555
385
694
493
696
613
556
620
479
615
736
631
613
575
737
721
859
434
673
525
743
643
541
702
511
374
618
498
614
663
596
728
688
651
548
702
804
594
611
539
583
588
483
563
684
568
674
442
724
412
529
678
829
551
691
646
381
566
616
661
519
524
480
500
595
616
679
558
609
716
622
546
712
645
744
577
338
702
609
596
702
540
682
672
470
571
499
563
665
441
612
641
582
539
592
511
665
588
461
583
415
606
619
694
570
541
713
430
569
586
672
801
569
593
531
596
599
698
519
753
471
642
687
498
806
685
653
689
641
725
772
605
531
765
663
694
602
746
454
497
416
521
692
598
488
568
653
477
562
602
670
610
564
553
490
471
709
669
575
716
594
566
562
448
624
534
570
706
603
586
796
529
463
757
684
416
695
554
458
523
488
623
568
646
667
509
779
637
672
673
466
781
535
610
534
555
409
485
654
540
574
590
832
655
420
441
727
628
582
402
389
556
540
469
534
612
590
407
695
704
706
577
717
564
362
682
542
591
677
674
712
598
709
752
494
563
610
654
730
537
711
649
583
581
616
619
506
446
628
521
478
482
825
503
366
688
553
583
493
641
557
681
519
654
651
543
681
520
462
597
610
740
502
637
709
548
546
598
627
699
691
799
552
678
701
642
628
543
672
534
587
546
461
770
631
531
565
570
802
445
693
506
580
646
417
718
470
435
457
702
651
562
480
717
588
681
733
465
678
647
635
577
547
588
700
818
621
681
678
466
455
741
649
611
623
534
497
578
647
487
628
454
590
650
673
514
721
542
489
694
496
510
606
502
639
686
307
765
638
503
507
501
666
681
553
705
512
597
688
623
577
502
625
549
583
601
644
559
441
696
714
713
629
560
782
520
684
594
441
669
459
571
704
552
622
446
596
613
658
634
570
545
564
711
449
516
544
512
559
497
478
395
454
566
632
600
652
662
539
684
516
732
700
449
683
610
619
552
442
522
700
546
638
709
753
536
629
544
722
495
729
698
703
497
614
631
485
320
599
486
478
647
597
619
611
697
608
592
551
557
751
854
518
514
452
582
512
647
555
648
500
678
518
487
509
809
726
518
678
609
580
537
511
512
849
630
677
642
576
668
800
338
594
655
627
677
669
417
599
748
649
691
496
558
563
660
549
731
569
615
481
602
662
525
669
650
591
516
792
422
699
562
669
441
536
580
688
440
475
396
567
757
756
646
594
519
761
742
454
702
520
610
490
560
600
605
773
717
590
637
599
557
707
586
516
660
728
514
452
644
495
654
636
685
512
669
512
415
669
455
529
563
692
484
656
645
504
461
653
522
794
599
500
582
662
649
575
565
561
531
565
528
635
697
693
375
550
583
573
719
574
915
497
468
581
487
698
654
740
662
791
501
446
609
606
378
512
453
677
520
645
341
663
604
666
578
536
667
713
622
688
699
515
596
594
652
713
582
500
570
496
500
376
512
563
543
541
672
471
482
592
505
780
603
618
587
456
516
218
467
