446
602
653
511
641
694
399
599
599
543
511
532
630
510
668
783
479
514
416
597
574
611
615
628
679
542
427
460
591
405
690
485
503
393
652
522
724
599
612
679
459
622
526
625
568
596
518
676
449
582
494
616
573
476
658
616
446
664
463
464
521
461
412
625
603
654
524
558
818
422
718
621
645
631
767
634
692
642
585
644
607
433
815
523
575
546
480
724
738
591
554
641
696
559
433
665
411
617
547
642
571
424
621
650
680
560
674
606
503
694
722
416
688
625
615
584
697
667
619
802
719
664
420
590
711
686
532
701
631
510
841
471
467
623
497
521
670
540
582
622
505
417
702
655
722
245
783
420
541
709
619
580
488
476
633
644
646
597
667
620
648
507
568
610
511
628
749
534
684
729
708
530
653
578
656
680
611
647
610
658
432
628
628
477
449
669
551
495
457
714
508
689
584
567
871
604
388
718
565
553
569
644
725
682
507
672
670
558
622
698
657
848
650
526
830
648
567
869
660
666
610
643
639
621
428
431
684
625
591
721
528
507
562
497
590
671
530
593
658
596
697
592
776
750
585
441
518
485
542
452
736
598
718
506
656
656
703
759
672
475
850
690
526
556
470
621
654
591
601
525
733
724
600
752
574
547
609
515
466
764
530
691
745
781
758
571
680
719
666
499
582
498
465
579
586
566
680
647
455
595
656
675
812
503
524
621
533
601
472
524
689
516
805
752
510
401
649
598
526
657
658
687
563
329
732
693
529
702
512
594
567
798
558
583
689
518
714
565
515
666
771
460
482
614
701
834
467
466
566
609
508
663
624
607
650
432
644
682
710
492
647
537
591
730
672
493
580
594
554
614
779
588
544
427
712
452
615
608
647
556
611
525
744
424
460
453
499
479
659
430
645
431
465
698
496
598
689
710
353
568
578
651
571
568
590
616
632
693
473
646
540
640
548
638
579
651
648
571
555
676
397
557
660
693
539
643
604
542
630
558
598
573
672
734
573
268
603
645
541
597
493
661
545
499
544
561
808
575
528
536
621
580
774
384
617
479
477
610
496
656
687
674
521
601
646
795
672
724
573
455
645
544
627
496
689
629
593
494
506
407
721
510
400
524
521
603
681
635
680
616
532
710
700
719
672
582
610
671
573
516
551
639
489
508
587
688
543
489
744
594
601
621
630
511
784
598
485
507
727
525
628
643
604
663
782
597
429
679
684
405
723
684
727
542
668
683
538
523
418
666
464
611
700
524
700
582
530
576
518
528
572
655
746
627
664
792
614
585
541
540
545
812
551
629
529
558
635
648
579
641
425
581
551
617
671
523
754
416
695
669
493
594
547
605
768
441
549
524
639
798
550
791
362
503
603
405
612
526
593
514
466
645
518
633
616
544
693
641
579
687
592
598
671
611
604
533
571
777
488
575
709
706
721
624
611
702
667
653
514
714
691
628
517
457
754
501
557
585
725
589
357
640
767
584
851
481
551
545
604
714
569
745
711
596
594
737
682
716
553
699
544
461
788
561
652
549
602
757
720
761
652
581
456
531
483
716
486
690
812
538
659
363
744
578
740
405
461
761
735
608
572
687
461
673
656
658
749
595
729
776
539
871
492
566
540
538
524
813
445
607
693
418
500
524
430
610
711
764
471
583
743
663
572
503
485
496
611
570
617
478
634
603
691
542
762
520
563
649
536
639
482
596
478
549
585
477
463
706
561
619
385
532
566
607
476
500
794
606
534
539
484
677
620
543
483
465
614
544
574
585
611
722
592
600
555
563
633
630
465
584
606
375
705
402
423
640
610
643
495
640
653
597
629
657
599
477
496
734
766
519
547
413
623
428
505
663
444
669
653
488
494
563
438
664
497
653
705
638
714
653
643
714
461
545
556
690
611
569
787
632
700
500
527
575
618
666
690
586
667
799
468
660
374
627
509
546
541
751
508
785
664
657
706
583
439
535
536
486
605
674
657
524
494
559
697
696
679
356
681
705
550
510
535
560
526
777
475
670
541
699
611
579
619
494
610
438
584
568
761
632
546
453
686
493
686
545
534
518
576
556
634
733
434
571
593
606
586
573
617
500
327
359
626
664
354
528
614
572
479
503
746
489
686
643
503
443
592
506
652
657
618
821
458
654
585
563
515
736
452
682
571
686
625
598
584
644
581
588
459
393
617
733
450
464
704
746
756
535
549
540
602
507
693
667
448
739
460
520
488
749
351
738
664
608
508
671
607
503
506
725
425
650
460
554
391
714
637
536
526
552
663
682
749
569
693
674
622
547
404
430
530
538
429
548
665
520
695
583
660
613
587
618
611
661
567
601
523
450
532
661
444
656
505
500
650
593
633
597
667
599
711
643
679
518
651
684
754
499
664
502
626
721
564
649
679
661
479
597
661
571
458
678
561
643
556
595
756
485
581
510
778
506
636
457
757
450
744
769
705
535
486
451
678
767
858
501
508
469
500
564
538
711
544
631
722
653
647
669
698
442
649
677
628
639
598
600
637
633
573
644
769
587
552
523
628
557
596
646
675
666
511
373
762
560
675
761
738
534
582
442
535
568
741
566
504
562
625
582
516
712
576
724
664
693
435
494
523
564
541
516
579
572
651
763
510
660
512
703
589
488
586
589
402
755
632
729
484
343
757
481
608
693
385
701
716
708
512
522
553
546
739
555
529
522
406
695
597
524
495
560
526
643
666
497
588
633
580
540
596
564
577
507
365
546
567
632
631
837
601
477
528
529
512
623
768
628
575
647
531
741
494
624
481
738
542
484
576
407
594
585
497
716
464
527
554
455
587
495
597
588
517
568
621
714
679
542
657
616
569
738
687
757
454
587
442
546
557
747
694
584
585
672
465
548
615
780
723
604
690
613
694
456
534
755
694
507
603
732
547
475
626
698
534
693
636
639
623
486
642
486
756
499
536
691
541
627
604
696
601
672
537
643
686
556
757
499
373
691
655
617
583
688
680
602
723
551
346
631
613
581
620
543
547
699
602
685
729
623
549
540
818
445
675
646
379
412
700
703
489
631
729
500
583
641
415
740
678
578
545
647
583
538
642
580
716
583
627
684
547
541
834
652
725
538
544
586
670
549
212
478
485
659
522
638
423
461
724
592
538
530
568
464
654
480
591
698
616
570
748
580
506
724
694
474
519
739
650
586
688
503
597
514
510
687
474
777
748
620
668
558
527
824
609
714
685
444
618
727
824
526
509
786
588
658
487
552
661
593
539
788
556
657
441
731
451
645
580
657
471
523
708
693
463
655
701
746
773
552
561
634
583
634
541
651
681
550
582
398
634
568
542
681
494
628
412
583
692
718
581
637
777
513
638
528
560
577
560
635
547
732
464
537
730
664
586
746
651
632
567
574
561
747
453
660
826
578
722
467
615
462
657
697
528
766
414
336
711
633
579
537
535
523
792
548
522
470
596
649
608
585
703
378
723
610
586
638
550
687
636
577
689
559
745
771
607
511
452
656
717
585
405
494
651
550
760
445
540
534
480
629
693
765
533
590
660
775
550
503
515
493
582
443
391
493
706
570
638
636
676
500
804
471
732
804
582
649
692
677
609
335
545
584
492
648
486
666
596
459
586
663
703
685
734
643
503
675
544
536
566
609
462
521
562
558
596
593
712
573
645
603
563
602
551
640
697
533
620
447
656
496
610
546
514
754
776
400
522
456
558
568
567
633
522
696
753
552
700
657
705
609
467
700
551
655
518
584
673
521
563
559
621
369
501
572
505
331
638
592
569
488
608
527
370
699
491
653
626
691
719
532
725
590
641
661
682
403
607
678
702
438
506
485
514
543
738
578
588
689
748
539
676
394
631
771
598
636
630
444
580
639
475
635
645
621
671
461
711
394
584
797
588
529
537
483
392
754
663
701
574
630
627
501
598
784
464
794
415
780
533
596
611
574
553
630
587
596
531
623
532
510
676
679
538
629
495
526
392
379
410
461
691
637
542
634
562
550
546
706
710
609
419
701
694
710
564
417
667
501
631
544
346
699
737
648
662
509
629
576
453
748
586
389
682
573
512
568
549
659
665
676
658
796
684
474
603
606
399
756
518
397
459
482
556
545
510
548
416
702
501
413
409
596
774
812
582
581
476
690
611
552
485
530
690
560
657
452
705
702
835
628
569
604
675
558
604
640
488
672
528
663
714
721
788
508
515
719
461
684
690
486
643
664
562
657
643
658
642
582
722
488
669
746
832
676
543
601
675
454
585
634
518
613
592
484
611
546
457
656
509
629
385
572
610
631
456
590
687
534
555
569
694
745
491
612
417
359
743
438
595
706
599
602
769
629
757
416
509
512
423
756
462
699
679
714
586
347
675
547
631
654
682
685
753
711
475
611
494
690
590
689
581
499
494
666
434
767
637
607
642
518
626
623
534
493
555
632
623
605
563
589
689
568
513
645
691
613
688
643
481
529
635
637
554
566
572
668
599
741
656
549
424
603
474
516
631
603
521
574
624
627
658
675
602
471
583
542
635
416
637
582
642
575
595
536
683
625
619
356
432
695
639
628
625
609
490
459
500
668
636
626
570
530
643
527
543
519
599
577
500
512
636
801
434
487
558
760
719
392
442
736
686
673
649
665
576
584
666
500
793
469
519
652
388
502
589
607
644
738
568
711
757
487
466
587
533
506
571
699
544
393
543
674
563
486
695
572
566
874
639
544
536
644
704
452
646
658
534
540
580
500
635
692
619
624
626
631
663
639
514
418
617
567
486
623
651
591
774
568
652
503
711
438
642
593
353
621
626
635
593
494
563
657
624
603
694
652
519
582
628
696
518
655
438
543
598
574
623
436
318
663
456
567
486
525
605
454
582
563
668
621
558
538
732
412
616
787
558
838
652
533
400
583
533
615
610
713
673
634
549
638
644
641
579
551
516
569
507
610
721
519
601
413
718
622
474
660
591
649
553
652
575
575
616
564
294
704
598
489
468
566
637
554
728
632
730
666
641
523
555
470
682
638
517
598
610
621
436
406
481
552
691
657
672
289
698
768
632
479
459
702
576
882
761
600
549
719
605
701
724
539
621
519
525
619
546
576
506
553
414
791
315
692
617
409
436
555
678
573
745
513
535
781
525
588
699
506
621
569
582
484
724
691
675
368
635
521
695
717
614
522
692
640
565
629
626
546
695
592
642
480
830
826
561
588
482
632
793
515
665
697
528
454
810
611
594
576
550
573
634
590
564
677
505
666
679
554
620
593
697
494
661
508
529
554
655
676
571
574
810
514
652
666
671
839
622
649
661
658
696
479
607
623
405
687
678
683
663
623
808
470
540
471
514
531
660
753
460
529
621
737
510
710
506
452
600
647
813
524
784
557
736
502
532
491
562
578
556
711
756
694
450
617
516
580
445
486
477
719
360
548
532
692
591
572
640
614
491
629
751
661
523
460
562
786
644
491
679
616
668
660
569
740
682
511
600
704
510
641
535
725
655
735
594
652
561
789
561
578
532
298
666
506
479
667
728
486
661
552
560
731
465
669
686
655
599
557
823
735
651
398
568
599
633
629
644
466
523
631
471
605
317
639
391
675
483
559
594
514
642
527
683
503
523
562
715
748
430
643
551
543
458
829
712
659
719
556
670
599
389
819
554
453
656
623
672
649
551
581
509
698
732
526
494
478
557
658
621
305
607
674
545
519
541
581
590
742
531
708
691
436
420
516
578
629
634
546
626
731
570
389
821
725
454
562
498
578
526
597
445
682
474
626
679
578
594
734
545
526
681
387
668
505
466
530
592
560
834
578
515
525
505
805
473
591
603
589
581
474
492
510
550
563
633
668
381
449
612
705
569
562
466
746
535
606
718
556
599
746
675
537
689
657
555
632
652
620
566
709
543
479
384
649
531
569
665
509
667
637
670
696
622
567
721
532
438
572
723
372
656
639
446
485
550
637
720
535
524
688
438
507
606
624
684
553
449
442
509
580
680
641
712
435
588
747
417
527
462
520
703
657
624
702
609
592
591
750
503
552
695
690
655
606
487
676
819
520
550
518
747
590
675
474
617
655
553
561
584
733
546
653
406
672
592
558
721
439
602
760
488
770
681
531
436
653
707
722
526
700
502
568
562
579
584
450
433
612
552
530
612
763
594
481
604
641
693
509
599
483
635
536
598
580
529
476
532
537
435
866
576
676
451
562
615
499
691
683
403
694
510
473
580
631
457
745
706
710
629
694
648
424
519
426
894
524
646
628
483
518
586
672
481
583
456
721
689
588
698
642
608
608
652
698
487
673
496
511
627
761
491
634
661
618
738
387
699
528
639
659
560
620
338
517
454
647
599
607
534
647
471
440
540
456
553
387
516
595
695
647
583
548
562
651
637
717
546
565
672
670
574
593
611
501
563
723
530
574
657
730
651
596
514
591
630
440
800
597
446
557
532
693
507
494
649
527
568
696
725
541
643
660
508
643
707
525
437
651
729
517
560
533
538
645
544
687
695
733
656
547
634
634
586
639
559
573
667
637
469
666
632
455
676
710
732
589
512
687
703
596
619
516
707
712
551
697
658
626
546
519
711
624
586
899
582
772
539
653
570
486
681
821
501
592
382
539
499
591
595
690
491
514
582
612
639
519
615
709
661
658
414
613
468
496
658
653
420
720
408
647
601
628
606
450
445
474
766
612
423
533
441
594
607
789
638
774
496
680
539
626
522
644
702
704
667
620
655
458
691
563
610
615
669
636
829
595
821
569
658
573
677
559
572
706
386
687
621
565
714
668
779
630
509
557
336
400
611
577
422
698
632
466
692
474
633
518
608
849
637
557
507
674
663
564
627
625
594
586
599
612
381
568
680
634
571
572
611
591
353
753
646
637
444
626
551
666
527
530
683
769
792
578
838
813
543
522
766
663
651
584
585
645
538
630
627
585
596
702
407
613
666
587
687
748
607
506
635
608
451
713
559
554
587
582
468
683
573
552
563
464
519
776
542
509
746
527
599
779
621
536
610
625
766
712
672
589
686
626
664
508
576
334
650
634
747
563
570
750
583
657
569
553
495
485
691
605
524
531
515
697
811
569
499
612
479
645
634
528
607
708
862
552
616
407
671
505
640
774
768
550
644
639
801
620
611
770
627
439
427
643
563
818
545
759
538
496
661
431
479
459
610
542
755
653
473
647
543
555
577
546
626
671
503
562
478
522
531
410
690
739
494
531
649
663
470
774
565
567
472
687
630
577
539
366
851
612
721
592
599
561
614
785
646
529
573
581
625
692
410
596
629
606
636
628
680
667
426
581
642
771
689
425
763
609
749
632
656
653
487
705
762
548
489
516
552
721
653
618
551
758
626
709
550
612
595
520
572
680
672
651
573
669
713
468
741
647
614
606
528
520
465
496
591
550
757
599
630
572
634
546
697
482
659
586
572
589
462
631
625
509
565
685
588
745
571
445
659
583
496
568
569
452
483
726
761
504
483
673
475
525
704
506
369
466
508
629
537
475
832
696
646
651
507
787
796
513
599
580
398
325
563
579
605
725
755
473
737
635
648
832
743
634
667
762
609
572
503
573
758
481
462
469
342
553
591
454
499
508
634
677
776
463
682
561
523
501
669
737
684
399
500
789
750
539
630
534
648
582
705
579
471
490
470
628
591
638
533
597
557
610
644
472
525
719
444
767
702
605
634
571
657
576
600
549
536
588
731
542
546
660
579
620
577
522
569
581
552
796
554
705
821
453
425
613
437
716
890
664
492
544
686
555
505
624
483
700
607
634
624
595
673
387
728
488
548
659
552
766
394
562
573
709
574
786
617
622
570
772
789
645
676
683
666
615
455
562
644
674
577
725
454
624
467
553
719
689
482
665
553
698
529
619
656
568
566
498
620
545
614
477
573
534
496
482
598
558
529
466
508
449
766
670
444
723
638
513
484
582
553
608
490
582
689
672
469
630
785
633
677
489
802
538
793
599
508
698
639
569
697
520
717
817
679
528
513
493
728
509
639
530
733
500
499
568
509
614
651
597
606
601
736
560
585
673
593
583
528
630
583
436
719
406
694
679
687
589
435
641
732
619
736
547
486
668
551
451
592
522
727
445
584
577
613
727
537
610
675
725
469
618
652
699
511
567
374
578
629
760
669
545
577
680
491
617
547
628
519
569
682
557
582
675
637
611
579
603
499
489
524
375
445
578
597
594
443
492
626
511
635
607
497
531
555
563
757
685
589
390
656
432
689
463
528
434
755
594
699
587
686
692
512
685
612
720
558
547
692
518
493
655
622
699
659
564
558
498
420
600
663
674
682
615
698
630
382
597
834
608
728
388
634
545
701
515
856
622
560
512
491
601
789
501
590
532
552
570
784
580
723
602
588
623
697
609
716
557
612
649
627
679
589
627
644
623
626
669
569
540
608
700
562
572
480
508
539
602
599
404
354
538
603
700
582
642
584
590
580
562
681
563
494
711
588
654
519
598
609
542
412
470
531
627
520
627
758
654
553
595
591
691
632
748
718
529
483
565
646
634
464
506
562
766
492
625
648
686
591
583
650
490
618
642
471
687
505
609
507
524
517
799
593
479
740
567
537
743
714
647
489
376
664
487
706
511
503
510
570
498
743
547
500
543
530
629
605
654
539
599
704
576
478
579
676
469
549
576
581
593
603
638
679
528
763
544
805
624
674
656
743
712
540
556
592
666
603
614
809
649
821
677
491
568
441
333
537
386
550
616
698
685
594
707
582
458
605
623
585
548
496
582
615
561
597
616
563
451
635
636
710
538
661
495
676
577
527
739
708
647
519
657
721
601
507
615
631
538
408
800
509
657
453
703
697
532
546
490
535
759
559
849
460
553
648
449
686
550
687
700
715
623
692
437
598
599
536
555
539
673
582
527
626
763
697
723
547
639
615
667
710
565
589
613
526
757
632
595
515
702
730
510
541
575
675
684
716
673
550
532
451
613
708
803
584
510
426
597
734
716
600
439
642
688
733
520
602
448
580
471
447
724
688
676
682
490
607
612
509
574
740
812
514
649
482
556
665
562
641
463
749
640
647
576
712
362
588
473
616
495
702
364
593
449
728
678
676
677
590
731
580
342
575
736
728
528
516
606
504
519
924
493
679
535
662
654
535
688
554
516
700
618
641
648
725
683
809
507
618
637
612
531
690
532
755
732
569
468
483
562
697
676
475
614
574
742
541
803
652
659
668
530
601
724
731
616
524
577
497
635
384
571
656
579
623
575
755
545
699
462
633
771
615
637
568
632
734
388
473
605
474
510
667
585
651
603
608
704
654
676
674
646
597
647
463
592
493
543
451
639
660
590
679
713
569
600
447
587
527
658
679
702
600
531
623
723
586
413
487
606
606
614
547
580
755
570
710
571
579
566
522
706
652
781
712
561
678
725
646
521
397
609
603
703
546
767
552
431
605
609
583
530
527
731
581
565
648
709
644
635
660
589
604
922
638
737
536
674
629
655
598
510
429
755
618
768
830
694
628
752
542
713
641
677
548
591
631
496
655
623
686
626
624
540
806
608
730
687
505
571
676
524
631
592
538
613
544
632
671
590
582
504
605
427
670
583
636
551
615
698
747
463
469
510
583
734
508
560
497
664
551
589
716
701
559
634
663
717
621
592
495
730
451
578
775
724
556
614
788
835
420
626
644
612
676
529
462
687
677
684
689
810
547
617
733
600
540
710
512
677
729
599
555
638
476
589
770
459
721
450
616
630
646
638
663
289
648
489
768
633
595
740
805
659
674
598
565
924
787
518
682
669
594
488
592
647
538
665
563
621
591
467
592
389
651
544
526
614
615
501
434
481
517
619
700
683
652
702
617
729
651
516
581
475
658
598
786
567
467
597
664
687
812
616
578
666
586
700
595
570
636
799
565
623
785
484
631
754
660
436
544
853
729
708
496
734
447
669
598
488
502
616
580
536
620
650
498
570
701
793
654
548
571
597
688
779
485
722
572
712
611
507
482
674
651
520
683
878
652
618
596
538
547
442
690
683
616
476
530
624
732
576
783
488
525
590
527
594
760
591
699
505
533
645
527
737
698
532
644
431
423
573
564
533
579
722
577
778
499
502
607
546
595
739
606
557
641
817
550
643
501
760
612
620
390
558
611
522
678
606
646
505
624
736
442
577
627
605
728
637
670
541
558
649
508
475
503
560
486
711
477
517
590
629
679
598
783
623
624
529
582
839
512
520
519
574
559
664
613
557
721
567
629
787
619
619
726
276
450
623
548
595
575
576
559
616
498
471
574
508
489
556
684
495
441
612
461
776
672
459
593
583
659
466
550
647
554
627
620
589
586
742
706
518
638
508
467
732
610
717
571
637
559
659
410
486
551
575
541
422
742
666
720
678
821
707
661
522
598
655
518
676
617
650
532
603
707
641
582
752
667
806
744
757
592
641
651
652
439
370
675
663
484
534
439
715
777
645
507
486
573
477
570
500
597
600
627
756
793
503
673
411
710
780
588
658
585
625
619
422
632
516
597
667
641
643
434
533
357
638
670
589
586
488
522
486
698
645
454
642
535
514
646
587
532
507
607
705
560
608
517
661
640
588
655
659
522
595
653
648
475
557
718
700
650
417
674
641
713
476
665
685
644
508
499
691
535
721
437
644
536
695
701
705
626
568
683
614
546
573
553
624
514
649
601
619
735
640
414
646
593
616
531
748
671
570
609
645
484
610
699
549
549
747
550
592
613
400
647
560
764
689
634
688
746
712
660
547
788
345
513
621
528
583
565
626
658
455
746
522
674
618
604
417
661
701
654
489
627
579
801
466
634
713
615
649
656
615
544
634
683
495
584
600
781
720
539
613
713
725
561
764
618
441
654
579
704
610
592
545
622
575
489
626
493
543
590
480
615
649
581
657
535
652
642
474
569
607
721
743
587
553
680
624
576
715
599
450
674
632
569
471
631
709
568
570
670
674
722
787
672
617
561
525
584
607
654
572
544
439
498
591
507
665
769
631
705
680
692
729
585
631
604
579
709
453
707
402
584
567
553
849
620
519
789
697
748
531
533
697
580
694
725
511
582
704
622
492
556
629
624
614
589
607
692
683
708
721
729
544
542
621
492
527
529
693
822
678
465
643
342
488
459
594
784
454
621
629
628
692
537
553
508
415
613
802
842
454
569
659
491
360
656
573
567
572
777
579
535
627
485
524
442
658
734
697
575
631
374
674
631
495
583
719
677
481
541
525
371
527
485
641
665
632
735
495
690
571
722
612
513
421
496
564
466
651
631
680
613
652
639
596
497
502
565
496
536
599
585
622
547
545
679
539
624
607
492
656
614
567
591
677
529
562
404
440
689
552
593
823
638
584
550
622
454
448
272
679
708
724
618
693
609
489
652
519
682
650
363
638
705
558
713
491
839
563
581
671
705
641
656
692
574
450
634
462
668
567
573
659
737
576
553
644
568
553
611
686
801
659
631
565
650
608
555
502
689
756
451
599
595
542
754
511
705
613
374
348
568
542
625
600
702
902
576
524
494
706
742
589
491
679
700
584
504
632
664
651
652
629
462
593
694
640
616
655
637
560
576
502
413
535
598
753
660
692
633
756
600
592
623
572
732
699
637
662
494
545
692
584
579
399
548
555
419
547
477
517
685
628
538
661
589
512
563
699
654
452
648
514
573
470
738
616
431
778
549
532
529
702
537
652
408
525
646
663
455
591
720
453
700
616
498
654
483
686
705
486
514
643
512
586
503
745
694
489
704
607
627
449
629
629
576
709
712
613
604
484
477
428
505
349
618
698
642
626
573
658
642
625
773
375
437
724
595
463
421
452
813
677
569
516
658
782
569
500
657
524
693
383
619
853
567
738
476
520
719
517
530
404
916
496
658
607
417
622
451
597
682
759
600
582
590
524
540
450
485
584
637
599
653
460
519
424
458
629
789
549
580
714
479
451
626
594
707
484
606
553
669
468
603
549
569
693
515
367
654
688
530
557
670
592
485
463
483
597
887
619
611
628
413
662
678
535
853
650
490
704
546
552
686
835
420
626
636
669
565
613
555
629
613
431
478
473
673
598
613
763
758
355
552
778
743
640
537
559
686
598
782
495
616
548
682
503
768
620
487
616
644
513
687
778
753
635
537
571
674
486
588
673
488
606
654
397
746
555
495
610
585
665
456
597
573
702
568
828
507
644
609
558
530
542
815
680
689
757
765
553
751
468
480
838
543
609
651
888
675
547
634
640
547
686
602
617
604
549
617
832
536
520
542
570
506
618
660
744
681
534
431
480
593
559
451
785
535
465
638
655
388
494
638
584
671
637
731
591
613
482
613
608
719
631
661
663
541
619
776
751
461
542
639
639
688
580
603
595
773
635
577
508
690
548
448
561
481
745
505
691
542
629
662
492
594
525
525
533
605
573
479
526
666
618
623
581
600
583
731
485
603
732
575
566
732
747
474
600
415
597
699
535
515
684
673
607
743
634
673
610
757
591
615
686
807
721
573
548
620
487
587
567
789
634
676
604
665
702
538
498
852
709
688
640
600
422
752
773
703
538
511
653
408
675
606
407
756
503
676
699
589
694
625
578
676
528
720
603
538
687
710
541
659
538
507
610
460
630
726
425
572
591
762
644
524
482
710
544
807
547
613
584
729
653
739
551
573
587
476
579
646
584
667
619
701
501
453
451
736
700
561
409
416
499
538
599
530
659
666
454
809
633
549
708
629
511
708
601
629
508
388
650
841
552
635
581
543
454
546
584
523
648
478
573
603
508
533
638
642
662
851
635
503
507
639
602
633
576
660
667
609
751
434
819
622
645
543
412
615
756
591
640
439
550
629
586
760
600
719
426
615
839
485
757
631
600
492
628
464
672
607
521
427
583
687
574
677
448
516
605
542
592
665
582
712
649
530
674
648
570
582
630
656
448
782
503
593
368
640
635
697
687
350
634
732
547
607
537
452
654
743
604
615
644
439
719
598
709
546
611
763
475
441
621
574
629
853
453
482
531
707
503
483
503
696
595
638
710
699
512
516
627
553
610
563
626
700
496
538
816
722
526
658
626
602
564
749
802
638
612
629
637
655
722
591
617
581
649
576
734
676
600
390
400
658
515
522
570
555
564
580
530
640
537
596
559
523
690
581
659
514
598
531
436
682
775
616
748
537
635
643
596
533
628
545
696
688
539
756
667
623
610
543
645
500
562
686
684
644
749
377
724
702
590
506
480
559
709
720
608
807
752
435
610
730
407
605
557
516
563
585
792
526
557
618
556
640
606
682
625
650
467
653
537
593
505
659
624
692
579
642
762
604
518
581
517
506
707
634
793
513
627
730
501
465
838
636
432
507
435
636
664
617
629
521
585
646
484
797
458
770
595
642
612
556
585
621
722
580
584
599
543
694
583
508
659
471
542
542
807
688
680
503
693
562
451
673
589
537
481
559
638
549
494
653
594
368
675
482
798
528
715
499
515
440
615
566
569
676
823
503
568
420
540
614
560
599
595
700
457
536
554
621
645
700
509
550
382
681
568
623
610
578
540
585
588
629
652
807
609
623
707
756
416
738
570
566
640
609
593
469
397
789
463
649
605
722
836
408
594
628
695
488
604
576
552
649
575
503
663
563
661
519
585
654
642
731
621
567
445
682
582
748
363
476
781
689
421
514
517
859
673
622
694
569
629
690
670
480
765
514
649
431
696
542
511
359
626
612
736
619
608
596
527
679
671
592
556
623
588
583
584
522
494
598
605
568
651
420
486
676
658
450
561
606
760
556
540
551
457
700
663
536
717
618
472
686
628
720
525
667
636
507
443
560
409
565
666
696
576
689
563
647
619
640
712
612
598
605
505
438
543
604
569
648
518
389
635
618
623
476
555
717
661
526
598
635
647
527
509
417
670
615
675
574
656
599
638
530
693
692
564
784
648
678
682
782
760
583
717
784
573
672
626
486
442
558
453
523
559
795
621
719
653
585
730
540
736
441
568
483
612
483
546
643
727
733
586
610
653
539
596
628
581
413
723
412
576
660
457
587
696
307
555
618
660
675
557
649
447
632
871
670
655
672
656
681
622
491
679
369
525
798
638
770
581
695
525
590
625
665
501
617
549
389
730
680
434
559
369
621
599
621
725
527
798
585
613
762
561
627
759
424
563
588
635
418
519
535
516
622
643
490
520
513
740
517
673
392
587
495
527
667
586
733
427
775
602
788
712
409
576
557
617
488
592
535
478
726
576
549
518
488
610
538
598
582
467
548
541
682
693
488
864
662
642
597
586
488
584
626
560
800
610
554
489
637
598
658
260
544
574
575
623
646
683
721
777
680
694
611
538
694
516
516
825
477
495
809
693
419
443
583
786
449
500
628
511
626
606
712
811
753
605
702
673
595
436
693
556
607
609
573
457
658
565
611
782
440
686
535
686
536
596
758
615
661
678
566
852
691
533
667
495
550
616
615
569
683
548
544
770
509
541
510
643
745
346
832
429
718
620
580
764
390
669
554
455
644
609
515
781
690
662
766
511
411
568
703
739
603
639
735
469
634
577
479
484
624
442
720
686
767
542
792
588
553
702
482
640
635
531
726
577
494
542
677
611
664
720
568
658
650
790
525
543
598
486
569
652
554
583
770
398
597
775
638
542
738
702
501
655
356
574
643
495
611
524
432
617
576
589
658
539
649
482
460
628
628
348
656
543
679
709
339
587
662
527
588
541
690
575
528
768
773
706
666
492
578
509
516
434
453
592
756
350
367
513
726
823
721
558
525
556
749
659
697
643
558
727
580
574
548
667
514
586
446
567
429
470
692
626
645
443
224
646
340
516
587
654
647
698
520
750
737
619
602
639
370
489
698
363
656
702
740
557
554
492
700
800
589
651
679
506
720
392
637
693
758
686
556
596
611
685
547
619
593
659
651
817
637
656
753
741
619
572
761
453
680
565
556
557
803
622
563
723
550
739
574
424
409
505
553
461
548
772
504
654
728
688
432
596
681
532
535
618
717
502
780
543
590
627
583
466
551
628
612
759
743
656
671
664
491
476
515
608
620
779
477
651
637
555
717
501
554
689
654
698
357
713
330
635
646
587
553
548
517
742
528
536
546
525
595
552
551
479
480
647
482
740
285
574
606
549
747
734
719
671
745
640
659
584
580
763
600
754
526
646
586
582
445
407
572
677
689
581
710
592
618
718
541
739
550
653
671
607
521
723
461
468
492
702
595
370
556
604
384
481
510
661
681
541
634
825
686
535
665
469
771
734
497
507
541
754
487
748
512
608
527
570
601
545
740
525
745
571
428
694
515
652
704
768
537
767
648
690
487
562
536
633
610
650
565
579
626
733
593
556
680
779
767
558
697
542
629
605
510
750
719
696
622
549
447
602
733
630
609
483
602
538
419
648
598
628
600
683
574
680
508
608
639
463
627
689
637
526
705
632
695
545
684
538
667
424
551
629
666
646
466
706
590
681
628
680
394
503
659
479
613
384
619
679
788
564
637
682
622
741
588
645
626
702
671
753
604
618
597
557
677
645
568
394
556
551
596
576
778
665
613
532
722
420
620
645
621
639
391
575
677
726
599
733
577
545
564
607
681
593
788
687
559
499
831
483
767
650
761
585
737
589
721
550
676
495
668
521
397
612
698
563
582
559
561
621
669
544
693
747
507
665
485
701
719
630
476
499
674
407
607
712
411
700
572
469
485
500
798
714
475
702
715
450
502
783
730
519
651
585
647
584
553
589
420
499
658
604
647
790
562
763
619
536
580
511
603
581
566
636
564
675
530
401
576
714
763
568
741
473
788
788
598
483
695
487
565
521
611
533
728
245
674
351
616
647
535
469
478
646
467
532
539
614
601
685
520
581
498
708
618
458
645
432
535
567
637
628
579
764
685
696
435
674
577
495
644
596
586
525
590
712
602
692
686
661
658
633
652
557
635
619
464
609
735
761
706
437
373
623
653
790
718
628
611
628
514
539
403
651
743
423
507
635
602
612
574
787
728
674
644
644
792
525
502
489
746
570
578
589
617
548
725
768
566
738
631
668
417
563
548
501
543
498
618
527
690
621
574
428
708
569
627
623
549
681
554
714
733
780
488
563
882
543
806
723
680
497
664
439
646
582
610
529
535
652
814
424
664
580
674
567
543
464
664
509
572
600
614
580
535
754
575
543
519
522
436
474
573
478
572
526
498
546
493
685
602
633
600
526
493
655
541
631
699
710
595
771
651
470
537
433
637
575
679
619
601
733
558
588
713
624
752
540
842
667
659
501
553
457
640
669
546
546
644
343
604
671
705
467
661
693
619
684
570
618
659
757
499
787
634
383
542
405
613
602
635
408
574
433
585
467
536
512
621
545
707
502
464
627
594
542
654
703
656
417
622
807
530
569
671
510
624
732
673
660
611
585
681
524
516
678
540
586
647
420
707
644
447
664
558
776
441
680
645
585
604
798
622
573
578
542
539
506
548
582
534
604
745
595
754
551
437
523
529
466
641
520
759
645
544
770
533
522
501
376
524
537
506
609
697
639
576
509
559
600
661
565
647
534
633
621
658
615
725
506
691
585
665
644
651
496
564
705
588
587
623
736
701
592
631
765
432
365
577
811
522
362
463
615
459
648
629
679
670
545
736
543
673
659
491
710
508
405
562
520
621
662
507
644
517
680
436
670
604
579
550
660
728
513
600
547
518
784
593
519
699
624
809
480
513
496
711
528
543
466
630
649
540
445
487
562
582
558
523
547
743
735
574
578
531
486
666
572
622
376
601
442
627
701
399
691
516
605
515
764
759
554
720
466
510
622
668
638
717
634
752
542
577
569
834
595
808
676
512
561
579
508
706
478
605
552
715
616
577
512
655
468
525
773
636
520
667
462
611
428
709
539
642
712
673
639
688
790
576
565
622
555
640
691
597
555
674
792
665
506
689
745
591
693
561
426
668
711
599
428
379
552
470
582
659
722
579
630
617
502
515
482
466
489
433
512
490
425
489
640
601
679
574
573
536
623
710
608
734
679
498
651
707
706
516
694
752
659
570
637
659
641
500
713
637
484
663
961
617
601
660
565
672
620
616
628
436
742
513
617
428
720
511
623
671
692
747
507
539
626
802
617
563
505
809
644
510
258
475
544
726
497
640
641
565
599
677
631
452
682
507
670
794
536
534
507
675
597
639
450
695
518
587
635
604
584
789
555
592
711
619
729
627
737
610
688
592
497
502
596
541
772
765
572
683
606
494
430
760
584
648
524
648
740
655
598
490
537
668
791
572
463
567
540
398
687
414
551
583
559
728
564
595
658
726
631
442
471
551
648
555
605
630
423
707
401
604
700
700
611
626
549
644
549
589
539
662
598
549
435
527
575
690
551
459
688
583
633
692
467
606
615
563
532
623
613
512
536
593
647
614
583
634
639
808
680
428
786
733
753
605
415
463
618
797
681
619
547
686
684
749
634
578
572
675
581
601
521
534
786
458
689
464
570
432
722
547
402
724
511
563
431
618
322
730
563
647
701
695
737
631
754
541
679
509
518
586
747
747
550
742
607
573
628
585
688
599
447
495
577
715
597
594
648
484
604
785
724
678
591
539
613
558
595
510
656
346
486
625
724
470
711
726
740
796
427
712
493
677
444
679
547
565
742
612
573
723
552
563
607
602
574
678
531
775
759
648
599
548
551
631
584
394
550
403
511
644
578
501
688
661
547
653
642
590
826
802
563
448
617
754
468
685
479
728
608
671
544
629
467
565
684
717
592
773
606
556
597
592
622
565
517
753
635
589
515
650
767
445
666
608
530
665
659
666
647
594
639
667
612
668
546
728
614
694
578
675
602
631
551
695
757
676
486
719
620
437
578
649
627
458
671
423
579
728
610
613
554
485
718
563
622
585
505
584
530
665
504
566
614
486
619
734
748
597
672
698
740
651
520
653
837
742
473
649
591
515
570
708
482
518
863
664
616
574
600
516
696
666
892
512
661
522
491
720
553
497
576
717
525
723
618
627
536
592
552
597
557
636
718
694
490
369
725
633
688
637
723
628
657
583
672
496
641
706
517
674
609
430
594
633
807
498
440
521
574
697
836
673
456
505
680
480
562
824
525
418
555
687
505
619
438
471
515
715
424
427
542
681
526
500
495
577
791
554
499
561
536
620
622
504
609
643
510
715
483
664
579
624
585
567
633
334
505
417
446
702
570
705
522
464
707
551
726
594
628
533
425
416
543
586
869
548
653
774
575
584
501
660
385
490
589
668
603
509
579
710
508
584
632
630
557
612
566
824
829
647
474
876
532
566
571
844
551
834
476
666
494
542
589
703
703
534
617
597
647
642
456
518
701
567
588
537
629
553
805
573
589
665
363
518
518
599
539
489
452
443
523
727
488
657
482
569
426
504
576
667
696
537
601
500
621
662
573
518
592
593
597
593
501
665
759
554
743
588
494
610
538
529
685
659
598
647
605
622
617
634
513
634
567
649
779
491
676
452
487
571
596
675
639
775
696
564
911
516
581
607
701
626
588
539
633
565
652
575
571
597
316
730
745
655
586
500
723
617
628
653
564
661
592
720
576
482
538
554
753
705
423
683
568
461
556
608
410
536
505
663
551
703
604
505
768
434
507
678
623
677
539
584
615
766
400
700
497
837
676
599
536
644
559
492
501
753
552
699
712
543
745
710
624
581
674
522
820
601
653
473
543
222
554
592
533
584
617
563
590
829
713
502
714
639
482
695
465
742
478
554
674
618
651
715
550
546
617
495
571
443
583
422
533
744
655
516
663
540
614
697
571
837
647
490
613
607
670
667
615
655
563
669
540
599
425
566
649
651
424
541
362
620
508
765
719
421
560
476
566
632
622
625
748
479
586
592
518
577
462
496
636
615
632
518
731
531
424
572
623
717
599
636
715
626
589
737
441
506
554
581
776
485
479
559
596
411
649
425
588
480
612
645
562
666
623
589
531
627
664
500
557
688
656
649
811
669
656
426
679
626
490
693
799
631
595
811
684
607
592
405
702
438
779
683
632
651
543
502
693
625
524
524
787
684
581
621
621
539
823
424
474
543
465
694
561
673
645
642
554
709
788
510
658
634
622
564
720
546
580
578
634
633
644
594
484
605
577
654
604
485
750
599
502
575
731
514
659
728
663
572
653
722
477
677
768
625
547
672
493
722
462
632
690
543
610
587
473
592
506
622
714
567
588
583
428
698
542
608
638
621
700
606
724
613
508
706
614
448
843
564
592
433
598
805
476
637
683
448
474
774
469
486
596
561
498
583
581
610
550
623
443
534
589
698
503
635
644
482
638
568
498
566
556
631
552
508
314
612
493
673
490
706
753
427
829
530
623
602
765
538
534
603
535
464
530
597
593
506
540
618
491
634
593
641
636
651
705
520
721
644
877
683
831
428
501
622
722
802
521
743
826
530
750
601
650
571
622
691
329
440
537
573
545
470
549
573
549
655
701
772
807
756
741
544
659
673
717
628
653
531
577
555
492
723
579
707
569
643
677
856
427
696
676
616
640
551
672
605
551
490
621
622
652
633
545
611
487
599
726
534
580
643
631
604
547
654
655
603
751
631
484
668
555
608
613
729
521
612
671
464
482
729
603
654
656
621
669
613
753
823
496
603
742
442
608
828
492
557
539
549
649
710
605
527
792
748
653
686
501
714
747
541
698
724
548
765
677
691
420
687
665
831
565
700
679
698
560
637
773
568
457
753
403
553
615
614
584
668
673
638
613
442
517
671
694
637
679
758
491
644
652
614
532
727
554
614
570
724
613
452
734
511
740
578
640
628
484
488
594
541
640
548
764
637
711
581
762
570
578
714
693
430
674
609
594
622
521
677
660
639
593
702
659
547
702
615
498
662
700
593
633
614
635
845
589
679
636
580
703
671
647
690
646
628
623
488
429
637
745
392
657
447
623
619
763
693
767
636
818
771
611
730
532
491
676
724
701
625
524
620
688
546
554
521
683
510
694
688
593
508
556
771
541
535
524
495
561
524
618
642
688
625
586
696
545
673
519
619
636
703
559
806
514
531
701
571
355
504
490
585
693
905
462
719
700
669
647
580
491
598
677
529
614
739
608
666
583
578
525
767
691
612
712
631
672
557
637
675
703
445
646
767
651
651
591
548
704
594
635
669
582
517
380
548
714
760
732
681
539
534
462
396
615
690
470
654
562
729
474
601
669
760
537
387
734
564
444
563
684
783
656
511
658
635
541
460
651
731
542
576
714
713
541
512
604
599
515
536
761
473
568
720
414
596
719
589
621
815
578
566
545
638
561
641
600
531
655
644
592
678
636
779
591
404
578
536
699
652
746
678
759
393
639
612
514
579
762
405
571
615
641
551
463
736
686
391
554
753
558
715
667
652
700
650
444
667
604
698
585
694
546
472
681
699
701
601
480
510
683
488
600
578
643
528
491
623
702
669
783
455
851
386
568
624
819
579
562
552
720
632
585
465
389
590
679
598
685
396
691
688
538
613
657
542
467
601
655
597
522
922
691
718
672
509
674
522
422
511
658
559
444
648
619
686
639
639
832
591
802
615
686
521
511
603
565
622
771
525
721
562
566
587
587
772
825
600
544
596
611
651
697
517
521
613
715
697
700
660
663
454
542
703
486
748
478
676
493
696
669
838
540
546
531
469
707
672
612
559
509
408
581
591
663
440
550
529
656
620
662
689
604
650
724
628
496
708
526
600
593
581
545
650
395
533
500
575
682
487
629
700
718
698
465
644
694
572
516
500
631
519
621
548
577
535
561
708
556
701
500
601
634
552
581
595
570
666
614
851
557
617
595
388
634
680
727
650
551
786
626
432
636
433
555
482
757
599
622
618
564
633
930
570
606
698
440
668
700
543
563
599
517
703
585
583
876
635
509
678
558
482
596
571
611
510
762
535
527
374
488
643
739
466
634
607
492
538
777
565
536
686
684
695
543
399
508
644
818
748
813
452
488
579
688
619
532
631
633
481
874
583
734
632
604
718
674
572
625
711
741
586
433
700
688
746
581
461
663
559
583
606
612
498
674
673
585
570
621
546
613
678
765
548
497
617
527
490
672
593
822
698
431
700
586
785
633
546
600
588
731
686
518
639
597
599
516
591
433
563
536
801
680
690
547
719
704
614
584
607
639
534
669
569
608
493
700
517
483
556
584
648
727
816
588
575
516
839
700
552
563
553
673
570
629
624
849
290
695
552
415
677
634
430
667
606
596
375
724
337
583
335
678
671
562
501
738
524
550
669
465
605
442
772
606
559
630
706
562
411
569
618
434
665
579
780
552
649
565
643
626
725
541
559
577
519
634
599
539
708
529
556
530
702
642
453
458
709
589
703
638
592
506
567
778
506
597
611
270
670
403
403
651
705
549
506
512
504
531
670
516
618
706
610
631
604
491
564
530
614
665
581
687
725
553
666
735
678
530
370
455
566
699
472
575
649
601
590
608
660
409
758
761
624
709
542
546
692
525
541
587
731
549
674
426
410
536
590
606
713
672
707
661
596
532
585
584
539
560
671
523
556
630
729
471
465
516
446
433
644
817
555
694
512
524
697
698
640
607
647
599
471
525
520
631
703
532
469
627
564
532
789
672
515
755
659
612
697
627
654
628
663
681
552
681
594
427
598
639
692
663
728
634
572
516
450
693
519
507
666
668
541
537
747
576
658
488
711
621
584
611
616
561
660
642
801
771
650
445
741
704
447
656
550
651
527
587
677
476
731
573
542
797
698
396
625
518
712
607
598
464
484
736
559
513
548
620
526
538
708
511
582
698
521
477
466
703
421
601
662
605
484
558
592
648
332
605
590
615
657
601
620
698
458
539
530
611
877
679
641
720
432
620
641
632
578
497
781
699
640
697
653
736
419
578
503
648
751
611
496
526
546
536
642
659
678
661
512
714
703
449
490
595
495
445
843
412
577
577
538
435
588
652
460
838
698
569
711
444
709
493
425
484
640
577
660
444
692
496
665
611
523
759
501
518
753
619
499
525
605
552
501
549
572
547
638
552
646
473
761
593
537
502
762
432
780
490
651
602
413
538
562
662
392
533
521
639
701
554
613
721
589
625
776
624
758
686
468
473
498
621
622
567
455
729
733
527
602
647
625
770
519
607
681
703
649
401
553
499
606
568
669
492
636
671
541
419
622
679
693
612
656
679
531
684
642
540
536
480
587
712
593
658
501
590
548
523
434
639
463
553
724
609
533
563
694
576
612
671
585
618
559
627
513
780
637
555
609
396
593
590
659
534
653
767
519
612
563
611
430
425
620
670
643
573
607
605
516
424
602
625
709
526
570
576
614
742
647
525
520
695
684
428
556
766
506
689
755
598
496
499
400
549
595
644
535
762
708
474
398
559
671
540
679
658
574
686
628
420
600
624
629
595
578
676
659
378
518
823
705
717
640
642
630
718
704
682
601
675
567
501
614
636
480
512
655
455
681
815
562
536
522
720
904
886
566
770
542
491
725
471
573
556
625
894
733
546
799
618
517
432
447
650
624
595
596
754
917
657
583
714
542
510
666
456
651
667
804
401
527
541
768
559
433
552
852
545
655
672
586
601
534
478
532
805
589
391
506
701
587
473
618
661
724
571
689
665
692
638
566
442
682
735
754
806
682
693
544
698
658
623
382
561
734
683
561
669
595
518
649
576
552
572
482
656
628
610
722
469
536
711
695
593
596
554
493
585
561
673
529
553
633
780
472
407
326
691
368
608
495
603
679
633
666
515
622
670
466
620
740
518
407
539
524
634
462
601
