0
0
0
0
0
0
0
0
0
0
0
0
0
0
0
0
0
0
0
0
0
0
0
0
0
0
0
0
0
0
0
0
0
0
0
0
0
0
0
0
0
0
0
0
0
0
0
0
0
0
0
0
0
0
0
0
0
0
0
0
0
0
0
0
0
0
0
0
0
0
0
0
0
0
0
0
0
0
0
0
0
0
0
0
0
0
0
0
0
0
0
0
0
0
0
0
0
0
0
0
0
0
0
0
0
0
0
0
0
0
0
0
0
0
0
0
0
0
0
0
0
0
0
0
0
0
0
0
0
0
0
0
0
0
0
0
0
0
0
0
0
0
0
0
0
0
0
0
0
0
0
0
0
0
0
0
0
0
0
0
0
0
0
0
0
0
0
0
0
0
0
0
0
0
0
0
0
0
0
0
0
0
0
0
0
0
0
0
0
0
0
0
0
0
0
0
0
0
0
0
0
0
0
0
0
0
0
0
0
0
0
0
0
0
0
0
0
0
0
0
0
0
0
0
0
0
0
0
0
0
0
0
0
0
0
0
0
0
0
0
0
0
0
0
0
0
0
0
0
0
0
0
0
0
0
0
0
0
0
0
0
0
0
0
0
0
0
0
0
0
0
0
0
0
0
0
0
0.0004
0.0004
0.0004
0.0004
0.0004
0.0004
0.0004
0.0004
0.0004
0.0004
0.0004
0.0004
0.0004
0.0004
0.0004
0.0004
0.0004
0.0004
0.0004
0.0004
0.0004
0.0004
0.0004
0.0004
0.0004
0.0004
0.0004
0.002
0.002
0.002
0.002
0.002
0.002
0.0022
0.0022
0.0022
0.0022
0.0022
0.0022
0.0022
0.0022
0.0022
0.0022
0.0022
0.0022
0.0022
0.0022
0.0022
0.0022
0.0038
0.0038
0.0038
0.0038
0.0038
0.0038
0.0038
0.0038
0.0038
0.0038
0.0038
0.0038
0.0038
0.0038
0.0038
0.0038
0.0038
0.0038
0.0038
0.004
0.004
0.004
0.0056
0.006
0.006
0.006
0.006
0.006
0.006
0.006
0.0064
0.0066
0.0066
0.0082
0.0082
0.0082
0.0082
0.0084
0.0084
0.0084
0.01
0.01
0.01
0.0102
0.0102
0.0102
0.0118
0.0118
0.0118
0.0118
0.0118
0.0118
0.0118
0.0134
0.0134
0.0134
0.015
0.015
0.015
0.015
0.015
0.0166
0.0166
0.0166
0.0182
0.0182
0.0182
0.02
0.02
0.02
0.02
0.0204
0.0204
0.022
0.022
0.022
0.0242
0.0242
0.0248
0.0248
0.0264
0.0264
0.028
0.028
0.028
0.0296
0.0296
0.0296
0.0312
0.0312
0.0328
0.0328
0.0344
0.0364
0.0364
0.0369
0.0369
0.0385
0.0405
0.0405
0.0405
0.0421
0.0421
0.0439
0.0439
0.0455
0.0471
0.0475
0.0491
0.0511
0.0527
0.0527
0.0527
0.0543
0.0549
0.0565
0.0567
0.0583
0.0599
0.0599
0.0619
0.0635
0.0637
0.0653
0.0671
0.0671
0.0687
0.0705
0.0721
0.0741
0.0741
0.0759
0.0781
0.0781
0.0803
0.0819
0.0851
0.0871
0.0877
0.0909
0.0929
0.0929
0.0929
0.0949
0.0967
0.0983
0.0999
0.1033
0.1049
0.1069
0.1093
0.1111
0.1129
0.1145
0.1161
0.1181
0.1199
0.1231
0.1251
0.1253
0.1289
0.1289
0.1307
0.1323
0.1361
0.1377
0.1395
0.1435
0.1451
0.1487
0.1505
0.1527
0.1543
0.1581
0.1597
0.1633
0.1653
0.1689
0.1709
0.1745
0.1763
0.1781
0.1831
0.1851
0.1887
0.1903
0.1941
0.1975
0.1995
0.2031
0.2065
0.2101
0.2123
0.2145
0.2181
0.2201
0.2233
0.2265
0.2287
0.232
0.2372
0.2388
0.2428
0.246
0.248
0.2518
0.2552
0.2554
0.2604
0.2622
0.2672
0.2692
0.2734
0.2768
0.2804
0.2844
0.288
0.29
0.2936
0.2968
0.3002
0.3054
0.3076
0.311
0.3126
0.3176
0.3214
0.3248
0.3268
0.3322
0.3356
0.3412
0.3448
0.3464
0.3482
0.3542
0.3568
0.3588
0.3626
0.3662
0.368
0.3736
0.3762
0.3812
0.3838
0.3876
0.3912
0.3966
0.3992
0.4044
0.408
0.4118
0.417
0.4198
0.4238
0.427
0.4324
0.4362
0.44
0.4436
0.4456
0.4498
0.4536
0.459
0.4628
0.466
0.4716
0.4754
0.4776
0.4824
0.4844
0.4866
0.4916
0.4952
0.4988
0.5044
0.5066
0.5114
0.5152
0.5188
0.5226
0.5266
0.5302
0.534
0.5378
0.5416
0.5449
0.5506
0.5526
0.5565
0.5603
0.5661
0.5699
0.5753
0.5789
0.5807
0.5843
0.5897
0.5933
0.5975
0.6015
0.6051
0.6089
0.6111
0.6145
0.6183
0.6219
0.6271
0.6295
0.6327
0.6365
0.6403
0.6419
0.6469
0.6511
0.6543
0.6577
0.6615
0.6663
0.6703
0.6737
0.6775
0.6807
0.6841
0.6879
0.6913
0.6953
0.6975
0.7023
0.7059
0.7077
0.7113
0.7145
0.7177
0.7201
0.7241
0.7279
0.7311
0.7347
0.7369
0.7405
0.7444
0.7468
0.75
0.754
0.7562
0.76
0.7636
0.767
0.7694
0.773
0.775
0.7784
0.7804
0.784
0.7874
0.789
0.7928
0.795
0.797
0.8004
0.8026
0.8046
0.8082
0.8116
0.814
0.8174
0.819
0.8226
0.8238
0.827
0.8308
0.8342
0.8358
0.838
0.8402
0.844
0.8458
0.8474
0.8492
0.8532
0.8548
0.8566
0.8584
0.862
0.8638
0.866
0.8694
0.8698
0.873
0.8736
0.8774
0.879
0.88
0.8816
0.8832
0.8852
0.8868
0.8884
0.892
0.892
0.8936
0.8958
0.8974
0.8994
0.9014
0.9034
0.9052
0.907
0.9086
0.9102
0.9118
0.912
0.9136
0.9154
0.917
0.917
0.9186
0.9202
0.9218
0.9218
0.9238
0.9256
0.9274
0.9274
0.9294
0.9314
0.933
0.9346
0.9348
0.9364
0.938
0.9396
0.9399
0.9415
0.9431
0.9431
0.9447
0.9455
0.9471
0.9473
0.9491
0.9507
0.9507
0.9523
0.9523
0.9539
0.9539
0.9539
0.9571
0.9571
0.9575
0.9591
0.9593
0.9609
0.9609
0.9629
0.9629
0.9647
0.9647
0.9647
0.9663
0.9663
0.9679
0.9683
0.9699
0.9703
0.9719
0.9719
0.9719
0.9737
0.9737
0.9737
0.9737
0.9741
0.9757
0.9757
0.9757
0.9789
0.9791
0.9791
0.9791
0.9791
0.9791
0.9807
0.9807
0.9807
0.9823
0.9823
0.9823
0.9843
0.9843
0.9843
0.9843
0.9859
0.9861
0.9865
0.9865
0.9865
0.9867
0.9883
0.9883
0.9883
0.9883
0.9899
0.9899
0.9899
0.9899
0.9899
0.9899
0.9899
0.9915
0.9919
0.9919
0.9919
0.9919
0.9919
0.9935
0.9935
0.9935
0.9935
0.9935
0.9935
0.9935
0.9935
0.9951
0.9951
0.9951
0.9951
0.9951
0.9951
0.9951
0.9951
0.9951
0.9951
0.9951
0.9951
0.9951
0.9967
0.9967
0.9967
0.9967
0.9967
0.9967
0.9967
0.9967
0.9967
0.9967
0.9967
0.9967
0.9967
0.9983
0.9983
0.9983
0.9983
0.9983
0.9983
0.9983
0.9983
0.9983
0.9983
0.9983
0.9983
0.9983
0.9983
0.9983
0.9983
0.9983
0.9983
0.9983
0.9983
0.9983
0.9983
0.9983
0.9983
0.9983
0.9983
0.9983
0.9983
0.9983
0.9983
0.9985
0.9985
0.9985
0.9985
0.9985
0.9985
0.9985
0.9985
0.9985
0.9985
0.9985
0.9985
0.9985
0.9985
0.9985
0.9985
0.9985
0.9985
0.9985
0.9985
0.9985
0.9985
0.9989
0.9989
0.9989
0.9989
0.9989
0.9989
0.9989
0.9989
0.9989
0.9989
0.9989
0.9989
0.9989
0.9989
0.9989
0.9989
0.9989
0.9989
0.9989
0.9989
0.9989
0.9989
0.9989
0.9989
0.9989
0.9989
0.9989
0.9989
0.9989
0.9989
0.9989
0.9989
0.9989
0.9989
0.9989
0.9989
0.9989
0.9989
0.9989
0.9989
0.9989
0.9989
0.9989
0.9989
0.9989
0.9989
0.9989
0.9989
0.9989
0.9989
0.9989
0.9989
0.9989
0.9989
0.9989
0.9989
0.9989
0.9989
0.9989
0.9989
0.9989
0.9989
0.9989
0.9989
0.9989
0.9989
0.9989
0.9989
0.9989
0.9989
0.9989
