0
0
0
0
0
0
0
0
0
0
0
0
0
0
0
0
0
0
0
0
0
0
0
0
0
0
0
0
0
0
0
0
0
0
0
0
0
0
0
0
0
0
0
0
0
0
0
0
0
0
0
0
0
0
0
0
0
0
0
0
0
0
0
0
0
0
0
0
0
0
0
0
0
0
0
0
0
0
0
0
0
0
0
0
0
0
0
0
0
0
0
0
0
0
0
0
0
0
0
0
0
0
0
0
0
0
0
0
0
0
0
0
0
0
0
0
0
0
0
0
0
0
0
0
0
0
0
0
0
0
0
0
0
0
0
0
0
0
0
0
0
0
0
0
0
0
0
0
0
0
0
0
0
0
0
0
0
0
0
0
0
0
0
0
0
0
0
0
0
0
0
0
0
0
0
0
0
0
0
0
0
0
0
0
0
0
0
0
0
0
0
0
0
0
0
0
0
0
0
0
0
0
0
0
0
0
0
0
0
0
0
0
0
0.0001
0.0001
0.0001
0.0001
0.0001
0.0001
0.0001
0.0001
0.0001
0.0001
0.0002
0.0002
0.0003
0.0003
0.0003
0.0003
0.0003
0.0003
0.0003
0.0003
0.0003
0.0003
0.0003
0.0003
0.0003
0.0003
0.0003
0.0003
0.0003
0.0003
0.0003
0.0003
0.0003
0.0005
0.0005
0.0005
0.0005
0.0005
0.0005
0.0005
0.0005
0.0005
0.0005
0.0005
0.0005
0.0005
0.0006
0.0006
0.0007
0.0007
0.0007
0.0007
0.0007
0.0007
0.0007
0.0007
0.0008
0.0008
0.0009
0.0009
0.001
0.001
0.001
0.001
0.0011
0.0011
0.0011
0.0011
0.0011
0.0011
0.0011
0.0011
0.0011
0.0012
0.0012
0.0012
0.0012
0.0014
0.0015
0.0015
0.0015
0.0015
0.0016
0.0016
0.0016
0.0016
0.0017
0.0017
0.0017
0.0017
0.0017
0.0017
0.0017
0.0018
0.0018
0.0019
0.0019
0.0019
0.0019
0.0019
0.0019
0.0019
0.002
0.0021
0.0022
0.0023
0.0024
0.0024
0.0024
0.0024
0.0025
0.0025
0.0025
0.0026
0.0027
0.0028
0.0028
0.003
0.0031
0.0032
0.0033
0.0034
0.0036
0.0038
0.004
0.0041
0.0042
0.0043
0.0044
0.0044
0.0047
0.0049
0.0049
0.005
0.0054
0.0055
0.0057
0.0058
0.006
0.0062
0.0062
0.0065
0.0067
0.0069
0.0072
0.0075
0.0075
0.0078
0.008
0.008
0.0084
0.0089
0.009
0.0092
0.0093
0.0095
0.0099
0.0104
0.0109
0.011
0.0111
0.0114
0.0119
0.0123
0.0126
0.0127
0.0129
0.0132
0.0133
0.0103
0.0107
0.0109
0.0114
0.0118
0.0121
0.0126
0.0133
0.014
0.0144
0.015
0.0157
0.0161
0.0167
0.0168
0.0172
0.0178
0.0184
0.019
0.0198
0.0203
0.0207
0.0214
0.0219
0.0229
0.0217
0.0227
0.0234
0.0241
0.0247
0.0253
0.0261
0.0269
0.0275
0.0281
0.029
0.0301
0.0306
0.0312
0.0326
0.0331
0.0338
0.0347
0.0361
0.0372
0.038
0.0391
0.0403
0.0409
0.0418
0.0429
0.0443
0.0455
0.0467
0.0476
0.0488
0.0496
0.0507
0.0517
0.0526
0.0537
0.0553
0.0562
0.0575
0.0591
0.0598
0.0609
0.0618
0.0628
0.0643
0.0658
0.0674
0.0689
0.0704
0.0716
0.0727
0.0738
0.075
0.0762
0.0775
0.079
0.0806
0.0823
0.0841
0.0857
0.0879
0.0895
0.0907
0.0924
0.0938
0.0957
0.0964
0.098
0.0999
0.1013
0.1031
0.0982
0.0997
0.1017
0.1034
0.1048
0.1074
0.1095
0.1116
0.1138
0.1167
0.1184
0.1213
0.1234
0.1254
0.1279
0.1299
0.132
0.1346
0.1373
0.1402
0.1419
0.1439
0.1464
0.1492
0.1523
0.1542
0.1574
0.1585
0.161
0.1641
0.1674
0.1708
0.1735
0.1768
0.1795
0.1822
0.184
0.0841
0.0866
0.0903
0.0919
0.0957
0.0988
0.1012
0.1036
0.1066
0.1088
0.1123
0.1157
0.1186
0.1218
0.1242
0.1267
0.1302
0.1331
0.1364
0.1391
0.1418
0.1453
0.1493
0.1523
0.1562
0.1598
0.1628
0.1666
0.171
0.1749
0.178
0.181
0.1851
0.1889
0.1924
0.1447
0.1482
0.1519
0.1558
0.1596
0.163
0.1661
0.1698
0.1729
0.176
0.1796
0.182
0.1853
0.189
0.0914
0.0941
0.0974
0.1003
0.1036
0.1078
0.112
0.1154
0.1185
0.116
0.1205
0.124
0.1269
0.1311
0.0832
0.0869
0.0906
0.0941
0.0982
0.1026
0.1072
0.1118
0.1163
0.12
0.1229
0.1264
0.1305
0.1337
0.1375
0.1421
0.1462
0.1495
0.1534
0.1572
0.1615
0.166
0.171
0.1746
0.1782
0.1811
0.1844
0.1882
0.1918
0.144
0.1484
0.1518
0.1551
0.1592
0.1638
0.168
0.1722
0.1759
0.0775
0.0809
0.0846
0.0886
0.0924
0.0956
0.1004
0.1047
0.1093
0.1127
0.1158
0.1202
0.1238
0.1286
0.133
0.1358
0.1403
0.1435
0.1469
0.1521
0.1558
0.1587
0.1629
0.1666
0.171
0.1745
0.1776
0.181
0.1846
0.1894
0.1923
0.1953
0.1995
0.2027
0.2066
0.2093
0.2139
0.2175
0.2211
0.224
0.2274
0.2314
0.2344
0.2386
0.2428
0.2458
0.2491
0.1995
0.2026
0.1926
0.1956
0.1994
0.2028
0.2052
0.2082
0.2106
0.2137
0.2171
0.2202
0.2237
0.2266
0.2302
0.2332
0.2357
0.2401
0.1407
0.1432
0.1462
0.1488
0.1513
0.153
0.1567
0.1596
0.1626
0.1144
0.1172
0.1199
0.1227
0.1262
0.1295
0.1318
0.134
0.1369
0.1406
0.1433
0.1473
0.0987
0.102
0.1045
0.1062
0.1087
0.1109
0.1128
0.1148
0.1168
0.1191
0.1214
0.1239
0.1254
0.1279
0.0269
0.0279
0.0296
0.0313
0.0339
0.0361
0.0385
0.0407
0.0426
0.0452
0.0474
0.0486
0.0497
0.0515
0.0533
0.0548
0.0564
0.0581
0.0599
0.0617
0.0627
0.0643
0.0656
0.067
0.0682
0.0697
0.0707
0.072
0.0735
0.0742
0.0759
0.0774
0.0789
0.0806
0.0816
0.0824
0.0831
0.084
0.0858
0.0745
0.0756
0.0771
0.0788
0.0798
0.081
0.0822
0.0835
0.0847
0.0858
0.0866
0.0875
0.0886
0.0901
0.0914
0.0919
0.0929
0.094
0.0947
0.0955
0.0963
0.097
0.098
0.0988
0.0995
0.1004
0.1013
0.102
0.1026
0.1033
0.1041
0.1048
0.1056
0.1065
0.1076
0.1087
0.1091
0.1095
0.1103
0.1109
0.1112
0.1114
0.1118
0.1122
0.1129
0.1134
0.1138
0.1144
0.1152
0.1155
0.1158
0.1165
0.117
0.1178
0.1182
0.1188
0.1191
0.1196
0.1202
0.1207
0.1208
0.1212
0.1214
0.1218
0.1223
0.1227
0.1228
0.1235
0.1237
0.1244
0.1248
0.1251
0.1255
0.1255
0.1257
0.1262
0.1265
0.1268
0.1274
0.1274
0.128
0.1283
0.1285
0.1289
0.1295
0.13
0.13
0.1302
0.1304
0.1306
0.1307
0.1308
0.1308
0.1308
0.1309
0.1313
0.1314
0.1319
0.1322
0.1326
0.1326
0.1326
0.1328
0.1328
0.1329
0.133
0.133
0.133
0.1331
0.1332
0.1333
0.1333
0.1334
0.1334
0.1334
0.1336
0.1336
0.1339
0.1339
0.1339
0.1341
0.1341
0.1343
0.1345
0.1346
0.1346
0.1346
0.1346
0.1348
0.1348
0.1348
0.1348
0.1349
0.135
0.1351
0.1351
0.1352
0.1352
0.1353
0.1353
0.1355
0.1355
0.1355
0.1355
0.1355
0.1356
0.1356
0.1356
0.1357
0.1357
0.1358
0.1359
0.1359
0.1359
0.1359
0.1359
0.1359
0.136
0.136
0.136
0.136
0.136
0.1361
0.1362
0.1362
0.1362
0.1362
0.1362
0.1364
0.1364
0.1366
0.1366
0.1366
0.1366
0.1366
0.1366
0.1367
0.1367
0.1367
0.1367
0.1367
0.1367
0.1367
0.1367
0.1367
0.1367
0.1367
0.1367
0.1367
0.1367
0.1367
0.1367
0.1367
0.1367
0.1367
0.1367
0.1367
0.1367
0.1367
0.1367
0.1367
0.1367
0.1367
0.1367
0.1367
0.1367
0.1367
0.1368
0.1368
0.1368
0.1368
0.1368
0.1368
0.1368
0.1368
0.1368
0.1368
0.1368
0.1368
0.1368
0.1368
0.1368
0.1368
0.1368
0.1368
0.1368
0.1368
0.1368
0.1368
0.1368
0.1368
0.1368
0.1368
0.1368
0.1368
0.1368
0.1368
0.1368
0.1368
0.1368
0.1368
0.1368
0.1368
0.1368
0.1368
