0
0
0
0
0
0
0
0
0
0
0
0
0
0
0
0
0
0
0
0
0
0
0
0
0
0
0
0
0
0
0
0
0
0
0
0
0
0
0
0
0
0
0
0
0
0
0
0
0
0
0
0
0
0
0
0
0
0
0
0
0
0
0
0
0
0
0
0
0
0
0
0
0
0
0
0
0
0
0
0
0
0
0
0
0
0
0
0
0
0
0
0
0
0
0
0
0
0
0
0
0
0
0
0
0
0
0
0
0
0
0
0
0
0
0
0
0
0
0
0
0
0
0
0
0
0
0
0
0
0
0
0
0
0
0
0
0
0
0
0
0
0
0
0
0
0
0
0
0
0
0
0
0
0
0
0
0
0
0
0
0
0
0
0
0
0
0
0
0
0
0
0
0
0
0
0
0
0
0
0
0
0
0
0
0
0
0
0
0
0
0
0
0
0
0
0
0
0
0
0
0
0
0
0
0
0
0
0
0
0
0
0
0
0
0
0
0
0
0.0001
0.0001
0.0001
0.0001
0.0001
0.0001
0.0001
0.0001
0.0001
0.0001
0.0001
0.0001
0.0001
0.0001
0.0001
0.0001
0.0001
0.0001
0.0001
0.0001
0.0001
0.0001
0.0001
0.0001
0.0001
0.0001
0.0001
0.0001
0.0001
0.0001
0.0001
0.0001
0.0001
0.0001
0.0001
0.0001
0.0001
0.0001
0.0001
0.0001
0.0001
0.0001
0.0001
0.0001
0.0001
0.0001
0.0001
0.0001
0.0001
0.0001
0.0001
0.0001
0.0001
0.0001
0.0001
0.0001
0.0001
0.0001
0.0001
0.0001
0.0001
0.0001
0.0001
0.0001
0.0001
0.0001
0.0001
0.0001
0.0001
0.0001
0.0001
0.0001
0.0001
0.0001
0.0005
0.0005
0.0021
0.0021
0.0021
0.0021
0.0021
0.0021
0.0021
0.0021
0.0021
0.0021
0.0021
0.0021
0.0021
0.0023
0.0023
0.0023
0.0023
0.0023
0.0023
0.0023
0.0023
0.0023
0.0023
0.0023
0.0023
0.0023
0.0041
0.0041
0.0041
0.0041
0.0041
0.0041
0.0041
0.0041
0.0041
0.0041
0.0041
0.0041
0.0041
0.0041
0.0041
0.0041
0.0041
0.0041
0.0041
0.0041
0.0041
0.0043
0.0043
0.0059
0.0059
0.0059
0.0059
0.0075
0.0075
0.0075
0.0075
0.0075
0.0075
0.0075
0.0075
0.0075
0.0075
0.0075
0.0075
0.0075
0.0091
0.0091
0.0091
0.0095
0.0095
0.0095
0.0113
0.0113
0.0113
0.0113
0.0113
0.0113
0.0113
0.0113
0.0113
0.0117
0.0119
0.0135
0.0135
0.0135
0.0135
0.0135
0.0135
0.0151
0.0151
0.0155
0.0155
0.0171
0.0171
0.0171
0.0187
0.0187
0.0187
0.0187
0.0203
0.0205
0.0205
0.0225
0.0225
0.0225
0.0241
0.0241
0.0243
0.0243
0.0259
0.0259
0.0259
0.0279
0.0279
0.0281
0.0297
0.0297
0.0297
0.0301
0.0317
0.0319
0.0339
0.0341
0.0357
0.0373
0.0373
0.0373
0.0375
0.0391
0.0407
0.0407
0.0407
0.0423
0.0423
0.0439
0.0439
0.0455
0.0459
0.0459
0.0475
0.0493
0.0493
0.0509
0.0509
0.0529
0.0529
0.0549
0.0553
0.0569
0.0585
0.0603
0.0607
0.0639
0.0643
0.0645
0.0677
0.0677
0.0699
0.0715
0.0735
0.0757
0.0774
0.0776
0.0792
0.0814
0.083
0.0846
0.0848
0.0868
0.09
0.0918
0.0936
0.0953
0.0971
0.0987
0.1009
0.1025
0.1041
0.1057
0.1073
0.1091
0.1107
0.1127
0.1163
0.1179
0.1199
0.1215
0.1219
0.1255
0.1271
0.1289
0.1309
0.1329
0.1333
0.1351
0.1373
0.1389
0.1421
0.1441
0.1459
0.1493
0.1515
0.1535
0.1555
0.1591
0.1611
0.1629
0.1649
0.1675
0.1707
0.1741
0.1779
0.1779
0.1811
0.1845
0.1865
0.1903
0.1927
0.1959
0.1997
0.2015
0.2068
0.2072
0.211
0.215
0.219
0.2206
0.2228
0.2278
0.2298
0.2334
0.235
0.2382
0.24
0.2436
0.2456
0.248
0.2532
0.2552
0.2588
0.2642
0.2664
0.2698
0.2734
0.2754
0.2792
0.2826
0.2844
0.2898
0.2916
0.295
0.299
0.3022
0.3064
0.3096
0.3114
0.3162
0.3206
0.324
0.3278
0.331
0.3348
0.3402
0.3424
0.3458
0.3508
0.3508
0.3564
0.3604
0.3626
0.368
0.3716
0.3732
0.3788
0.3826
0.3866
0.3902
0.3918
0.3972
0.401
0.4044
0.4096
0.4132
0.417
0.4202
0.4226
0.4278
0.432
0.4378
0.4394
0.443
0.447
0.4507
0.4561
0.4597
0.4633
0.4687
0.4709
0.4757
0.4785
0.4833
0.4877
0.4915
0.4949
0.5005
0.5043
0.5079
0.5117
0.5152
0.5188
0.5226
0.5278
0.5298
0.5348
0.537
0.5412
0.5448
0.5486
0.5526
0.556
0.5612
0.565
0.567
0.5719
0.5777
0.5809
0.5843
0.5885
0.5921
0.5937
0.5975
0.6015
0.6067
0.6103
0.6139
0.6155
0.6193
0.6225
0.6257
0.6327
0.6361
0.6377
0.6417
0.6439
0.6487
0.6523
0.6565
0.6599
0.6635
0.6669
0.6687
0.6743
0.6783
0.6819
0.6855
0.6893
0.6943
0.6977
0.7013
0.7035
0.7073
0.7109
0.7129
0.7179
0.7195
0.7233
0.7265
0.7289
0.7339
0.7359
0.7411
0.7427
0.7479
0.7499
0.7543
0.7575
0.7579
0.7613
0.7635
0.7671
0.7703
0.7719
0.7757
0.7797
0.7829
0.7865
0.7891
0.7923
0.7947
0.7971
0.8007
0.8029
0.8061
0.8097
0.8117
0.8149
0.8151
0.8187
0.8211
0.8251
0.8273
0.8291
0.8309
0.8351
0.8369
0.8389
0.8409
0.8451
0.8453
0.8487
0.8519
0.8557
0.8573
0.8593
0.8615
0.8651
0.8653
0.8689
0.8709
0.8725
0.8761
0.8779
0.8797
0.8817
0.8835
0.8855
0.8873
0.8905
0.8921
0.8957
0.8977
0.8995
0.8995
0.9031
0.9049
0.9071
0.9071
0.9089
0.9125
0.9141
0.9157
0.9157
0.9177
0.9193
0.9209
0.9227
0.9231
0.9249
0.9269
0.9285
0.9305
0.9321
0.9321
0.9337
0.9357
0.9357
0.9375
0.9381
0.9397
0.9397
0.9417
0.9435
0.9451
0.9451
0.9455
0.9471
0.9489
0.9493
0.9509
0.9509
0.9527
0.9543
0.9559
0.9559
0.9575
0.9591
0.9591
0.9611
0.9611
0.9627
0.9643
0.9643
0.9643
0.9659
0.9665
0.9683
0.9683
0.9701
0.9701
0.9701
0.9717
0.9717
0.9717
0.9733
0.9737
0.9737
0.9753
0.9755
0.9755
0.9771
0.9771
0.9771
0.9787
0.9787
0.9789
0.9795
0.9795
0.9811
0.9811
0.9815
0.9815
0.9815
0.9815
0.9831
0.9831
0.9831
0.9831
0.9847
0.9847
0.9847
0.9847
0.9847
0.9847
0.9865
0.9865
0.9865
0.9865
0.9881
0.9881
0.9881
0.9881
0.9897
0.9897
0.9897
0.9901
0.9901
0.9901
0.9903
0.9903
0.9903
0.9903
0.9919
0.9919
0.9919
0.9919
0.9919
0.9919
0.9919
0.9919
0.9919
0.9919
0.9919
0.9935
0.9935
0.9937
0.9937
0.9937
0.9953
0.9953
0.9953
0.9953
0.9953
0.9953
0.9953
0.9953
0.9953
0.9953
0.9953
0.9953
0.9953
0.9953
0.9953
0.9969
0.9969
0.9969
0.9969
0.9969
0.9969
0.9969
0.9969
0.9969
0.9969
0.9969
0.9969
0.9969
0.9969
0.9969
0.9985
0.9985
0.9985
0.9985
0.9985
0.9985
0.9985
0.9985
0.9985
0.9985
0.9985
0.9985
0.9985
0.9989
0.9989
0.9989
0.9989
0.9989
0.9989
0.9989
0.9989
0.9989
0.9989
0.9989
0.9989
0.9989
0.9989
0.9989
0.9989
0.9989
0.9989
0.9989
0.9989
0.9991
0.9991
0.9991
0.9991
0.9991
0.9991
0.9991
0.9991
0.9991
0.9991
0.9991
0.9991
1.0007
1.0007
1.0007
1.0007
1.0007
1.0007
1.0007
1.0007
1.0007
1.0007
1.0007
1.0007
1.0007
1.0007
1.0007
1.0007
1.0007
1.0007
1.0007
1.0007
1.0007
1.0007
1.0007
1.0007
1.0007
1.0007
1.0007
1.0007
1.0007
1.0007
1.0007
1.0007
1.0007
1.0007
1.0007
1.0007
1.0007
1.0007
1.0007
1.0007
1.0007
1.0007
1.0007
1.0007
1.0007
1.0007
1.0007
1.0007
1.0007
1.0007
1.0007
1.0007
1.0007
1.0007
1.0007
1.0007
1.0007
1.0007
1.0007
1.0007
1.0007
1.0007
1.0007
1.0007
1.0007
1.0007
1.0007
1.0007
1.0007
1.0007
1.0007
1.0007
1.0007
