0
0
0
0
0
0
0
0
0
0
0
0
0
0
0
0
0
0
0
0
0
0
0
0
0
0
0
0
0
0
0
0
0
0
0
0
0
0
0
0
0
0
0
0
0
0
0
0
0
0
0
0
0
0
0
0
0
0
0
0
0
0
0
0
0
0
0
0
0
0
0
0
0
0
0
0
0
0
0
0
0
0
0
0
0
0
0
0
0
0
0
0
0
0
0
0
0
0
0
0
0
0
0
0
0
0
0
0
0
0
0
0
0
0
0
0
0
0
0
0
0
0
0
0
0
0
0
0
0
0
0
0
0
0
0
0
0
0
0
0
0
0
0
0
0
0
0
0
0
0
0
0
0
0
0
0
0
0
0
0
0
0
0
0
0
0
0
0
0
0
0
0
0
0
0
0
0
0
0
0
0
0
0
0
0
0
0
0
0
0
0
0
0
0
0
0
0
0
0
0
0
0
0
0
0
0
0
0
0
0
0
0
0
0
0
0
0
0
0
0
0
0
0
0
0
0
0
0
0
0
0
0
0
0
0
0
0
0
0
0
0
0
0
0
0
0
0
0
0
0
0
0
0
0
0
0
0
0
0
0
0
0
0
0
0
0.0001
0.0001
0.0001
0.0001
0.0001
0.0001
0.0001
0.0002
0.0002
0.0003
0.0003
0.0003
0.0003
0.0004
0.0004
0.0005
0.0005
0.0005
0.0005
0.0006
0.0006
0.0006
0.0007
0.0007
0.0007
0.0009
0.001
0.001
0.001
0.001
0.0012
0.0012
0.0012
0.0012
0.0012
0.0013
0.0013
0.0014
0.0014
0.0015
0.0016
0.0018
0.0018
0.002
0.002
0.002
0.0022
0.0022
0.0023
0.0024
0.0025
0.0025
0.0026
0.0028
0.0028
0.0029
0.003
0.0031
0.0031
0.0032
0.0032
0.0032
0.0034
0.0034
0.0035
0.0037
0.0037
0.0039
0.0041
0.0042
0.0042
0.0042
0.0042
0.0042
0.0044
0.0044
0.0045
0.0046
0.0048
0.005
0.0051
0.0054
0.0054
0.0054
0.0059
0.0061
0.0062
0.0064
0.0065
0.0067
0.0068
0.007
0.0073
0.0075
0.0075
0.0078
0.0079
0.0082
0.0084
0.0086
0.0088
0.009
0.0093
0.0097
0.01
0.0102
0.0108
0.0111
0.0115
0.0123
0.0126
0.0129
0.0133
0.0134
0.0136
0.0138
0.0143
0.0146
0.0149
0.0151
0.0154
0.0155
0.0164
0.0168
0.0169
0.0174
0.018
0.0187
0.0192
0.0199
0.0204
0.0207
0.0208
0.0213
0.0216
0.0218
0.0224
0.023
0.024
0.0245
0.0251
0.0255
0.0264
0.0269
0.0273
0.0281
0.0289
0.0297
0.0304
0.0309
0.0313
0.0323
0.0331
0.034
0.0347
0.0363
0.0367
0.0374
0.0378
0.0385
0.0396
0.0405
0.0408
0.042
0.043
0.0436
0.0448
0.0458
0.0469
0.0484
0.0493
0.0511
0.052
0.053
0.0541
0.0551
0.0561
0.0567
0.0576
0.0587
0.06
0.0612
0.0622
0.0638
0.0645
0.0655
0.0668
0.0679
0.0693
0.0713
0.0729
0.0742
0.0754
0.0769
0.0781
0.079
0.081
0.0829
0.085
0.087
0.0884
0.0908
0.0924
0.0937
0.0948
0.0966
0.0984
0.0995
0.1011
0.1034
0.1049
0.1073
0.1099
0.112
0.1138
0.1151
0.1165
0.1185
0.1211
0.123
0.1252
0.1268
0.1286
0.1302
0.1316
0.1331
0.1355
0.1378
0.1402
0.1436
0.1456
0.1487
0.1518
0.1539
0.1559
0.1584
0.1602
0.1639
0.1655
0.1688
0.1716
0.1744
0.1765
0.1787
0.1826
0.1855
0.1895
0.1916
0.1944
0.1969
0.2005
0.2035
0.2072
0.2103
0.2125
0.2153
0.2181
0.2208
0.2234
0.2261
0.2294
0.2332
0.2368
0.2395
0.243
0.2457
0.2487
0.2517
0.2544
0.2571
0.2603
0.2632
0.2671
0.2697
0.2735
0.2771
0.2804
0.2844
0.2878
0.2912
0.2939
0.297
0.301
0.3052
0.3079
0.3111
0.3142
0.3181
0.3214
0.3254
0.328
0.3319
0.3366
0.3403
0.3438
0.346
0.3497
0.3537
0.3578
0.36
0.363
0.3661
0.3688
0.3735
0.3773
0.3814
0.385
0.3888
0.3926
0.397
0.4002
0.4042
0.4079
0.4127
0.417
0.4214
0.4246
0.4274
0.4323
0.4367
0.4399
0.4442
0.447
0.4511
0.4548
0.4591
0.4632
0.4671
0.4718
0.4755
0.4788
0.4823
0.485
0.4881
0.4926
0.4964
0.5001
0.5051
0.5084
0.5122
0.5159
0.5188
0.5229
0.5274
0.531
0.5343
0.5387
0.5429
0.5456
0.5504
0.5539
0.5569
0.5613
0.5663
0.5702
0.5752
0.5788
0.582
0.5854
0.5899
0.5936
0.598
0.6019
0.6058
0.6083
0.6121
0.6147
0.6183
0.6224
0.6268
0.6295
0.6328
0.6358
0.6402
0.6441
0.6479
0.652
0.6545
0.6584
0.6619
0.6664
0.6704
0.6746
0.6782
0.6812
0.6846
0.6876
0.6921
0.6953
0.6988
0.7026
0.7059
0.7081
0.7113
0.7151
0.7185
0.7215
0.725
0.7285
0.7318
0.7348
0.7378
0.7411
0.744
0.7476
0.7506
0.7544
0.7578
0.7607
0.7638
0.767
0.7695
0.7729
0.7754
0.7787
0.7815
0.7843
0.7872
0.79
0.7929
0.7954
0.7983
0.8009
0.8039
0.806
0.8091
0.8116
0.8149
0.8178
0.8205
0.8232
0.8256
0.8282
0.8316
0.8341
0.8362
0.8389
0.841
0.8437
0.846
0.8475
0.8504
0.853
0.8548
0.8568
0.8597
0.8616
0.8637
0.8667
0.8693
0.8706
0.8724
0.8748
0.8772
0.879
0.8806
0.8825
0.8846
0.8861
0.8873
0.8895
0.8918
0.8935
0.8951
0.897
0.8991
0.9006
0.902
0.9036
0.9058
0.9076
0.9088
0.9104
0.9117
0.9129
0.9148
0.9158
0.9167
0.9183
0.9198
0.9213
0.9222
0.9234
0.9247
0.9256
0.9272
0.9287
0.9302
0.9317
0.9337
0.9347
0.9356
0.9373
0.938
0.9394
0.9408
0.942
0.9428
0.944
0.9453
0.9463
0.9473
0.9483
0.9497
0.9504
0.9516
0.9529
0.9537
0.9549
0.9552
0.9563
0.957
0.9573
0.9582
0.959
0.9605
0.9613
0.9622
0.963
0.9638
0.9646
0.9655
0.9661
0.9674
0.968
0.9687
0.9694
0.9706
0.9711
0.9716
0.9724
0.9729
0.9736
0.974
0.9744
0.9749
0.9751
0.9756
0.9766
0.9771
0.9783
0.9786
0.9794
0.9796
0.9798
0.9803
0.981
0.9817
0.9819
0.9824
0.9828
0.983
0.9838
0.984
0.9843
0.9853
0.9856
0.9858
0.986
0.9865
0.987
0.9872
0.9877
0.9883
0.9886
0.9889
0.9893
0.9897
0.99
0.9903
0.9907
0.9909
0.9911
0.9915
0.992
0.9923
0.9924
0.9925
0.993
0.9931
0.9933
0.9934
0.9936
0.994
0.994
0.9941
0.9944
0.9948
0.9949
0.9952
0.9952
0.9952
0.9952
0.9953
0.9955
0.9956
0.9957
0.9959
0.9962
0.9962
0.9963
0.9964
0.9965
0.9966
0.9969
0.997
0.9971
0.9973
0.9975
0.9975
0.9975
0.9975
0.9975
0.9976
0.9977
0.9978
0.9979
0.9979
0.9979
0.998
0.998
0.9981
0.9982
0.9982
0.9982
0.9982
0.9982
0.9983
0.9983
0.9983
0.9985
0.9986
0.9987
0.9988
0.9988
0.9988
0.9988
0.9988
0.9988
0.9988
0.9988
0.9988
0.9988
0.9989
0.9989
0.9989
0.999
0.999
0.999
0.999
0.999
0.999
0.999
0.9991
0.9992
0.9992
0.9993
0.9994
0.9994
0.9995
0.9995
0.9996
0.9996
0.9997
0.9997
0.9998
0.9998
0.9998
0.9998
0.9998
0.9998
0.9998
0.9998
0.9998
0.9998
0.9998
0.9998
0.9998
0.9998
0.9998
0.9998
0.9998
0.9998
0.9998
0.9998
0.9998
0.9998
0.9998
0.9998
0.9998
0.9998
0.9998
0.9998
0.9998
0.9998
0.9998
0.9999
0.9999
0.9999
0.9999
0.9999
0.9999
0.9999
1
1
1
1
1
1
1
1
1
1
1
1
1
1
1
1
1
1
1
1
1
1
1
1
1
1
1
1
1
1
1
1
