725
791
707
804
601
689
683
783
638
572
550
659
725
574
464
553
649
629
386
495
751
537
632
540
436
700
639
633
468
583
821
462
481
697
535
557
601
590
632
653
658
610
613
531
602
699
618
592
454
586
501
789
807
729
610
465
632
811
670
516
630
543
569
816
626
719
694
643
595
433
623
752
764
498
684
724
642
804
673
728
496
663
549
633
747
694
487
509
462
542
609
509
816
573
683
763
727
726
649
662
475
674
427
373
450
692
589
587
634
617
612
687
658
725
707
658
609
600
669
629
317
450
701
756
514
796
721
521
646
637
583
585
641
453
554
748
546
797
475
670
679
701
606
692
460
652
565
575
495
743
748
662
612
646
522
850
616
472
753
712
802
608
702
841
730
581
599
631
748
523
624
615
734
564
513
599
457
699
560
631
555
656
582
668
382
538
507
354
757
670
548
475
547
520
510
806
526
736
588
643
810
479
508
533
609
595
585
632
553
638
623
501
631
552
633
413
532
734
533
573
433
366
640
844
819
611
718
677
638
507
619
635
571
440
644
519
435
541
704
634
696
556
503
572
790
661
727
760
486
649
607
532
644
614
533
345
736
499
506
622
625
652
497
602
563
551
639
453
680
575
513
633
652
627
750
491
439
519
469
598
724
678
486
578
541
527
622
558
623
627
724
835
742
596
501
580
657
465
674
706
565
548
607
662
501
513
834
538
657
744
581
618
828
439
780
534
613
733
662
659
737
606
817
611
599
642
622
439
715
545
725
494
616
396
645
753
393
676
574
592
577
604
483
618
595
690
625
573
550
485
617
750
544
455
607
559
486
505
604
602
558
568
592
698
585
581
500
734
710
594
669
544
659
516
698
626
777
639
648
804
721
414
607
572
472
542
499
601
650
576
557
650
590
608
472
642
577
511
691
507
515
508
509
616
644
665
475
431
525
589
791
790
628
798
624
615
590
606
670
468
793
749
678
501
572
710
694
620
761
575
493
534
516
645
759
637
768
610
546
553
760
525
373
569
578
567
529
682
548
635
437
564
487
522
685
657
537
656
578
607
508
646
559
628
556
676
485
646
538
649
706
452
467
650
603
546
560
520
715
653
567
565
510
707
631
739
786
597
492
661
423
484
694
632
722
494
635
591
617
885
701
714
593
801
460
599
682
480
557
692
485
779
550
487
467
648
797
558
753
522
572
606
514
713
677
559
725
697
776
670
483
669
371
780
418
621
646
678
558
305
646
620
641
538
644
604
444
644
701
658
715
520
582
763
697
517
693
501
470
525
604
680
558
584
706
437
452
561
751
591
484
756
622
542
756
636
670
526
784
603
819
667
684
575
545
577
583
689
594
742
547
585
525
660
572
490
456
687
577
374
501
694
616
644
529
436
734
737
724
572
476
684
474
597
414
544
723
666
644
465
479
607
623
420
720
819
681
679
675
455
613
651
461
521
600
495
617
606
482
676
475
673
573
573
731
622
569
744
509
695
636
573
744
621
690
480
479
647
666
502
779
719
573
692
743
664
659
450
735
525
625
725
549
693
671
591
618
663
492
584
709
593
664
435
419
829
772
662
546
575
562
717
500
568
462
684
604
511
386
674
637
571
554
538
655
533
706
775
691
497
599
668
779
508
791
491
321
738
659
831
711
483
635
676
541
578
421
472
566
492
816
662
431
639
728
832
832
567
721
484
530
648
517
559
605
521
682
705
697
537
690
725
423
568
763
766
607
674
967
783
676
766
600
661
617
616
601
616
539
495
700
572
576
622
638
540
585
622
657
862
779
550
621
413
599
619
631
411
723
653
599
424
595
499
730
756
627
664
539
488
542
749
545
550
794
621
613
577
408
666
483
714
534
604
557
524
607
565
551
729
575
696
637
782
516
600
542
642
635
697
579
571
624
600
433
753
688
661
613
663
583
633
538
639
585
791
712
589
524
463
620
529
707
455
540
470
511
704
642
457
558
732
425
683
565
560
642
726
628
702
498
586
515
486
573
596
653
493
539
649
681
384
619
648
517
541
664
608
697
657
555
575
431
452
456
655
692
625
573
630
654
452
700
523
728
525
544
516
761
621
585
585
697
467
621
691
472
508
755
585
576
424
732
697
725
579
516
486
530
636
529
774
603
638
582
621
541
586
589
510
763
628
485
610
693
779
546
666
580
742
579
728
584
509
634
658
736
744
469
575
557
717
662
607
600
505
619
767
421
645
493
642
581
643
505
530
677
600
482
584
543
561
654
562
646
552
556
712
585
661
464
638
424
543
691
646
635
709
561
609
592
643
657
626
567
646
554
553
767
610
635
506
491
659
632
622
645
483
558
622
689
673
608
718
733
609
651
583
631
649
731
690
522
609
614
595
705
459
453
666
685
582
519
678
647
583
660
462
719
475
704
784
543
585
566
610
613
608
561
527
623
769
728
497
605
515
533
688
619
589
616
624
580
597
442
602
647
530
528
517
650
640
685
454
746
619
651
513
624
640
720
555
729
674
617
530
749
492
591
446
614
767
448
439
686
714
607
712
778
658
616
602
640
684
459
620
612
567
488
539
733
730
659
514
572
592
532
508
626
621
629
678
406
556
502
558
639
790
580
457
865
506
512
743
542
718
675
787
481
608
597
616
674
611
509
699
600
724
676
431
473
536
663
738
531
510
560
644
519
666
676
703
633
610
588
588
374
676
513
588
519
525
603
633
702
597
591
639
853
590
824
400
555
642
665
580
598
553
638
694
481
716
918
731
696
516
579
619
731
565
593
686
602
613
549
489
601
674
642
603
638
601
572
595
637
572
610
762
427
573
515
573
718
493
678
630
696
452
474
469
683
697
555
677
549
570
646
545
513
409
452
642
544
526
804
565
779
509
482
423
529
476
558
660
517
548
871
577
675
678
460
721
737
552
560
717
621
673
481
666
823
558
742
541
682
558
579
651
692
603
552
583
785
579
609
541
655
501
549
758
672
491
457
649
736
580
569
578
661
645
624
523
600
760
751
638
694
644
507
463
660
662
556
531
700
631
545
589
653
826
342
583
574
305
692
501
771
596
504
741
514
593
462
666
702
778
683
362
572
519
577
712
586
528
641
658
607
600
534
469
606
515
661
637
492
464
607
704
401
475
737
574
684
535
616
505
508
625
571
668
530
491
722
486
510
647
713
475
465
583
572
577
783
666
499
496
805
606
654
787
519
769
544
813
632
440
452
606
698
589
620
796
494
745
695
637
633
451
624
590
515
545
687
530
392
401
699
669
790
579
598
448
613
595
432
531
432
649
673
705
538
630
492
601
736
391
674
516
558
725
678
756
464
689
585
794
478
643
589
644
359
619
484
722
663
599
658
700
447
406
445
547
535
686
444
536
618
731
787
638
705
657
796
599
680
482
652
645
596
505
587
471
960
386
555
750
416
588
451
456
655
618
639
633
555
691
473
509
623
670
661
797
421
804
505
567
512
664
567
655
616
586
637
522
577
603
604
549
655
588
475
515
499
573
725
722
516
629
676
589
530
492
636
740
661
355
458
694
738
646
575
762
612
610
470
494
620
635
562
669
750
609
431
495
518
730
462
529
434
849
531
438
389
521
647
767
560
762
560
593
631
678
683
582
603
575
588
702
657
658
430
523
713
419
655
599
516
610
490
544
549
474
648
689
532
654
463
603
470
558
659
393
739
519
543
743
682
615
720
696
556
686
551
817
627
657
592
684
473
450
491
749
515
750
546
576
370
593
780
601
654
649
591
631
645
526
536
586
629
544
637
600
367
459
598
583
588
709
678
664
475
699
755
430
546
529
712
533
578
451
651
565
639
618
504
611
505
619
503
401
656
663
505
528
611
596
599
575
555
594
650
457
501
444
673
548
649
546
646
409
471
576
535
770
658
623
600
709
496
534
795
469
641
567
673
515
560
530
721
660
628
668
598
617
616
517
724
513
573
671
690
701
698
671
457
543
454
532
616
568
746
424
508
367
668
687
518
389
585
545
625
686
372
629
674
839
640
699
538
517
706
654
668
562
523
592
712
595
671
599
655
609
447
509
434
561
547
696
835
494
483
572
923
540
495
569
552
698
681
781
671
547
596
428
697
273
629
674
635
598
706
561
631
523
557
729
597
537
490
430
534
574
601
638
704
692
716
588
576
459
567
539
384
589
482
585
703
512
631
493
763
596
641
473
588
537
655
566
689
573
537
927
570
607
503
613
529
743
435
605
617
630
497
594
727
466
380
556
622
505
633
601
647
760
481
632
692
647
534
643
562
625
540
759
394
589
619
531
807
574
665
500
439
514
815
522
509
466
540
809
526
866
796
753
538
537
602
523
684
527
614
582
522
511
604
699
551
670
504
606
595
538
683
494
419
493
727
597
407
542
726
809
621
537
461
577
540
646
431
561
695
445
637
424
626
575
708
568
891
603
611
624
687
711
651
717
538
721
449
661
495
348
590
517
769
659
573
746
623
633
641
629
485
541
575
689
661
623
507
857
579
543
603
543
447
510
733
495
775
702
488
643
565
553
577
494
598
451
466
584
579
484
651
635
594
697
654
741
631
689
588
552
681
736
514
520
469
479
503
568
759
666
666
503
430
453
542
569
537
772
557
694
656
482
657
716
515
713
682
513
765
553
688
717
344
471
542
535
629
720
637
411
721
565
551
669
527
608
659
497
661
626
637
725
441
660
536
483
530
515
641
610
733
758
555
642
575
682
749
728
588
648
707
496
710
692
613
585
550
514
827
600
514
626
705
484
621
429
697
620
540
546
633
480
707
497
271
602
471
433
522
502
661
500
470
601
668
520
640
562
676
582
534
548
638
512
618
590
507
718
523
495
779
699
654
639
551
650
753
669
751
624
682
589
549
507
436
697
453
637
674
792
639
591
831
742
654
610
558
596
574
463
510
540
610
499
648
507
830
567
489
582
632
527
837
645
585
588
630
795
717
491
610
451
721
544
518
613
598
478
643
625
664
678
660
760
678
571
677
525
412
689
567
537
522
680
697
387
633
536
522
494
595
350
612
689
667
497
615
655
602
621
614
664
624
510
570
595
422
642
681
611
632
721
838
478
418
503
624
580
493
688
526
642
594
403
629
709
548
531
568
573
540
751
465
606
553
695
732
668
652
724
570
570
694
732
582
587
488
533
541
494
602
607
509
583
649
613
548
573
678
627
756
466
762
527
653
611
619
620
604
672
526
545
521
717
637
544
544
647
545
536
596
722
572
555
616
765
435
594
712
630
561
583
479
626
604
624
561
837
513
630
670
708
524
687
714
591
690
657
649
505
406
531
482
725
528
644
599
676
741
663
719
567
659
642
482
618
542
654
665
564
536
583
573
568
910
792
750
572
617
692
697
552
565
692
686
524
703
527
560
753
639
484
542
589
754
686
738
700
613
917
623
745
542
626
530
736
582
683
636
622
655
473
464
679
860
592
632
763
732
765
462
624
506
598
782
622
412
669
530
614
631
402
577
642
648
622
558
489
548
702
733
630
636
317
471
712
550
504
591
566
518
589
600
579
598
680
619
607
547
587
716
506
814
618
543
481
530
746
769
707
759
424
662
705
679
591
594
627
666
661
495
751
402
574
685
880
491
503
595
603
504
501
747
712
534
508
611
559
694
688
588
622
596
728
534
518
502
556
489
777
576
510
698
554
897
629
454
555
572
569
699
516
769
613
581
687
657
524
375
547
503
685
553
674
678
625
553
623
690
510
723
686
404
764
538
562
499
622
697
785
710
437
637
728
697
795
582
692
658
670
667
487
705
822
544
686
361
449
570
587
511
618
415
677
657
634
550
470
505
489
613
651
725
668
569
452
543
494
679
680
500
444
685
606
561
600
433
575
474
568
683
681
689
443
654
490
767
606
655
667
603
639
571
489
423
693
600
459
619
567
782
751
550
530
729
615
709
691
584
664
744
568
610
663
730
294
745
564
512
417
689
458
645
637
649
547
747
496
853
490
710
409
749
619
781
539
786
660
663
636
658
536
743
595
651
621
645
551
490
708
522
650
725
460
571
698
676
549
847
593
756
546
692
720
544
711
386
643
462
570
465
610
496
736
679
688
657
624
535
506
601
708
748
525
704
515
555
626
547
626
473
671
480
694
616
548
705
700
591
565
517
653
527
429
506
709
551
406
827
586
283
685
482
607
642
508
520
689
600
601
642
547
644
525
709
766
562
547
564
559
593
750
425
617
648
671
787
447
604
378
555
695
643
631
552
620
386
563
637
568
565
739
806
769
551
597
810
595
435
680
838
501
757
523
596
590
566
518
535
681
557
579
468
774
750
470
649
490
420
604
506
637
606
698
790
515
571
340
454
737
603
580
737
698
862
654
651
549
597
742
440
553
571
589
718
522
701
612
580
549
533
673
490
712
741
671
446
572
601
646
697
516
655
507
626
602
748
591
599
513
445
345
564
536
587
641
427
524
719
511
484
618
484
611
477
658
676
713
509
574
695
579
608
549
732
426
607
702
584
490
477
588
719
601
561
581
597
542
661
639
551
805
546
496
497
524
532
675
810
676
593
582
473
647
764
629
597
599
549
551
536
450
533
547
567
662
527
619
658
553
571
710
626
435
510
650
454
482
760
484
482
760
565
638
669
595
655
443
765
653
484
638
522
513
539
539
627
522
644
746
445
468
647
501
525
638
384
371
609
752
614
539
564
664
553
362
552
669
667
709
772
655
555
564
529
689
784
583
733
687
583
592
523
615
672
578
581
579
666
494
925
667
538
566
516
490
504
661
510
607
658
732
562
700
510
683
577
763
632
531
631
686
788
567
442
630
633
406
487
861
523
575
715
701
667
587
657
551
599
648
700
592
622
665
624
461
733
428
542
713
533
503
786
430
489
789
552
634
525
601
465
606
522
711
474
544
447
476
650
462
603
869
661
503
603
644
684
793
461
744
671
542
673
665
779
602
660
656
574
814
629
564
495
582
483
372
674
624
754
546
558
640
607
784
560
601
758
486
559
583
788
652
725
740
682
675
663
476
560
717
738
670
751
637
708
501
692
663
750
617
627
361
447
660
703
715
419
607
531
516
667
647
463
415
652
520
575
574
438
540
747
710
372
705
643
550
794
556
659
569
551
588
578
644
595
571
326
698
511
620
706
647
626
644
410
552
566
532
672
606
720
401
598
531
670
812
360
549
571
776
505
561
575
486
772
613
505
552
704
515
498
604
537
490
538
329
640
698
611
546
833
601
595
740
679
744
562
617
733
649
664
587
594
507
670
829
466
702
547
545
664
551
672
373
488
504
654
779
538
503
791
514
625
556
733
627
818
622
761
689
603
713
526
524
659
586
508
715
543
569
656
696
438
615
757
593
567
664
796
591
709
666
644
734
794
586
536
576
581
508
463
788
643
708
424
767
589
742
592
368
547
605
529
655
565
652
489
673
566
623
526
697
672
448
496
668
561
443
710
611
661
627
620
608
712
610
549
578
666
515
609
368
665
500
623
670
663
555
685
756
649
649
504
576
621
480
528
587
663
831
428
534
554
633
715
842
381
761
682
645
519
569
475
654
605
590
534
575
589
654
623
650
353
663
594
637
574
712
436
737
689
804
548
524
618
617
703
584
645
553
556
618
390
722
641
522
731
612
608
746
559
583
638
567
665
577
493
608
706
526
585
651
663
780
730
613
535
499
819
871
603
653
493
437
429
629
668
386
607
637
531
571
734
430
785
617
466
712
599
424
712
804
371
813
632
528
590
548
627
612
552
665
599
709
637
685
659
597
462
574
701
507
735
517
625
494
715
561
724
608
707
750
472
664
445
465
592
680
843
558
579
540
755
819
749
687
638
569
487
770
508
391
442
483
457
773
649
743
549
528
476
482
707
531
482
550
654
686
619
629
520
638
549
547
528
683
774
625
778
674
836
605
810
589
458
546
531
628
519
628
497
581
715
616
746
601
742
525
728
718
701
640
499
569
669
676
476
348
620
640
727
582
647
343
526
617
703
614
629
595
662
507
651
556
587
575
529
655
531
516
534
694
596
460
490
654
578
449
444
618
475
593
614
797
523
477
573
438
607
430
738
727
660
608
508
518
740
658
643
516
664
492
694
459
581
383
527
735
589
503
659
472
504
652
598
556
696
438
546
547
627
532
659
695
670
546
509
579
743
417
598
460
653
740
621
723
538
677
463
665
621
700
671
583
604
580
514
523
699
533
613
529
658
638
604
539
652
527
746
721
705
685
816
485
453
556
653
672
634
594
833
367
774
646
652
603
528
571
638
366
650
770
472
467
681
546
538
577
582
538
525
653
530
418
563
456
752
634
566
631
607
623
511
556
536
660
543
612
661
501
802
687
583
497
655
410
698
847
398
510
641
408
667
543
588
492
507
662
505
677
569
658
646
547
803
577
583
440
604
678
712
619
466
552
716
563
534
668
622
508
539
583
752
643
653
566
608
717
652
376
664
659
521
562
529
734
696
618
667
644
644
555
677
594
432
545
536
478
584
609
637
603
496
568
532
632
491
662
595
524
538
509
533
526
727
462
458
665
591
682
690
671
659
652
611
690
364
575
645
647
601
590
585
567
571
608
712
691
453
477
559
607
667
715
634
635
510
537
514
572
550
646
499
541
504
382
671
677
434
428
757
518
563
538
793
605
759
635
631
512
608
616
756
557
690
532
435
651
601
541
580
561
653
649
486
481
624
688
489
550
768
430
548
503
568
373
556
463
668
564
530
474
501
578
770
665
594
542
621
573
669
617
600
582
576
703
510
581
525
753
649
534
482
607
658
563
469
627
616
709
618
752
634
663
540
651
680
553
512
674
753
542
682
547
524
592
894
629
620
693
654
668
477
693
723
499
791
617
534
653
781
379
644
548
619
537
620
622
584
470
593
846
560
592
659
553
674
477
615
473
516
694
526
724
449
460
666
598
677
548
690
474
717
392
693
493
759
501
625
747
551
494
583
514
534
794
614
552
515
606
597
556
541
487
622
677
630
597
614
628
657
633
651
549
528
691
629
599
576
659
462
531
523
534
583
666
689
762
744
650
476
595
460
637
569
593
689
558
781
589
525
635
536
639
485
450
556
694
637
608
539
539
576
681
541
482
569
499
286
481
467
739
515
625
671
544
601
713
393
489
658
527
394
582
550
607
721
763
669
584
583
567
692
563
426
541
646
658
477
536
433
637
664
506
499
826
449
577
561
679
547
469
417
785
636
567
566
583
417
608
654
685
772
422
729
597
683
623
307
741
598
706
511
517
711
521
695
683
691
636
641
391
545
571
614
577
608
540
742
454
473
525
562
512
599
514
478
460
748
786
478
658
561
647
556
621
810
692
567
476
785
539
618
549
629
520
760
593
380
710
496
774
501
487
472
696
481
783
680
451
599
664
601
676
803
713
804
535
631
705
577
624
728
609
765
394
697
708
670
628
432
569
528
691
435
662
469
702
710
487
660
732
572
587
601
613
603
574
660
538
691
443
407
730
779
587
575
523
646
649
716
663
674
593
623
633
585
761
519
521
433
758
624
663
758
704
672
579
562
533
508
614
465
637
550
615
613
397
682
500
703
730
700
512
607
481
601
617
604
543
601
489
510
601
627
507
443
702
729
712
614
385
490
562
526
425
749
612
539
525
397
814
584
670
558
650
621
731
688
619
582
689
513
573
589
603
499
673
858
724
433
652
559
457
580
555
736
704
491
655
462
560
408
625
516
669
450
628
634
539
552
486
647
581
404
688
415
542
741
582
680
667
548
592
759
758
697
599
576
705
592
559
501
659
604
596
408
646
435
466
492
601
529
733
573
556
453
693
555
521
657
558
772
567
724
610
469
585
556
777
844
639
433
680
662
669
495
462
479
686
705
693
590
557
536
610
629
555
559
628
547
524
594
505
667
608
578
510
722
458
470
567
787
732
679
522
584
526
606
779
511
373
514
765
679
779
662
484
655
547
678
633
591
623
646
473
733
513
734
549
473
554
655
689
547
459
496
567
838
602
594
538
827
693
639
595
688
593
606
474
628
585
553
701
488
872
550
438
707
567
610
644
560
615
725
553
628
444
586
504
727
808
680
604
746
628
578
507
633
560
462
488
606
711
659
626
639
697
633
653
484
595
578
562
622
700
498
554
592
674
645
545
525
637
522
578
684
716
800
690
697
680
770
556
565
556
559
598
690
550
623
576
673
598
526
708
667
427
577
458
634
425
536
526
654
635
523
633
427
616
429
674
501
840
338
491
642
762
720
477
713
673
411
440
667
700
739
811
566
564
418
551
520
639
777
577
819
545
638
627
638
574
628
682
593
598
617
496
531
696
574
328
486
641
564
540
675
582
795
465
692
679
593
642
498
575
605
613
577
770
414
658
535
801
739
532
369
629
670
506
588
657
801
556
698
669
554
361
599
529
509
640
546
619
787
673
673
737
768
586
720
437
650
593
582
634
699
684
550
700
555
583
532
677
651
526
525
599
704
607
612
647
510
770
659
544
677
669
658
658
514
463
695
536
555
685
681
756
395
668
553
630
525
669
610
614
543
590
628
638
628
729
690
603
533
661
666
558
594
423
681
804
769
623
517
478
547
443
533
551
631
517
460
609
513
590
702
463
510
549
610
648
606
618
550
726
633
519
461
541
557
484
493
592
593
447
644
739
529
644
525
629
476
496
763
639
532
577
701
566
569
707
696
488
359
665
716
416
540
510
730
411
654
665
417
640
501
729
784
415
706
629
764
698
535
493
572
390
400
541
688
587
640
753
529
651
561
717
549
508
682
530
474
631
607
707
562
378
709
690
521
595
638
453
576
600
568
398
759
536
555
799
752
624
651
570
618
496
706
648
554
581
753
599
747
389
920
611
633
387
560
579
580
720
529
525
571
509
718
506
515
524
679
591
494
506
541
602
525
613
591
595
591
289
586
555
767
625
541
785
708
592
598
452
593
682
751
598
525
528
520
652
532
540
638
616
585
491
536
551
604
546
868
667
747
722
663
524
417
507
576
502
515
616
584
670
575
641
644
461
454
493
642
606
676
686
611
640
485
632
419
512
608
588
680
605
721
552
662
615
640
658
695
605
404
770
477
602
674
727
470
419
615
661
566
652
656
550
465
500
609
619
618
644
608
513
566
620
604
631
643
539
528
535
553
519
536
668
611
532
754
510
611
557
645
660
648
569
400
831
579
570
552
577
461
540
437
560
552
556
482
590
691
717
559
416
516
524
546
693
545
551
485
514
443
698
614
480
501
484
612
481
524
639
623
490
677
595
661
558
563
543
776
664
570
498
777
581
625
630
584
567
546
536
649
600
456
662
603
517
454
683
522
627
503
510
619
590
681
611
895
714
688
823
578
704
634
785
589
472
583
530
771
470
464
613
699
609
567
430
574
640
591
650
653
503
447
500
449
671
711
712
736
564
696
589
665
673
620
395
616
613
644
498
749
627
499
655
833
576
640
698
456
629
666
703
716
574
475
600
583
703
603
670
568
616
468
591
670
503
534
653
732
567
529
877
610
640
504
604
517
568
392
641
656
518
592
521
553
597
445
557
444
921
646
514
376
542
606
590
517
701
492
576
672
447
685
646
592
551
794
557
421
520
839
625
432
559
544
674
464
653
504
465
684
493
432
446
513
847
659
624
681
685
667
394
526
572
342
528
651
723
773
501
558
523
799
572
650
511
573
386
713
611
483
542
525
567
664
577
521
642
432
483
569
494
517
702
564
449
680
517
742
692
683
668
816
434
640
626
610
686
456
614
733
542
598
696
603
617
759
687
578
743
535
583
637
745
683
644
506
521
497
492
529
431
756
514
671
676
614
778
617
525
620
672
514
689
498
711
526
464
678
766
312
743
648
537
684
631
677
559
573
479
569
496
771
515
680
563
568
460
765
758
560
546
617
579
508
541
382
587
765
583
593
558
473
596
530
571
576
410
651
569
666
575
644
555
590
689
636
541
756
601
580
688
578
694
431
527
583
662
852
681
670
501
452
439
625
663
619
472
656
597
638
623
515
745
716
520
676
611
541
621
454
653
679
436
516
551
700
724
546
553
474
611
644
673
631
319
687
680
687
517
556
693
772
493
633
836
621
516
647
680
837
606
590
572
684
592
578
526
531
635
387
530
520
590
764
667
609
582
483
637
559
698
482
585
639
824
735
671
668
618
635
651
658
686
670
590
570
645
781
571
605
656
603
582
495
621
495
630
646
550
634
497
573
616
617
646
597
520
619
564
581
464
510
619
752
846
573
654
728
663
649
290
549
672
626
705
639
661
743
508
637
585
709
613
476
668
610
631
452
774
634
651
493
701
693
560
489
636
616
624
631
645
513
606
536
640
613
657
609
578
593
504
436
470
753
573
633
670
598
541
578
633
521
586
582
648
588
647
569
756
434
678
696
487
656
759
603
568
658
585
756
677
493
496
709
674
541
636
641
624
755
541
589
468
736
575
488
610
625
667
331
634
679
474
555
571
569
625
755
598
587
745
546
630
716
780
687
584
445
637
687
650
681
635
543
496
595
799
605
680
668
541
523
612
619
602
510
487
761
691
521
651
528
552
809
370
476
526
546
677
700
692
647
570
453
450
542
434
816
468
476
787
531
568
601
806
642
594
486
604
823
658
666
811
660
652
511
432
457
614
567
410
576
393
710
387
447
454
672
505
641
691
726
583
515
474
495
710
520
581
533
504
648
532
614
762
600
503
635
686
553
531
495
551
564
583
595
590
545
638
796
624
656
413
678
714
682
879
733
542
663
540
505
508
465
506
640
592
687
660
509
513
685
683
406
789
787
646
669
431
483
514
798
353
558
524
657
636
657
576
568
615
514
577
708
511
716
570
618
555
756
499
587
783
754
619
673
626
600
642
541
595
629
567
510
610
576
472
600
691
406
406
549
774
597
469
587
473
606
524
483
456
639
608
721
607
624
461
578
488
655
444
718
463
472
529
603
652
512
386
569
706
657
602
571
524
504
495
628
638
754
713
438
525
552
768
521
669
670
508
480
696
489
479
536
578
590
469
492
611
516
529
604
613
525
606
447
403
718
687
467
582
597
450
577
713
449
862
670
579
754
736
351
594
664
688
771
631
528
570
772
579
475
647
460
588
753
497
532
569
512
479
735
463
832
437
554
635
520
557
678
685
789
700
610
695
502
587
616
639
747
535
606
716
579
825
557
734
537
514
427
403
428
632
683
585
659
662
632
656
474
709
498
576
402
495
383
539
673
598
715
715
725
594
535
618
617
598
706
545
739
762
595
651
668
651
565
508
605
573
641
626
391
508
749
657
682
726
425
623
596
503
508
642
693
460
686
606
806
619
553
672
787
495
626
672
713
582
563
561
574
498
743
769
601
540
697
641
582
625
514
696
501
617
644
366
701
427
552
589
654
687
577
564
775
705
639
426
320
725
665
793
630
533
477
571
646
668
475
505
653
737
681
738
543
723
440
693
567
537
691
591
492
455
691
519
534
650
617
634
560
601
576
691
495
640
668
402
560
784
524
592
651
739
698
425
791
575
678
482
511
505
652
585
475
842
589
582
633
510
392
614
561
728
516
643
614
599
727
771
598
633
545
636
539
609
642
584
580
557
618
683
582
711
582
595
774
539
467
604
453
476
464
596
651
516
433
623
462
554
329
566
633
525
644
635
676
711
642
787
579
536
724
656
590
743
550
401
677
684
640
729
513
583
571
557
682
626
442
686
493
651
613
589
611
594
524
687
565
725
780
716
802
551
560
628
519
679
532
520
418
514
430
652
551
660
610
572
433
705
674
816
485
834
702
568
619
617
622
615
642
487
755
486
512
754
733
570
692
740
502
793
517
606
624
579
714
682
498
551
623
571
423
495
417
543
632
775
622
563
768
689
642
513
699
741
496
572
531
496
620
505
491
546
666
711
580
556
668
705
619
809
556
766
554
662
528
501
614
662
373
721
754
644
608
624
562
753
615
578
551
629
850
729
316
554
826
569
568
737
584
581
643
393
729
742
872
541
753
591
519
589
650
632
427
561
588
535
590
508
588
447
410
712
536
550
565
524
781
606
679
545
761
566
627
516
613
657
576
556
479
314
528
573
611
697
669
685
516
424
632
461
567
571
735
538
827
714
476
587
499
338
573
645
636
523
606
503
590
720
580
456
715
739
702
625
307
617
587
581
512
626
528
528
446
636
613
506
668
466
659
577
447
801
507
715
536
457
653
739
585
671
498
607
645
539
637
502
676
739
620
635
535
623
706
443
624
499
453
744
641
478
761
651
767
515
420
639
631
650
672
689
547
750
783
692
683
652
611
482
684
551
543
660
650
499
548
660
767
482
515
579
703
492
522
655
662
514
752
691
722
453
539
620
609
705
674
507
506
752
516
670
496
600
724
526
616
726
675
706
480
553
820
604
680
614
727
389
650
717
514
640
492
538
658
720
509
471
523
853
555
746
585
527
483
530
842
585
707
654
526
571
586
667
498
685
722
577
530
700
718
540
445
389
613
580
560
417
536
695
573
446
478
617
576
493
610
628
635
514
538
503
704
472
749
516
655
458
681
493
753
711
637
602
619
365
547
558
575
646
740
544
709
476
310
462
646
656
632
622
638
485
612
599
659
462
639
697
680
673
626
564
527
514
585
754
458
561
578
624
580
663
518
770
585
518
553
743
645
705
562
582
619
438
813
556
583
691
671
569
751
646
522
500
526
567
625
837
633
585
567
524
516
781
459
556
537
636
675
473
590
694
455
579
557
683
581
560
746
777
674
527
657
574
572
419
724
643
647
623
706
708
691
451
611
530
412
532
564
608
498
596
587
572
638
465
599
752
563
493
541
427
561
530
475
514
482
705
569
696
662
719
531
669
519
541
567
645
609
593
545
500
600
731
649
417
490
553
670
527
527
842
518
594
552
523
508
657
558
666
618
590
653
615
651
680
580
577
674
763
669
491
499
555
519
703
617
496
576
529
510
850
601
570
678
780
736
747
601
815
737
550
490
444
614
521
675
576
661
492
577
592
658
845
658
677
819
670
620
643
584
672
530
370
400
547
587
475
543
604
552
561
720
544
811
651
648
460
697
749
713
512
671
731
726
645
491
610
526
745
698
473
682
485
558
455
493
671
575
465
789
643
540
769
729
602
786
717
538
503
556
572
666
551
533
505
611
578
630
596
662
701
590
564
699
764
578
547
466
647
640
640
587
665
374
601
582
636
497
542
627
666
554
577
660
594
555
620
584
748
403
685
810
453
733
539
558
644
534
775
549
442
448
442
632
645
655
586
589
717
372
753
633
616
640
589
415
527
521
565
769
627
511
615
546
467
615
562
583
859
626
598
676
649
505
771
509
465
706
636
770
699
452
718
564
527
604
692
651
577
657
491
690
522
656
679
495
663
654
409
428
806
762
702
617
619
782
568
643
574
370
501
615
745
710
593
649
767
524
463
410
621
486
523
724
476
566
546
734
581
551
415
692
555
588
814
758
729
826
712
770
611
516
671
437
545
561
532
563
571
483
588
706
608
696
709
681
410
557
569
758
751
542
620
671
718
518
571
507
803
524
651
639
605
547
543
618
547
617
485
592
526
531
621
656
824
377
625
654
710
458
516
553
648
588
508
534
639
678
789
659
660
491
690
609
685
611
724
583
726
693
739
341
710
716
592
648
560
504
660
587
512
491
497
658
605
679
588
651
679
528
681
651
642
665
619
642
582
536
400
618
569
692
573
604
688
671
617
633
647
490
510
779
679
603
528
588
602
678
444
646
600
577
592
830
626
643
719
556
615
553
370
519
670
839
576
598
445
741
477
551
439
607
695
636
623
648
703
725
608
476
641
641
506
747
572
663
727
627
381
668
732
662
455
418
663
563
590
562
578
598
597
640
517
532
605
678
577
602
611
626
756
506
535
562
635
593
523
603
557
703
736
778
804
442
772
712
529
657
571
647
419
656
493
802
453
750
651
533
592
490
734
448
742
684
679
634
643
647
643
435
679
463
632
751
653
515
419
667
661
475
628
572
886
762
590
487
723
526
654
543
576
686
411
567
634
625
580
495
622
619
546
440
568
620
538
416
735
775
608
623
556
544
625
504
553
687
619
637
682
658
571
611
689
558
589
381
568
415
670
802
598
677
264
579
672
539
541
736
564
591
508
622
672
697
467
650
506
738
552
380
611
441
652
550
556
481
516
617
757
476
591
585
842
646
444
562
376
431
676
527
530
803
818
580
729
600
527
590
673
558
415
676
605
778
617
698
696
644
562
699
412
655
676
619
533
630
592
470
552
619
651
380
627
453
688
504
491
623
594
660
351
787
510
527
627
520
592
608
551
749
597
592
594
510
622
560
380
534
584
700
703
622
709
697
586
654
539
662
619
584
723
508
648
695
548
735
684
588
698
746
730
539
521
616
806
473
446
705
733
612
520
779
740
536
579
715
579
539
692
631
410
623
364
658
481
582
556
468
600
605
577
412
457
428
609
522
731
419
696
834
495
495
607
465
554
703
544
738
718
596
661
491
279
664
716
511
733
625
632
543
568
595
510
570
626
645
450
539
654
676
510
585
602
567
739
607
526
694
468
605
727
820
715
463
565
744
705
693
729
505
430
699
626
721
504
714
620
407
550
556
461
644
587
648
709
550
469
574
594
768
678
596
558
628
767
581
299
669
628
535
598
594
556
394
501
469
577
570
501
546
686
878
573
580
521
792
439
575
609
586
580
545
533
435
823
782
640
561
500
555
674
724
722
580
614
533
705
650
468
375
861
630
705
734
755
570
809
428
574
510
733
592
399
792
587
547
478
732
524
545
621
435
620
693
640
682
469
602
711
758
594
437
573
626
629
531
494
643
632
586
508
710
536
715
579
695
557
673
645
415
573
590
570
509
691
480
451
722
794
591
661
444
488
597
567
582
774
440
735
655
647
586
565
623
562
577
581
709
550
720
644
617
654
434
479
690
564
491
669
693
591
587
636
649
500
301
463
483
620
760
678
475
323
405
658
798
623
508
562
541
623
639
507
655
702
633
645
740
412
534
557
580
535
490
477
713
583
632
471
767
547
557
703
553
714
560
536
730
759
477
508
654
480
647
443
456
585
646
767
578
445
663
455
708
704
665
604
546
477
788
649
575
460
728
643
681
664
539
513
612
573
777
539
584
519
632
578
625
480
678
560
591
826
655
684
477
662
313
726
716
611
455
486
561
541
641
578
550
586
602
675
529
617
642
693
571
758
713
304
689
578
499
478
606
540
684
487
707
514
589
654
601
425
679
631
572
547
693
551
436
753
602
518
708
613
627
533
555
708
446
729
574
547
727
413
643
593
747
420
627
726
502
708
578
623
639
598
541
485
721
454
557
609
645
672
554
591
536
624
621
455
557
449
471
639
597
612
813
536
613
673
564
435
592
453
616
532
598
751
461
545
532
415
599
554
373
511
729
568
416
593
641
641
612
674
538
520
476
582
734
604
518
749
633
473
645
617
529
588
768
772
491
462
607
582
654
540
646
711
525
702
682
752
654
627
630
582
680
646
532
691
445
590
522
525
562
629
563
512
390
707
634
708
733
648
461
645
501
614
626
592
516
427
610
735
620
682
559
631
451
547
571
598
498
667
587
688
545
720
433
723
625
591
739
508
561
598
802
480
728
543
540
578
681
553
476
798
684
648
627
611
539
624
543
501
615
640
819
493
533
419
631
416
634
512
524
645
447
663
709
632
453
675
549
687
395
616
864
625
606
632
666
613
744
635
502
584
478
598
765
518
370
652
660
741
693
576
811
530
638
683
554
642
742
654
605
533
603
638
635
635
488
557
576
578
744
504
473
589
586
621
586
644
631
481
477
538
524
565
671
419
637
653
419
791
824
477
443
470
613
601
666
541
705
675
600
636
566
611
600
615
726
528
534
763
717
645
461
772
517
451
542
512
788
636
650
610
513
851
606
612
477
712
608
726
703
580
503
409
499
687
587
668
750
436
804
505
547
569
581
492
498
452
482
791
664
501
672
594
560
642
655
547
607
433
508
742
474
601
592
738
568
537
766
514
599
552
619
791
851
411
510
675
675
676
581
681
710
690
717
671
743
573
667
625
437
566
559
643
592
591
617
620
713
551
548
697
569
590
734
537
614
675
554
488
720
606
599
503
599
481
635
509
624
616
708
621
596
447
477
692
592
526
423
527
707
690
517
556
600
609
696
528
499
681
352
636
711
555
609
543
644
411
763
635
343
446
411
619
634
554
573
654
618
520
611
519
522
578
528
642
642
623
483
623
416
481
802
512
390
680
739
508
605
693
547
545
467
528
579
523
691
553
446
569
571
503
683
535
582
665
648
513
617
589
549
549
435
801
542
664
669
596
620
702
373
540
701
363
569
781
643
676
538
610
581
681
497
726
663
598
747
527
514
711
672
501
543
503
561
606
575
558
510
598
333
603
516
577
783
556
599
639
647
523
470
609
676
470
647
615
547
518
615
583
573
631
505
638
409
681
643
629
649
702
629
662
633
646
686
570
596
772
758
694
509
535
575
719
478
625
473
407
605
757
689
503
535
647
605
565
548
393
787
678
726
591
789
689
547
585
466
883
662
503
478
675
593
490
502
552
675
434
732
473
692
762
481
504
602
534
587
390
715
775
614
697
534
808
465
546
718
755
501
757
579
705
685
405
812
590
619
520
454
620
721
584
495
828
700
454
717
484
465
764
642
492
593
604
509
642
758
405
632
425
575
592
365
484
509
666
612
834
712
536
587
454
534
703
554
806
620
571
514
367
668
582
722
438
830
665
693
709
621
593
613
638
542
556
538
525
462
537
618
802
589
610
648
487
666
694
509
493
711
578
699
591
356
539
597
546
482
414
422
616
569
534
619
578
495
868
545
709
613
515
614
651
593
591
633
661
758
665
601
672
555
750
617
644
597
688
581
611
624
548
570
612
647
636
497
596
553
556
467
690
562
637
677
448
640
673
289
503
599
697
570
557
531
626
619
534
696
622
646
409
713
652
482
799
664
544
738
549
554
545
546
774
457
436
598
588
634
498
543
559
425
658
585
538
802
713
556
712
561
556
504
625
648
654
613
511
728
620
645
529
774
616
588
664
539
760
534
490
496
700
471
540
457
613
438
765
612
625
463
514
592
685
782
397
616
527
711
684
578
551
526
435
645
739
461
566
653
564
428
709
616
590
803
561
633
412
685
500
590
631
705
525
732
714
623
562
517
570
493
823
605
592
537
551
510
494
665
597
787
663
546
646
770
522
672
492
707
640
540
706
665
769
519
582
688
562
565
629
700
517
601
401
515
465
838
453
647
702
567
670
605
638
564
609
585
546
683
402
672
610
678
644
461
570
610
487
695
723
524
528
630
762
521
729
348
537
379
392
432
619
528
460
478
521
450
652
501
496
623
521
528
406
567
567
544
699
452
515
434
495
657
442
637
585
795
613
649
783
557
607
502
630
535
589
606
651
597
777
613
613
773
546
645
473
603
640
719
735
496
422
465
804
294
720
537
598
456
653
562
731
827
711
496
639
712
813
391
465
659
737
682
744
550
496
627
673
461
644
811
721
632
599
632
739
658
430
549
635
721
728
589
607
467
742
556
637
524
485
565
720
474
670
726
573
686
651
652
638
494
548
717
505
484
598
684
791
672
405
635
670
616
635
648
639
512
441
553
691
544
402
478
894
647
665
512
552
566
402
643
858
563
724
633
473
742
560
528
694
494
691
527
868
675
397
728
568
508
559
519
627
753
469
569
477
391
632
724
691
479
646
734
589
556
605
617
581
564
770
699
548
656
676
687
661
716
626
713
492
703
760
626
416
601
627
543
668
578
359
591
650
461
824
569
626
512
603
653
376
550
493
551
464
751
601
577
727
653
632
683
544
471
706
680
500
703
731
682
472
616
637
717
619
782
576
493
661
403
621
624
624
691
433
303
640
596
609
504
625
589
606
625
594
591
461
579
466
668
671
667
643
579
694
730
830
540
501
716
764
464
633
607
500
574
557
602
710
514
663
752
511
458
523
515
696
438
499
535
689
553
591
572
668
520
585
668
667
539
677
700
530
617
785
506
613
730
504
673
575
603
870
708
535
517
652
635
623
732
589
778
552
603
778
493
356
722
433
576
610
368
616
459
611
838
526
752
424
521
736
586
596
643
588
689
818
671
510
521
560
720
570
601
496
570
792
606
626
717
492
653
750
819
424
713
704
620
491
565
766
528
618
685
587
687
716
623
627
538
515
625
554
670
590
622
680
691
714
537
600
428
728
687
586
509
677
706
547
714
616
574
763
610
432
702
806
570
595
716
557
579
785
541
537
627
509
651
631
703
606
665
729
701
784
463
683
636
568
504
493
570
669
629
608
802
637
495
466
568
552
632
709
664
632
669
604
580
566
669
673
507
445
440
719
542
575
489
481
611
481
582
553
668
645
644
673
665
590
548
724
791
696
628
790
608
558
535
633
570
666
584
592
583
579
752
623
640
592
421
565
475
397
678
560
579
562
754
659
671
579
626
495
555
579
589
547
463
663
711
619
505
645
587
549
769
332
575
689
571
660
557
717
460
675
562
521
543
444
518
627
614
589
717
610
764
554
766
713
584
483
635
514
585
544
611
671
701
644
594
583
572
554
665
645
447
480
706
722
462
623
610
624
706
629
551
630
533
615
561
685
567
595
712
593
574
640
531
493
694
602
649
929
508
685
698
540
671
596
439
526
481
520
579
560
566
490
659
544
748
455
695
734
719
580
617
726
557
528
443
612
388
592
644
560
674
744
607
592
355
706
390
735
489
582
660
600
719
484
625
348
697
594
554
645
402
672
614
516
896
629
449
659
511
800
729
588
664
653
576
558
625
747
687
541
680
545
601
712
591
476
607
277
567
592
540
593
752
557
612
526
707
705
660
524
568
700
686
625
627
503
584
573
413
681
694
539
753
587
455
586
607
701
653
624
721
563
496
684
520
512
786
629
496
497
404
419
498
716
634
696
543
578
526
581
637
675
648
676
407
482
638
469
494
503
538
531
718
400
660
577
582
602
517
615
867
819
570
699
652
607
695
700
516
629
647
648
670
716
398
645
673
541
847
530
531
565
708
676
617
695
662
528
512
563
616
723
573
822
512
562
349
497
546
598
597
598
484
561
650
574
777
349
545
620
599
656
851
548
578
681
657
503
627
575
693
594
618
601
564
537
621
332
476
601
439
674
427
626
683
654
574
670
827
576
829
476
627
694
604
472
636
509
720
781
563
471
466
626
593
568
639
475
502
632
660
645
463
679
592
686
538
511
638
597
615
421
561
678
555
455
672
643
640
669
555
611
504
504
599
561
650
586
718
626
613
677
446
794
734
391
562
563
546
586
441
759
816
498
501
402
616
575
584
542
562
604
563
356
695
498
460
602
671
810
574
625
719
519
698
505
764
460
510
573
513
525
642
520
702
618
524
661
540
577
521
702
617
627
588
646
665
675
583
591
693
404
691
625
638
670
561
587
673
610
475
486
503
702
562
685
486
730
790
652
751
676
617
659
685
484
584
771
602
651
565
536
543
566
724
607
686
464
538
671
609
799
710
657
469
618
564
520
526
457
687
633
691
766
725
712
571
600
399
672
657
649
585
456
620
548
661
619
717
587
698
784
518
572
562
623
493
662
519
460
569
600
557
679
567
553
639
555
613
409
561
709
477
666
629
583
605
528
828
532
650
552
630
702
495
615
631
552
690
767
672
519
571
668
700
579
636
562
655
618
706
646
393
650
492
518
604
668
663
517
590
731
448
539
674
704
541
479
690
825
686
653
719
542
667
618
560
713
673
584
727
470
512
649
570
512
644
567
427
623
693
612
577
500
687
441
661
561
642
662
517
652
614
587
453
730
640
488
609
580
516
653
594
331
811
622
662
572
465
531
497
637
609
548
593
733
569
536
695
601
651
674
584
536
760
601
457
698
688
545
700
622
637
630
502
608
536
766
632
604
562
509
578
697
419
613
466
725
748
675
725
553
633
728
518
478
625
745
470
486
675
576
506
386
525
580
404
653
627
429
503
708
705
555
667
569
679
451
619
633
478
678
695
613
690
542
713
573
567
601
562
608
701
579
534
485
572
615
574
679
540
580
519
780
595
713
583
788
602
468
432
363
629
530
732
574
805
614
435
458
348
533
476
632
617
690
606
557
640
496
598
535
691
450
684
640
681
568
482
731
755
740
655
497
570
563
564
591
528
589
473
577
582
634
706
402
771
661
651
659
671
559
579
617
476
458
695
610
616
492
749
518
441
681
737
779
907
662
607
711
627
557
579
595
517
502
535
475
345
593
375
442
675
633
454
617
587
560
577
721
614
618
542
571
692
510
716
562
622
632
561
616
369
572
587
628
513
611
496
619
418
538
636
532
525
719
570
621
519
610
582
646
568
502
500
461
701
450
568
493
601
603
712
493
685
649
744
464
618
543
782
622
600
587
738
679
652
661
549
357
668
821
467
508
666
683
652
570
759
691
582
531
551
598
532
618
612
605
566
588
718
565
566
429
608
656
435
570
682
587
541
560
480
641
687
851
586
636
643
499
820
666
435
694
602
357
597
465
688
419
733
734
632
556
326
551
664
310
676
683
575
687
541
671
577
484
490
796
582
709
709
523
667
476
546
568
568
702
756
630
538
599
440
703
582
553
695
739
675
749
466
647
608
665
524
588
605
517
542
577
507
490
561
634
651
547
656
508
634
667
615
421
612
613
759
525
