0
0
0
0
0
0
0
0
0
0
0
0
0
0
0
0
0
0
0
0
0
0
0
0
0
0
0
0
0
0
0
0
0
0
0
0
0
0
0
0
0
0
0
0
0
0
0
0
0
0
0
0
0
0
0
0
0
0
0
0
0
0
0
0
0
0
0
0
0
0
0
0
0
0
0
0
0
0
0
0
0
0
0
0
0
0
0
0
0
0
0
0
0
0
0
0
0
0
0
0
0
0
0
0
0
0
0
0
0
0
0
0
0
0
0
0
0
0
0
0
0
0
0
0
0
0
0
0
0
0
0
0
0
0
0
0
0
0
0
0
0
0
0
0
0
0
0
0
0
0
0
0
0
0
0
0
0
0
0
0
0
0
0
0
0
0.0001
0.0001
0.0001
0.0001
0.0001
0.0001
0.0001
0.0001
0.0001
0.0001
0.0001
0.0001
0.0001
0.0001
0.0001
0.0001
0.0001
0.0001
0.0001
0.0001
0.0001
0.0001
0.0001
0.0001
0.0001
0.0001
0.0001
0.0001
0.0001
0.0001
0.0001
0.0001
0.0001
0.0001
0.0001
0.0001
0.0001
0.0001
0.0001
0.0001
0.0001
0.0001
0.0001
0.0001
0.0001
0.0001
0.0001
0.0001
0.0001
0.0001
0.0001
0.0001
0.0001
0.0001
0.0002
0.0002
0.0002
0.0002
0.0002
0.0002
0.0003
0.0003
0.0003
0.0003
0.0003
0.0003
0.0003
0.0004
0.0004
0.0004
0.0004
0.0004
0.0004
0.0004
0.0004
0.0004
0.0004
0.0004
0.0004
0.0004
0.0004
0.0004
0.0004
0.0004
0.0004
0.0004
0.0004
0.0004
0.0004
0.0004
0.0004
0.0004
0.0004
0.0004
0.0004
0.0004
0.0004
0.0005
0.0005
0.0006
0.0006
0.0006
0.0006
0.0006
0.0006
0.0006
0.0006
0.0007
0.0008
0.0008
0.0008
0.0008
0.0008
0.001
0.0011
0.0011
0.0011
0.0011
0.0011
0.0011
0.0012
0.0012
0.0012
0.0012
0.0012
0.0012
0.0012
0.0012
0.0014
0.0014
0.0015
0.0015
0.0015
0.0015
0.0015
0.0016
0.0016
0.0016
0.0016
0.0016
0.0016
0.0016
0.0016
0.0017
0.0017
0.0017
0.0021
0.0021
0.0022
0.0023
0.0023
0.0023
0.0023
0.0023
0.0023
0.0024
0.0026
0.0026
0.0026
0.0026
0.0028
0.0029
0.0029
0.0029
0.003
0.0031
0.0031
0.0031
0.0031
0.0033
0.0034
0.0036
0.0037
0.0037
0.004
0.0042
0.0042
0.0043
0.0045
0.0051
0.0052
0.0055
0.0057
0.0058
0.0059
0.0062
0.0063
0.0066
0.0066
0.0067
0.0072
0.0076
0.0079
0.0081
0.0082
0.0084
0.0085
0.0085
0.0088
0.0091
0.0093
0.0096
0.01
0.0101
0.0101
0.0104
0.0107
0.0108
0.0109
0.0111
0.0115
0.0122
0.0125
0.013
0.0133
0.0137
0.0138
0.0145
0.0148
0.015
0.0155
0.0158
0.0163
0.0165
0.0168
0.0171
0.0176
0.0182
0.0186
0.0194
0.0201
0.0205
0.0209
0.0217
0.0221
0.0225
0.0231
0.0238
0.0244
0.0246
0.0253
0.0257
0.026
0.0268
0.0276
0.0286
0.0289
0.0295
0.0297
0.0301
0.0309
0.0318
0.0334
0.0339
0.0354
0.036
0.0368
0.0373
0.0379
0.0394
0.0397
0.0402
0.0408
0.0417
0.0427
0.0436
0.0444
0.045
0.0457
0.0469
0.0479
0.0487
0.0489
0.0499
0.0508
0.0522
0.0533
0.0552
0.0562
0.0569
0.058
0.0596
0.0613
0.0625
0.0638
0.0649
0.0669
0.0685
0.0701
0.0715
0.073
0.0755
0.0766
0.0782
0.0793
0.0807
0.0822
0.0841
0.0854
0.0877
0.0898
0.0918
0.0938
0.0952
0.0968
0.0989
0.1001
0.1021
0.1036
0.1059
0.1068
0.1087
0.1111
0.1134
0.1154
0.1177
0.1196
0.1212
0.1232
0.1245
0.1271
0.129
0.1307
0.1323
0.1339
0.136
0.1377
0.1392
0.1414
0.1442
0.1462
0.1488
0.1507
0.1538
0.1553
0.1581
0.1611
0.1635
0.1654
0.1674
0.1709
0.174
0.1765
0.1784
0.1813
0.1841
0.187
0.1898
0.1932
0.1957
0.1994
0.2018
0.2054
0.2084
0.2115
0.2142
0.2178
0.2206
0.2234
0.2265
0.2291
0.2328
0.235
0.2375
0.2401
0.2432
0.2453
0.2484
0.2522
0.2554
0.2599
0.2635
0.2671
0.2698
0.2738
0.2762
0.2792
0.2823
0.2854
0.2885
0.2911
0.2945
0.2979
0.3018
0.3057
0.3095
0.3121
0.3165
0.3209
0.3245
0.3278
0.3307
0.3348
0.3391
0.3428
0.3461
0.3499
0.352
0.3561
0.3599
0.3633
0.3673
0.371
0.374
0.3773
0.3823
0.3857
0.3893
0.3922
0.3969
0.401
0.4043
0.4083
0.413
0.4163
0.4199
0.4235
0.4281
0.4322
0.4369
0.4396
0.4431
0.4479
0.4517
0.4564
0.4595
0.4637
0.4675
0.4714
0.475
0.4791
0.4836
0.4874
0.4909
0.4956
0.5002
0.5041
0.508
0.5111
0.5153
0.519
0.5226
0.5268
0.5307
0.5344
0.5372
0.5413
0.5457
0.5487
0.5528
0.5565
0.5605
0.5645
0.5676
0.5725
0.5771
0.5804
0.5837
0.588
0.5911
0.5942
0.5974
0.6017
0.606
0.6103
0.6133
0.616
0.6193
0.6223
0.6261
0.6316
0.6353
0.6384
0.6419
0.6445
0.6491
0.6521
0.6561
0.6597
0.6634
0.6665
0.67
0.6745
0.6785
0.6812
0.6859
0.6892
0.6933
0.6977
0.7005
0.7041
0.7072
0.7107
0.7136
0.7169
0.7194
0.7227
0.726
0.729
0.7331
0.7362
0.7403
0.7428
0.7469
0.7492
0.7529
0.756
0.7577
0.7612
0.7637
0.7678
0.7703
0.7727
0.7756
0.78
0.7834
0.786
0.7888
0.7916
0.7946
0.7972
0.8002
0.8036
0.8059
0.8087
0.8109
0.8132
0.8161
0.8185
0.8221
0.8249
0.8269
0.829
0.8316
0.8343
0.8365
0.8386
0.8416
0.8441
0.8461
0.8488
0.8515
0.8543
0.8568
0.8587
0.8615
0.8639
0.8655
0.8685
0.8706
0.8732
0.876
0.8782
0.8798
0.8821
0.8838
0.8858
0.8879
0.8893
0.892
0.8946
0.8966
0.8987
0.9004
0.9023
0.9043
0.9059
0.9076
0.9089
0.9118
0.9136
0.9149
0.9163
0.9171
0.9191
0.9204
0.9223
0.9237
0.9253
0.9264
0.9285
0.9301
0.9316
0.9328
0.9333
0.9348
0.9362
0.9371
0.9383
0.9394
0.9402
0.9419
0.9425
0.9437
0.9452
0.9464
0.9473
0.9486
0.9492
0.9501
0.9505
0.9517
0.9535
0.955
0.9561
0.9572
0.9582
0.9592
0.9605
0.9611
0.9623
0.9637
0.9647
0.9658
0.9663
0.9672
0.9678
0.9684
0.9697
0.9701
0.9708
0.9714
0.9721
0.9724
0.9728
0.9732
0.974
0.9747
0.9753
0.9756
0.9762
0.9766
0.9772
0.9777
0.9784
0.9788
0.9793
0.9798
0.9803
0.981
0.9813
0.9816
0.982
0.982
0.9823
0.9828
0.9832
0.9833
0.9838
0.9841
0.9844
0.9846
0.9848
0.9853
0.9861
0.9861
0.9867
0.9868
0.9874
0.9876
0.9879
0.9881
0.9883
0.9885
0.9891
0.9892
0.9893
0.9895
0.9897
0.9898
0.9899
0.9899
0.9903
0.9905
0.9907
0.9909
0.9912
0.9913
0.9916
0.9918
0.9919
0.9921
0.9924
0.9927
0.993
0.9932
0.9934
0.9934
0.9936
0.9937
0.9941
0.9941
0.9942
0.9943
0.9943
0.9946
0.9949
0.9951
0.9953
0.9954
0.9956
0.9956
0.9957
0.9958
0.9959
0.996
0.9961
0.9964
0.9964
0.9966
0.9968
0.997
0.9971
0.9972
0.9973
0.9973
0.9973
0.9974
0.9976
0.9976
0.9977
0.9978
0.9978
0.9978
0.9979
0.998
0.998
0.998
0.9982
0.9984
0.9984
0.9986
0.9986
0.9986
0.9986
0.9986
0.9986
0.9986
0.9987
0.9987
0.9987
0.9987
0.9987
0.9987
0.9987
0.9987
0.9987
0.9987
0.9987
0.9987
0.9988
0.9989
0.9989
0.999
0.9991
0.9991
0.9991
0.9991
0.9991
0.9992
0.9992
0.9992
0.9992
0.9994
0.9995
0.9995
0.9996
0.9996
0.9996
0.9997
0.9997
0.9997
0.9997
0.9997
0.9997
0.9997
0.9997
0.9997
0.9998
0.9999
0.9999
0.9999
0.9999
0.9999
0.9999
0.9999
0.9999
0.9999
0.9999
0.9999
0.9999
0.9999
0.9999
0.9999
0.9999
0.9999
0.9999
0.9999
0.9999
0.9999
0.9999
0.9999
0.9999
0.9999
1
1
1
1
1
1
1
1
1
1
1
1
1
1
1
1
1
1
1
1
1
1
1
1
1
1
1
1
1
1
1
