737	734
581	704
477	633
578	550
501	572
715	624
678	613
748	481
630	675
677	574
631	547
337	415
805	525
680	702
574	542
744	403
687	739
452	664
721	675
544	490
536	561
458	389
588	528
704	448
722	758
643	605
483	665
583	540
613	577
624	568
790	504
433	471
513	696
685	679
668	725
503	703
524	630
600	706
557	519
702	598
610	579
516	637
553	762
600	572
553	634
523	667
511	436
655	571
537	768
590	696
637	510
540	664
554	697
491	595
329	608
700	486
654	623
548	730
669	473
575	654
671	670
542	719
679	568
570	399
651	487
617	607
501	566
650	519
587	598
563	623
731	578
618	585
630	516
629	663
566	704
676	641
570	459
630	511
582	561
450	473
558	760
573	785
518	730
711	410
792	708
467	639
638	542
722	515
663	490
803	629
900	545
541	605
659	483
677	535
557	500
662	809
635	510
587	661
519	423
497	621
722	619
618	611
629	510
524	597
715	528
661	630
469	497
525	358
469	687
477	548
620	592
523	659
602	724
509	618
576	801
548	502
490	732
782	617
774	598
744	561
580	779
481	550
612	435
673	682
699	470
667	697
558	710
343	496
556	542
528	712
577	530
602	578
699	575
573	621
573	628
688	694
595	486
661	437
522	581
658	715
568	666
435	652
623	690
646	630
722	657
785	725
649	579
524	501
535	673
541	631
709	708
621	532
674	645
464	591
648	642
578	462
584	548
614	601
512	450
620	408
602	595
548	490
632	556
646	386
498	684
781	517
573	735
668	426
482	658
371	673
435	668
445	624
506	557
619	435
784	384
514	720
639	579
532	784
601	575
619	655
708	486
541	432
596	425
614	491
609	424
599	606
550	772
714	410
558	580
616	619
668	724
637	601
650	588
691	476
636	880
602	487
616	687
625	781
541	764
861	617
681	558
640	759
571	514
747	708
645	756
504	516
786	597
556	781
550	379
585	639
575	558
635	695
587	553
474	338
536	657
572	555
383	454
554	685
489	692
550	560
602	582
698	480
424	519
557	463
645	461
568	586
572	612
752	606
606	546
709	575
419	455
815	665
638	716
542	771
584	459
607	533
522	461
706	457
540	773
663	571
602	529
687	696
640	746
714	531
498	637
348	597
380	400
679	438
492	584
584	555
564	562
491	735
662	701
650	752
517	575
607	594
604	515
459	428
802	563
735	569
557	679
496	443
758	554
556	502
555	659
735	524
608	542
522	435
601	577
357	461
837	773
657	626
472	518
516	390
672	495
622	596
563	580
571	671
411	681
598	526
689	773
616	309
560	746
510	714
711	660
800	707
556	400
542	482
675	513
540	601
554	648
702	630
651	680
639	692
676	607
499	626
537	562
532	511
625	492
635	521
582	572
688	699
549	508
596	562
735	631
493	606
374	744
433	650
621	734
483	569
729	589
627	596
416	461
444	576
587	586
665	697
690	561
612	739
453	540
677	474
783	687
554	672
643	585
555	659
545	636
619	678
551	516
531	649
589	526
466	416
549	531
522	621
713	553
451	561
621	724
599	542
504	422
505	581
533	640
326	661
534	478
594	536
563	733
680	662
585	573
365	472
737	489
505	607
592	663
551	562
681	722
681	548
567	606
573	726
754	551
554	572
587	673
526	511
618	611
485	647
559	505
601	573
587	613
528	552
471	369
500	751
607	653
487	598
561	442
476	610
525	494
731	491
490	536
465	554
463	623
403	649
573	664
605	742
785	528
494	736
671	608
616	641
592	602
583	455
487	552
604	591
564	578
681	675
657	610
598	416
506	598
601	576
420	624
557	646
625	587
710	609
667	580
617	704
536	738
539	658
689	534
482	505
552	557
751	589
623	592
559	617
764	766
458	619
771	744
494	590
676	730
778	738
502	483
694	680
596	533
501	632
375	524
534	841
505	482
672	669
782	363
484	678
379	681
714	573
471	574
578	585
523	574
455	764
717	645
648	713
683	529
744	726
517	668
695	684
510	563
587	570
665	670
555	520
503	616
529	622
706	484
629	471
649	657
613	801
643	634
712	707
644	770
663	516
603	667
689	424
625	684
609	572
601	549
748	557
638	625
628	342
513	535
743	672
348	701
520	500
656	656
532	651
733	597
529	704
437	373
543	598
496	466
641	514
687	668
643	391
657	488
701	605
650	446
485	535
685	401
606	649
471	766
543	614
387	664
652	765
642	554
499	731
712	593
671	592
646	620
504	470
611	546
493	415
624	521
638	613
806	601
663	584
728	542
509	578
740	602
806	565
602	676
713	484
779	596
864	533
636	643
555	697
681	714
394	528
696	638
725	551
677	629
686	428
476	751
680	372
864	628
709	309
524	594
687	510
630	455
571	527
487	786
678	499
617	814
593	586
673	603
528	430
571	628
664	710
550	523
658	723
803	642
616	641
574	664
577	630
668	582
462	582
555	611
434	660
384	756
587	448
613	841
449	724
413	547
729	658
375	422
545	556
661	888
607	445
543	630
587	617
712	620
528	803
506	550
623	692
684	632
684	761
578	566
627	570
512	595
534	652
641	586
584	589
292	556
618	756
535	559
602	702
608	392
436	325
619	688
515	572
619	557
679	598
682	496
625	521
456	607
688	596
414	476
549	562
450	469
665	720
552	629
464	586
759	682
685	625
604	656
526	657
735	565
593	600
579	574
531	555
577	712
566	589
556	714
629	599
607	436
686	423
653	643
574	485
657	553
600	620
495	646
586	619
416	735
574	645
500	614
598	551
666	491
625	737
404	747
747	657
625	670
485	626
602	482
591	596
487	549
406	577
746	747
479	507
662	843
635	610
709	681
684	539
656	626
764	462
604	655
710	662
641	222
848	511
759	545
390	611
555	561
569	669
616	468
562	545
571	744
647	741
566	594
606	687
498	490
540	793
649	634
746	638
708	437
579	556
604	724
469	754
749	611
617	651
483	474
740	783
609	632
830	608
561	537
527	608
653	556
512	562
553	788
583	690
618	594
615	645
445	564
472	562
682	733
547	780
563	468
611	687
628	572
744	444
399	478
487	708
570	504
531	768
509	599
516	630
539	469
676	636
676	471
578	781
587	698
626	583
521	278
514	763
586	766
610	443
632	649
552	744
690	613
454	660
664	563
723	378
478	609
683	549
636	619
698	655
313	582
674	653
629	340
475	572
666	560
607	549
504	760
764	681
716	507
650	653
796	518
696	662
694	568
656	643
487	652
668	755
497	661
606	548
674	626
631	696
845	596
590	743
454	653
515	334
661	577
550	454
746	603
616	757
682	736
587	575
563	533
468	638
641	752
784	526
577	672
914	520
576	660
562	569
593	620
547	581
666	533
532	590
636	712
576	505
778	468
735	630
567	900
524	577
571	541
690	528
576	750
648	565
578	468
628	652
686	699
431	459
501	624
517	427
523	355
508	565
465	512
384	729
507	603
506	784
629	620
628	645
625	583
580	648
590	725
575	596
711	493
646	695
477	429
607	566
551	682
738	722
618	670
510	445
721	530
534	727
608	612
494	638
502	489
633	358
582	580
651	573
565	472
577	582
658	598
576	679
567	702
677	643
556	611
558	417
564	571
520	638
553	601
633	578
602	572
528	447
563	666
477	727
609	647
695	744
757	405
525	614
538	578
681	429
659	655
737	477
687	534
529	538
578	473
630	642
807	673
575	658
663	605
641	596
823	502
708	538
451	706
646	702
574	601
509	493
592	569
772	575
659	580
718	567
709	564
604	670
690	573
649	630
595	707
536	580
558	592
661	583
553	609
632	741
562	501
552	634
841	633
505	478
739	449
726	587
589	677
628	611
437	472
673	640
645	608
545	381
564	779
663	367
389	566
604	479
680	682
586	538
607	766
499	536
768	496
618	427
550	483
456	532
544	727
527	689
559	401
537	576
436	521
442	702
673	496
625	615
591	664
419	482
485	641
750	568
576	812
680	634
715	644
595	652
587	411
705	501
652	592
442	676
634	641
646	607
656	568
525	562
557	734
697	735
567	567
686	574
589	553
543	602
674	566
760	472
644	709
544	598
403	626
824	657
627	571
712	457
496	630
693	609
517	452
767	532
488	496
565	680
583	549
531	649
508	450
730	584
681	523
418	523
637	564
412	745
602	628
568	638
706	510
430	550
633	397
758	712
449	471
639	623
629	577
553	759
571	540
580	544
695	763
552	771
688	504
619	718
767	572
804	578
596	646
507	495
700	730
594	613
739	704
596	656
662	677
533	560
455	578
512	677
608	686
589	609
537	729
575	548
478	541
610	556
577	652
508	534
595	519
474	753
566	521
708	579
667	577
536	620
605	437
795	684
638	626
563	692
645	530
565	598
673	579
575	689
535	640
561	811
641	527
474	808
398	600
867	550
533	532
730	629
478	658
587	486
535	658
509	605
631	480
631	568
714	687
604	501
418	662
448	492
490	587
654	476
636	579
692	475
421	650
654	616
473	585
286	567
505	589
277	683
812	569
628	908
530	687
541	618
651	574
602	862
814	528
544	488
450	737
623	766
667	545
526	509
551	643
469	631
567	523
579	462
612	624
558	761
606	758
666	709
520	614
675	661
525	452
590	574
812	538
689	736
569	585
652	662
585	645
595	724
640	761
602	586
587	618
756	740
464	592
636	597
819	630
705	338
620	639
526	595
557	611
474	622
596	578
383	470
574	702
558	698
686	654
531	667
619	659
563	819
526	494
704	521
377	545
477	467
583	671
535	498
471	519
808	548
716	822
662	629
571	658
620	752
614	466
536	565
710	537
484	595
477	665
552	585
498	828
485	490
495	628
450	667
812	747
583	496
673	614
866	374
620	385
799	675
558	449
613	580
493	542
430	579
707	429
622	646
544	605
708	735
625	489
779	618
612	573
516	613
825	670
694	505
496	635
767	683
650	671
447	511
685	580
650	601
689	662
842	717
616	581
589	631
570	756
547	539
646	719
482	655
548	803
672	588
489	641
504	553
604	500
570	466
674	746
696	676
539	549
482	491
479	655
489	761
699	786
497	555
555	625
579	622
349	503
682	653
679	760
603	475
529	359
678	612
477	592
766	491
609	559
590	849
576	614
569	670
595	408
500	639
620	757
433	637
380	487
834	776
428	703
370	620
588	775
627	651
553	657
524	630
537	453
560	580
526	757
555	486
529	715
690	608
540	679
516	547
510	543
430	476
749	592
557	802
492	666
669	423
649	837
554	565
584	534
554	676
506	396
703	569
549	537
612	520
635	534
631	547
724	758
535	671
494	722
814	547
593	406
612	714
593	556
740	500
380	509
717	658
564	652
675	783
557	531
686	478
561	595
561	698
683	583
696	607
525	558
579	594
464	620
497	805
441	585
839	577
696	328
551	585
725	543
779	629
512	695
647	563
561	645
619	641
636	430
590	686
430	327
603	793
773	675
555	632
421	526
628	741
444	517
559	616
733	689
546	606
533	412
700	424
517	588
438	529
445	488
560	476
596	687
597	656
895	780
623	643
545	622
680	793
613	642
628	576
507	543
509	700
616	779
529	720
440	592
622	543
610	611
368	703
494	599
517	624
502	595
619	564
608	617
585	462
539	347
540	488
697	525
581	638
725	471
668	793
858	689
725	500
478	638
591	562
470	700
529	616
663	760
479	593
549	679
787	406
623	365
685	487
739	504
499	683
676	601
625	586
644	700
511	787
624	572
677	710
495	615
632	533
572	752
598	600
566	656
497	485
430	619
717	635
747	656
568	514
564	736
552	806
559	550
472	703
605	589
584	647
677	524
651	430
562	570
438	562
501	603
614	716
600	494
644	465
491	601
685	716
473	379
669	603
510	486
762	670
621	407
640	793
531	337
679	622
727	492
712	468
590	581
719	622
676	682
641	515
518	670
670	615
554	757
733	607
394	650
776	613
652	515
664	698
515	621
462	528
508	686
627	625
491	456
633	626
618	852
581	615
570	596
637	808
491	660
415	758
642	531
651	571
895	606
499	730
684	676
512	635
685	557
410	581
761	645
594	563
738	698
728	571
673	757
627	572
467	676
776	544
643	757
682	548
609	700
554	561
702	568
708	629
653	519
636	726
701	598
543	624
580	608
506	565
730	712
591	606
577	543
621	718
507	612
601	699
557	733
742	611
627	641
595	519
585	462
445	697
770	393
563	526
671	582
590	464
561	380
518	608
632	567
413	592
611	599
499	638
701	709
498	459
623	477
790	785
509	662
635	663
841	594
674	660
504	570
647	670
501	481
534	796
675	509
553	467
588	660
450	313
486	514
638	489
786	517
512	436
561	572
713	822
479	416
500	809
695	457
575	625
646	475
581	639
574	544
622	574
659	570
598	355
677	538
368	672
569	596
571	518
551	649
541	580
535	728
638	663
714	641
662	366
622	694
542	595
531	535
442	541
675	642
522	524
651	565
610	664
547	445
667	612
702	590
603	732
548	436
567	570
499	531
525	507
709	507
504	463
509	694
553	588
538	647
672	709
424	659
798	553
514	517
597	668
721	809
389	621
621	307
586	489
643	499
512	632
544	675
524	552
623	668
355	557
569	568
514	658
558	635
503	815
706	785
646	716
554	686
634	504
571	622
536	587
512	584
507	592
644	508
638	611
757	617
652	592
674	599
507	687
615	641
467	269
708	661
613	674
633	727
556	515
622	586
533	720
584	527
719	602
556	653
494	512
630	553
512	530
550	538
636	592
599	556
648	554
812	664
636	700
677	626
575	458
630	697
438	500
726	541
438	599
627	658
647	546
579	771
582	706
669	728
554	416
615	597
736	534
634	478
449	493
611	438
411	873
391	589
743	638
669	567
696	618
629	503
663	615
586	604
524	734
512	596
429	586
611	598
641	448
495	656
594	570
545	582
597	628
449	636
710	784
677	519
564	615
643	558
680	594
577	655
650	726
512	661
563	643
753	567
560	629
549	507
627	618
579	649
785	700
746	642
609	651
569	589
573	502
555	638
755	700
471	490
576	553
390	677
689	558
517	566
696	578
763	321
497	655
582	576
660	685
591	628
598	808
491	718
494	649
565	556
628	608
567	774
660	640
559	637
614	632
682	629
564	621
490	514
605	683
588	580
537	528
647	428
814	609
527	682
591	606
615	726
675	531
523	590
686	615
635	611
397	663
537	624
508	455
710	573
696	667
605	564
460	672
549	499
662	647
669	445
729	728
573	539
722	597
617	534
644	555
724	751
572	768
387	721
626	620
691	533
503	698
419	609
543	490
671	742
706	537
477	602
532	688
589	600
682	567
479	501
483	502
659	785
929	632
687	850
661	550
457	720
567	537
858	615
676	640
463	465
510	406
499	561
477	558
620	872
625	417
542	687
642	685
499	712
473	515
552	613
532	445
477	569
542	536
592	486
773	665
448	639
665	603
709	408
671	522
386	635
598	616
646	515
716	431
671	463
414	506
443	601
791	737
621	675
641	614
488	668
535	710
561	532
717	586
614	525
685	489
502	596
589	608
659	786
425	515
579	538
676	535
655	627
628	623
656	526
541	489
624	594
612	579
478	566
816	483
475	632
628	829
538	453
469	554
578	599
759	650
680	603
696	655
681	583
545	842
527	617
473	579
559	702
633	535
838	729
646	485
463	645
696	607
690	726
622	527
597	577
567	642
647	545
592	550
543	476
665	651
484	524
538	538
616	578
546	557
575	611
637	564
669	372
610	422
373	709
456	663
616	652
734	745
633	597
638	740
437	406
498	614
537	648
465	960
554	640
613	785
659	628
692	450
600	597
590	691
416	541
713	647
523	679
768	659
519	713
627	703
568	529
563	599
534	567
699	762
653	725
563	463
658	704
760	591
776	431
550	622
493	650
616	351
572	652
821	561
605	665
615	461
581	673
627	625
532	636
599	535
452	694
544	792
638	662
625	629
556	652
595	788
661	592
915	423
391	598
739	561
548	561
502	502
502	480
647	700
526	494
679	666
458	756
561	764
655	561
540	783
613	560
799	554
639	720
555	537
587	628
574	527
717	501
639	560
601	592
726	590
613	701
734	617
606	684
601	545
574	689
422	561
749	531
465	694
461	458
700	661
500	626
540	673
808	511
531	582
505	528
548	540
585	689
874	577
472	658
575	457
565	679
679	603
627	672
625	507
578	563
636	587
600	607
612	515
537	616
689	625
488	569
567	475
413	630
566	661
575	731
615	561
570	612
651	653
509	585
532	557
760	438
520	561
720	596
558	481
634	565
753	562
579	608
577	669
593	403
527	584
733	620
545	507
566	698
492	813
588	600
543	592
604	776
586	635
387	375
461	516
719	463
703	544
625	546
671	676
779	544
723	523
426	523
513	587
633	656
576	770
669	766
731	370
687	532
607	699
498	423
615	580
572	494
738	691
720	623
593	693
562	572
615	598
792	695
588	618
381	551
586	462
944	679
701	569
646	671
657	604
294	616
600	625
623	631
460	660
772	587
529	678
400	642
533	468
698	482
553	566
643	849
673	570
764	550
628	732
583	512
560	704
578	481
648	649
675	722
490	573
630	530
524	606
729	490
573	768
542	647
556	740
592	737
581	444
682	457
536	648
681	354
475	668
525	625
525	597
531	495
661	578
752	509
520	445
521	468
625	573
621	637
505	694
833	523
613	482
632	510
754	568
508	652
725	511
424	640
576	568
571	637
644	737
566	606
598	544
497	705
388	433
648	392
593	518
722	676
671	617
674	543
600	698
502	517
692	559
605	675
569	602
852	675
764	578
505	731
435	597
656	542
599	615
578	825
714	735
634	605
714	718
552	492
557	631
530	669
540	686
637	396
548	586
612	899
696	448
543	579
826	683
671	469
703	465
578	649
750	579
725	581
632	722
651	845
655	559
657	485
608	621
498	778
608	563
615	529
737	650
508	596
761	736
689	621
624	553
610	718
566	568
579	457
670	692
519	722
609	564
586	531
763	664
524	583
617	664
473	450
754	454
521	566
537	646
624	623
581	545
701	380
516	453
677	526
560	549
517	734
443	584
501	668
479	638
676	647
536	568
572	598
380	488
701	674
525	548
630	607
532	598
624	669
356	857
577	703
778	621
400	633
531	448
518	599
681	545
562	724
509	688
526	610
663	650
565	659
562	469
461	606
756	580
786	575
455	530
632	671
695	639
613	688
507	702
795	534
580	545
479	531
550	615
797	717
580	640
544	697
726	697
530	597
647	281
519	642
604	437
611	562
736	635
582	508
583	619
625	552
436	598
372	645
451	500
612	621
619	671
716	660
713	625
529	667
626	735
588	472
667	525
449	477
417	437
504	450
442	509
541	637
676	619
455	672
570	651
708	616
575	584
597	518
635	653
545	697
623	639
789	736
634	621
378	526
710	583
577	684
715	536
555	582
486	638
610	603
721	552
528	429
608	619
563	676
594	584
543	639
518	804
664	584
577	793
512	634
474	567
739	463
593	669
545	658
407	632
508	557
563	662
733	465
651	484
444	477
574	578
589	645
855	599
547	770
424	700
605	601
466	458
674	690
525	490
732	645
727	569
641	596
668	513
643	442
715	645
584	411
652	550
596	672
595	685
737	571
501	454
435	598
744	497
527	587
607	444
618	515
570	761
576	563
684	685
695	541
546	549
610	656
667	654
480	519
642	637
705	653
703	686
555	756
596	423
605	638
754	435
648	514
582	484
549	657
609	623
508	551
567	672
354	516
503	821
514	580
527	546
706	436
582	672
605	703
425	494
735	509
644	575
691	423
555	490
508	476
658	695
564	637
368	404
514	409
653	641
602	604
544	748
404	594
726	620
628	591
623	645
544	565
553	804
805	817
550	604
574	532
584	797
740	578
680	629
673	577
520	671
653	700
710	527
580	658
569	673
501	632
535	658
484	549
619	784
574	551
519	638
552	570
565	594
576	476
428	654
546	761
652	536
631	677
576	518
704	691
407	632
455	628
471	591
581	459
517	485
630	571
576	537
616	561
780	604
547	598
716	599
595	525
896	648
688	785
722	681
712	701
624	728
600	643
698	556
677	599
501	702
578	697
639	692
591	442
368	746
525	482
551	555
608	793
601	892
405	446
532	620
592	387
606	482
553	592
648	803
609	771
555	490
524	698
689	655
539	382
610	716
812	560
686	498
552	550
625	494
595	583
516	645
652	634
650	591
657	612
902	632
644	601
595	852
633	592
629	484
661	415
626	532
588	551
698	619
496	617
604	604
549	469
644	592
667	625
473	491
658	801
564	622
879	695
696	580
723	589
713	770
746	691
573	633
567	503
558	595
629	615
718	492
702	540
647	560
786	637
785	562
727	522
448	623
509	754
408	555
616	473
373	641
645	650
518	454
713	652
475	468
538	692
444	753
792	620
626	578
675	836
658	557
569	467
489	664
628	664
546	666
525	488
761	452
587	682
530	658
727	689
717	310
541	737
445	721
573	491
628	659
536	769
533	541
556	604
589	552
567	843
523	560
525	539
592	652
320	634
713	458
610	607
549	732
633	585
581	709
624	622
491	522
593	538
746	489
414	511
631	629
764	627
612	676
699	478
710	559
581	603
655	502
563	705
578	711
690	488
597	658
523	657
594	770
829	766
404	612
494	525
511	498
530	509
557	404
692	465
611	532
731	570
557	626
664	630
742	526
602	489
591	627
711	534
661	696
730	674
805	590
593	440
559	643
517	468
304	586
536	734
609	637
649	536
702	742
416	455
592	642
574	584
819	530
519	542
628	534
598	487
642	574
623	809
534	731
585	597
593	465
543	634
519	860
659	599
605	670
539	804
637	517
530	764
625	837
537	537
739	613
533	666
499	651
683	753
543	597
528	626
560	670
434	815
573	700
600	592
634	818
511	780
680	549
621	496
568	631
694	405
525	648
435	502
550	629
681	640
617	625
669	712
713	592
441	749
647	584
683	601
681	501
652	650
781	646
511	498
537	544
647	603
541	623
661	436
520	458
581	491
619	533
287	522
572	740
459	677
758	464
584	604
696	538
712	586
419	503
498	641
537	474
621	747
568	410
527	493
682	772
785	614
661	386
654	671
640	488
755	525
434	711
457	536
466	416
565	428
808	329
584	450
422	545
591	663
860	649
730	419
713	489
682	628
848	654
764	724
497	424
648	668
528	582
761	565
510	525
704	755
614	723
525	534
520	619
607	653
612	577
486	746
471	592
689	624
749	764
564	474
578	697
547	612
492	533
530	725
778	614
616	502
677	389
571	556
625	693
573	656
562	659
599	513
500	882
761	705
581	599
632	729
669	551
593	695
667	349
860	583
610	667
608	617
522	515
633	454
766	546
570	635
640	413
569	664
596	538
469	465
521	403
391	623
665	645
639	504
437	571
732	767
583	633
404	635
569	469
466	715
731	510
624	584
508	634
686	547
652	634
458	631
610	706
564	497
707	646
405	603
472	532
740	626
620	486
567	533
493	720
523	507
487	770
620	367
619	492
535	532
616	595
574	482
500	497
542	656
583	508
654	632
733	644
612	419
551	488
755	657
743	694
655	528
596	555
705	403
563	627
688	614
575	723
516	547
622	619
449	647
519	561
658	487
666	511
653	668
685	472
430	578
708	696
599	649
637	447
593	670
637	624
524	658
624	538
670	513
459	515
600	668
723	583
705	663
743	641
520	388
688	564
559	699
600	690
429	614
559	710
574	815
614	591
454	608
667	592
575	541
516	524
792	641
624	614
559	797
623	608
673	552
618	664
526	630
599	621
550	631
600	694
601	476
653	561
517	695
650	722
851	601
630	560
667	579
521	617
556	525
506	710
693	669
515	603
688	506
653	575
763	811
648	424
609	638
727	633
682	603
562	646
631	517
464	619
550	507
484	427
652	421
629	601
537	469
584	525
651	507
496	617
622	510
690	641
575	693
634	484
740	462
657	452
560	598
530	592
495	674
650	552
477	572
584	520
591	632
678	622
584	687
332	742
483	796
368	696
634	641
782	478
677	616
536	477
784	570
588	582
590	647
620	652
368	676
436	560
673	575
629	638
836	640
637	508
484	628
574	617
569	722
518	638
697	544
645	486
713	666
543	444
582	570
692	592
385	637
589	620
548	619
484	593
645	559
532	591
566	733
498	471
772	561
586	631
576	442
672	677
612	766
670	668
716	721
728	737
626	649
550	601
558	495
596	537
604	388
604	420
506	464
565	464
730	569
630	771
685	777
685	653
548	654
437	596
752	600
440	680
621	618
699	579
648	635
511	450
549	512
633	712
695	733
739	471
418	447
580	504
698	470
519	637
613	499
679	709
650	662
636	747
534	405
617	783
569	687
516	602
437	572
704	461
721	541
568	609
602	590
574	730
580	803
558	725
712	633
634	587
582	535
467	585
596	699
695	487
526	704
580	632
642	563
437	795
512	643
607	674
619	619
783	617
582	596
675	632
625	703
771	596
611	533
681	654
704	647
552	503
731	604
606	639
382	929
522	902
546	595
498	663
810	446
490	458
681	515
686	456
594	466
636	474
574	689
601	533
562	702
593	724
490	426
679	592
436	745
598	716
570	471
730	595
874	616
541	544
459	648
519	582
694	523
588	595
718	436
687	558
561	600
460	584
505	642
785	572
666	583
623	634
513	497
557	518
440	480
469	581
608	734
768	573
590	593
602	400
572	443
716	778
712	571
603	676
705	527
562	782
615	617
693	687
577	667
652	544
731	648
667	623
575	648
538	685
469	714
520	495
587	631
442	574
721	573
704	752
398	616
584	353
746	651
647	502
615	699
616	695
509	676
455	584
701	531
606	426
591	628
550	547
473	548
642	605
642	653
470	425
632	475
547	704
658	463
786	808
647	578
411	572
579	468
709	616
481	412
544	540
656	677
536	708
647	595
614	617
360	696
509	542
562	558
562	718
546	508
706	705
601	638
582	522
463	619
594	631
654	452
703	574
604	595
263	453
509	706
669	448
564	680
544	600
647	588
592	687
601	621
779	475
647	670
619	545
615	522
570	575
631	599
475	745
526	460
612	491
497	632
592	546
475	714
695	417
509	657
727	676
606	725
620	532
600	643
400	472
592	610
759	531
350	576
716	426
668	670
694	497
523	671
689	609
692	773
579	646
704	571
440	683
515	528
555	679
566	834
603	572
647	469
642	687
520	474
594	569
671	580
537	505
628	649
644	740
672	411
511	513
539	601
753	578
517	508
601	570
668	651
600	663
504	547
581	546
595	543
667	624
530	656
617	659
636	674
736	509
497	612
559	590
593	497
486	485
636	539
547	548
627	627
609	687
613	570
646	393
655	636
571	629
704	624
590	653
643	457
330	551
533	490
670	539
565	570
520	617
649	508
581	588
763	443
577	691
745	601
720	607
685	587
612	595
577	567
754	889
667	630
542	463
723	544
525	524
677	596
460	657
638	457
634	611
677	557
372	556
730	609
532	653
607	660
655	756
601	731
810	491
558	681
623	641
641	715
561	651
379	567
486	447
497	480
593	692
505	485
484	379
598	680
567	550
508	456
745	427
671	426
610	606
608	794
464	768
712	466
581	592
561	753
700	595
756	629
710	652
493	447
593	841
562	600
623	587
544	619
677	690
607	519
480	620
504	625
371	628
635	597
659	706
622	700
640	412
370	653
563	682
585	677
588	634
619	657
560	477
632	330
609	495
499	725
668	505
544	477
440	472
669	514
666	630
481	540
484	428
474	412
595	523
581	613
675	497
361	572
588	340
670	499
527	451
514	714
639	462
462	715
592	584
421	562
596	745
745	467
637	580
516	798
639	678
681	565
666	484
576	700
556	786
685	331
559	510
593	455
766	684
585	594
590	539
673	529
444	595
660	558
674	466
668	572
623	581
422	631
630	781
592	625
558	431
562	615
583	376
699	651
597	392
602	599
794	749
678	452
418	465
734	567
583	423
613	684
621	656
350	672
486	755
544	635
574	460
580	538
368	403
739	742
568	562
773	503
572	500
476	457
511	521
535	667
643	549
666	664
526	463
658	851
478	508
472	599
713	809
635	485
622	518
526	752
574	549
414	663
421	543
736	771
417	773
559	597
583	581
689	573
598	566
560	672
663	577
732	717
643	562
548	555
671	588
680	588
635	591
552	606
720	507
500	558
392	645
858	721
455	599
751	645
482	355
663	519
549	663
755	663
628	818
488	797
645	498
531	630
642	651
803	794
636	546
692	565
712	587
630	744
528	578
575	495
663	618
685	621
539	601
753	653
729	591
539	644
599	574
587	475
571	489
715	646
557	573
727	716
593	564
532	531
718	558
649	667
531	785
688	422
562	514
670	606
468	581
765	528
667	674
537	548
484	624
639	604
482	398
690	632
803	519
747	561
659	577
531	699
620	632
416	663
538	441
566	543
621	726
597	463
586	607
544	514
448	555
601	655
570	666
603	612
466	736
614	423
651	636
470	616
530	563
684	577
674	749
428	684
513	544
464	489
688	550
626	687
774	529
595	725
531	604
507	517
536	554
641	575
559	658
640	471
605	584
723	654
587	698
610	497
443	699
709	638
499	622
561	594
584	495
567	624
372	521
590	635
570	647
648	671
745	536
695	633
624	751
470	641
573	652
577	653
705	417
648	650
571	572
675	614
804	570
655	637
517	670
532	738
612	720
653	425
622	623
531	567
579	549
491	613
661	616
671	677
380	667
558	598
625	707
774	548
491	675
643	545
597	619
471	607
580	655
545	592
459	534
573	461
679	602
458	366
456	535
553	697
436	401
464	446
599	392
543	590
665	595
553	421
604	663
700	427
586	501
583	577
591	657
712	741
589	638
512	592
727	654
441	531
477	661
555	732
541	548
597	651
677	500
302	654
527	682
630	558
479	675
695	679
505	544
486	428
755	754
503	669
617	488
706	568
574	679
518	707
491	719
596	518
614	509
603	715
573	434
577	557
526	636
359	563
528	716
582	614
590	529
529	656
448	499
850	807
744	568
711	694
766	580
542	484
692	644
581	503
732	567
503	676
656	664
532	598
624	755
647	481
534	604
577	685
678	431
505	694
583	436
550	738
610	646
782	622
400	584
522	611
714	561
770	682
648	579
620	807
585	518
609	646
380	479
633	604
479	830
666	546
610	690
697	525
784	477
739	508
503	646
717	609
590	612
675	537
554	902
332	593
576	788
535	453
544	702
668	583
638	472
632	639
445	585
582	567
691	621
585	567
505	453
657	487
617	656
642	524
616	598
581	653
573	616
670	668
592	669
687	638
607	658
549	675
664	691
682	579
705	755
567	590
520	578
663	733
701	577
643	739
774	596
568	628
596	545
644	791
859	509
516	647
560	590
768	678
654	603
717	672
652	649
513	604
567	582
667	704
695	514
490	565
471	697
575	687
622	648
576	565
503	632
412	707
644	663
738	553
508	439
715	573
591	726
499	577
505	573
564	592
780	637
464	566
598	643
479	697
665	593
601	563
414	709
378	533
517	460
624	519
363	644
669	533
677	576
478	715
692	675
624	642
560	416
595	665
624	613
681	760
777	804
579	412
601	742
435	624
578	573
662	593
592	696
559	544
775	523
607	652
646	580
561	480
507	491
463	636
757	683
571	789
602	667
588	740
664	661
571	463
707	616
647	670
592	658
413	685
645	463
586	813
633	636
592	557
575	498
630	591
568	497
519	765
717	472
611	593
727	638
433	757
778	594
495	594
680	522
639	567
616	657
618	634
463	731
507	632
591	579
513	633
759	548
657	553
742	594
589	674
624	617
776	562
714	590
586	428
630	498
815	616
543	604
511	606
584	570
613	571
578	528
738	494
524	549
650	595
711	750
681	480
512	597
479	666
615	519
602	550
563	450
520	696
705	531
338	587
776	463
641	680
672	518
821	461
631	588
738	699
821	486
572	675
649	572
529	747
592	544
556	488
548	744
570	619
445	672
564	550
754	709
660	673
550	707
672	725
685	545
619	663
675	574
644	658
509	515
568	873
626	546
544	737
784	484
553	621
703	606
662	656
396	611
518	462
607	736
616	635
355	671
491	642
442	725
532	712
429	645
522	648
637	452
627	772
569	629
557	654
728	349
576	623
506	609
751	469
721	631
563	554
583	544
594	846
551	604
610	635
613	665
691	539
579	646
602	715
647	671
457	591
643	487
616	538
518	830
537	503
731	500
701	549
478	607
508	437
718	485
724	699
568	557
503	657
537	369
585	603
595	578
561	556
687	626
445	625
751	575
486	424
685	615
615	546
569	673
846	406
596	518
625	495
518	593
544	596
531	511
673	550
716	652
478	549
790	497
578	715
639	656
624	491
608	635
569	526
545	439
723	591
582	706
590	623
540	701
844	726
737	640
619	539
692	571
649	402
690	527
689	758
506	578
524	426
699	677
614	548
662	712
663	625
422	863
623	578
611	886
596	761
664	593
661	678
525	452
545	673
596	497
625	663
659	599
654	523
576	631
473	715
645	702
794	610
473	697
679	529
526	491
629	552
783	458
661	641
612	474
676	535
612	582
573	590
717	640
604	760
809	852
598	631
514	748
652	554
588	648
544	834
542	537
650	672
589	561
600	508
579	644
780	509
695	427
666	621
707	571
508	753
575	545
535	708
555	548
499	835
548	706
356	592
639	541
625	555
628	556
637	639
680	753
632	653
487	633
627	679
577	685
419	568
589	685
593	628
493	400
578	503
624	764
541	422
534	579
514	562
470	813
542	564
597	512
771	647
684	806
829	488
595	677
694	597
739	471
562	566
595	578
620	577
522	592
485	645
487	653
716	645
596	564
539	698
540	551
626	524
621	661
501	523
553	468
648	700
587	586
865	540
639	667
582	572
671	597
624	586
740	551
586	596
497	701
524	577
591	523
785	450
758	446
743	498
468	603
528	552
602	704
643	526
726	621
395	637
475	807
647	613
555	653
468	731
608	792
539	494
753	674
599	652
591	694
654	557
560	551
567	433
656	506
526	683
685	663
734	542
516	573
687	628
624	656
769	497
819	827
697	564
483	494
684	512
457	607
560	682
592	486
539	494
606	674
642	601
650	822
493	629
660	571
595	556
500	465
641	647
733	513
579	601
637	653
744	599
436	510
589	559
617	538
597	536
556	646
690	658
646	641
615	460
530	724
711	650
531	821
479	577
492	459
637	415
521	575
543	817
512	710
399	508
664	821
509	413
476	614
895	416
600	633
564	676
707	799
598	585
659	573
520	637
797	494
594	571
732	640
742	434
637	543
462	564
429	600
690	677
406	630
511	578
321	727
605	601
550	642
415	690
552	678
572	623
672	605
727	508
718	583
700	591
683	765
530	596
761	632
510	586
765	513
618	516
528	542
673	670
733	678
670	619
463	525
536	682
601	689
728	448
568	496
507	480
565	672
613	692
667	503
685	595
567	715
541	653
597	626
699	459
726	611
640	519
807	524
547	483
688	714
552	506
567	596
486	754
542	605
562	429
575	674
709	608
629	491
435	653
582	724
587	603
574	624
625	614
609	754
540	597
582	523
433	831
785	620
522	690
797	660
264	636
648	583
588	622
564	557
574	548
560	745
632	525
576	650
523	463
693	647
654	481
630	673
649	675
720	582
574	598
656	530
821	613
462	711
622	569
542	701
523	448
736	452
747	681
866	420
642	683
644	652
418	577
449	644
636	506
558	604
799	587
674	631
451	483
578	488
567	457
618	581
774	651
461	632
449	557
624	495
774	650
658	544
516	627
610	546
620	523
497	732
593	578
666	588
650	754
624	575
655	457
617	727
654	664
852	679
500	619
616	558
529	545
494	550
646	507
698	707
604	659
392	720
426	630
597	601
409	664
584	603
553	600
459	605
602	767
527	682
541	713
567	719
629	629
636	752
548	488
594	601
467	549
551	434
728	624
730	823
752	554
582	636
654	504
631	581
672	640
643	598
684	660
818	423
397	662
773	626
544	606
713	797
485	514
651	712
526	576
650	671
604	581
766	465
505	606
760	503
393	442
427	622
679	740
764	570
504	644
610	536
657	664
674	726
570	643
557	499
473	800
751	543
667	538
630	684
535	820
578	685
417	722
572	417
473	649
411	562
671	648
691	502
642	630
748	600
620	395
636	647
618	565
585	567
730	765
594	413
538	656
432	538
796	628
556	551
811	526
664	620
442	494
555	821
617	536
465	668
833	777
412	738
710	697
514	617
395	517
650	542
371	604
632	589
619	662
593	582
416	606
502	547
513	781
586	778
557	667
592	613
730	617
412	745
616	615
601	702
479	792
523	508
694	668
606	631
833	609
612	617
685	639
653	665
632	765
670	561
510	523
480	771
712	622
430	565
522	743
331	618
477	599
705	374
615	747
610	511
744	561
535	357
434	626
599	469
638	328
534	562
532	651
554	586
599	569
550	734
663	439
659	666
456	629
627	651
590	445
832	641
554	818
580	666
759	687
690	638
620	627
611	625
441	691
574	398
672	682
489	677
671	637
434	336
531	715
520	823
736	515
585	720
592	652
516	545
493	474
583	568
753	523
596	515
580	576
474	620
682	564
638	594
496	639
683	686
535	572
704	549
537	735
548	722
490	671
479	532
386	799
695	707
547	667
692	559
602	687
645	626
579	536
566	534
614	697
754	845
486	585
546	539
749	690
679	601
658	674
526	674
403	682
511	586
746	571
630	512
874	457
599	498
584	662
558	628
529	593
481	305
586	631
696	674
762	391
705	778
584	692
616	496
559	644
443	696
497	526
732	915
426	641
479	574
783	743
648	707
640	423
567	658
735	502
593	515
632	547
583	600
527	499
406	568
652	549
666	599
597	801
758	661
568	627
636	494
698	597
672	666
719	664
656	607
541	756
731	698
564	614
549	573
534	465
587	465
760	269
736	590
547	643
630	485
442	628
473	532
663	524
549	397
672	726
755	332
490	738
555	625
678	566
543	704
484	542
474	446
586	575
572	586
571	699
523	438
532	602
680	695
381	421
556	552
564	632
611	598
588	464
492	604
521	460
658	630
583	516
582	505
696	654
674	576
575	687
625	686
824	598
532	841
620	512
724	783
712	568
579	597
642	804
597	629
699	739
598	746
625	627
604	534
639	640
600	501
609	673
584	790
639	604
539	690
645	626
574	651
650	687
753	539
401	629
353	509
589	565
722	550
743	584
549	634
520	579
713	576
501	609
651	646
630	599
507	597
535	707
608	543
792	583
645	656
584	496
614	592
725	564
647	691
619	466
540	332
716	575
714	646
539	592
564	557
615	539
486	638
768	648
409	579
747	572
560	483
499	624
550	580
584	685
737	423
393	779
516	661
492	720
581	655
497	657
524	609
674	560
663	619
688	809
652	670
540	774
537	553
622	528
564	593
691	653
521	729
709	623
713	500
515	490
542	641
656	608
603	594
633	592
566	567
670	696
376	477
477	677
593	555
746	408
609	578
701	525
570	784
641	547
757	612
408	807
621	465
675	558
349	544
645	735
449	801
631	518
621	644
627	545
454	657
478	615
512	720
556	560
564	527
706	569
633	654
712	570
795	429
608	631
583	631
473	650
732	607
756	440
720	617
462	621
499	640
606	430
506	667
451	517
634	545
371	580
680	850
636	547
658	662
588	499
634	480
770	467
758	608
590	590
619	596
621	659
690	714
681	543
718	641
311	759
679	834
678	522
771	627
490	798
534	562
680	513
647	474
577	573
627	408
602	620
676	641
618	593
529	549
574	433
631	542
607	681
588	526
567	713
580	945
653	733
493	713
559	511
640	702
517	621
714	690
441	617
641	603
548	637
656	556
663	579
593	547
556	696
574	704
663	513
640	469
568	592
619	565
469	591
627	481
487	434
784	602
554	676
733	550
597	621
444	444
657	716
589	675
664	696
605	511
595	562
375	701
816	815
582	386
577	558
428	630
621	461
625	542
613	549
614	546
516	533
587	616
769	658
701	625
671	716
692	621
808	576
634	671
855	662
713	544
501	525
847	697
730	472
568	499
603	537
544	837
606	608
597	478
718	453
702	669
579	622
669	729
584	793
619	619
716	756
539	795
662	646
675	700
543	740
575	550
427	524
504	500
574	606
657	411
464	708
663	443
717	583
439	643
495	543
485	510
579	628
588	345
516	659
540	536
541	617
730	744
475	600
646	634
741	679
584	740
503	564
663	485
737	447
619	552
623	643
463	558
635	680
634	375
468	606
509	698
540	512
721	560
589	551
591	599
554	650
664	584
578	877
473	553
633	591
511	598
441	659
642	591
663	498
628	686
546	594
676	610
682	637
580	728
474	828
474	709
642	591
723	746
609	550
678	619
524	549
649	683
571	367
677	525
615	559
550	530
701	414
613	580
516	631
700	529
465	604
705	806
569	598
425	541
743	588
878	778
527	499
623	533
607	635
718	795
701	629
616	574
631	533
581	588
506	633
535	565
662	667
706	751
720	701
623	671
722	440
541	584
642	563
531	625
615	532
507	546
470	648
673	504
734	500
566	764
587	692
640	612
656	647
575	612
568	465
471	527
635	778
536	827
808	540
799	474
777	616
513	612
459	568
542	387
427	544
587	663
813	701
619	495
588	728
515	464
718	573
658	593
602	619
646	696
760	574
616	768
559	510
776	480
508	507
550	469
575	583
516	662
580	590
603	619
555	563
707	703
827	688
698	666
549	443
376	674
748	413
463	604
628	743
609	763
641	436
711	631
659	565
495	640
598	644
548	633
659	574
616	643
589	582
530	707
838	713
653	616
603	787
633	598
745	468
618	497
605	609
695	498
788	766
765	607
621	744
552	705
723	535
578	390
603	599
706	503
728	546
451	782
661	626
537	605
679	607
625	481
626	458
670	646
696	671
751	507
616	502
479	348
686	562
660	620
588	654
463	671
430	561
522	516
574	751
743	694
684	508
654	412
646	501
649	571
393	489
762	732
587	555
527	552
587	786
878	696
632	562
628	604
619	446
735	586
591	686
716	599
675	585
726	574
639	560
763	643
748	542
615	380
727	744
644	714
592	509
522	662
611	662
624	531
567	545
588	437
537	665
599	756
463	679
643	618
590	553
583	652
511	661
494	402
775	626
874	547
658	592
780	567
731	621
568	374
485	647
609	607
729	702
631	586
688	571
388	632
478	690
732	351
662	499
742	572
561	655
673	592
639	690
681	591
503	569
637	644
681	649
591	683
684	564
689	413
606	675
571	526
560	624
408	515
549	580
620	617
512	717
695	573
374	738
706	646
363	509
726	585
413	772
713	550
430	510
560	595
595	655
544	702
493	687
570	636
582	426
597	591
629	419
600	465
462	549
503	589
642	592
467	430
806	677
569	547
602	619
674	686
545	773
493	519
700	523
566	592
478	357
730	704
671	535
526	664
678	562
696	519
641	541
488	486
711	591
503	540
599	603
515	678
479	737
648	548
424	542
606	587
548	687
515	662
686	699
648	644
536	669
542	510
510	523
593	571
677	561
448	578
635	628
547	579
581	685
614	629
432	758
588	614
631	710
583	646
657	754
598	701
543	582
585	541
809	671
464	689
525	476
529	422
653	481
801	431
449	632
416	735
451	643
690	385
429	642
515	644
678	673
717	824
584	598
556	650
563	583
440	567
611	679
573	617
465	671
554	770
575	519
590	595
622	592
596	489
395	648
596	660
568	565
656	699
515	428
718	633
787	845
417	555
543	644
484	759
671	505
722	544
570	685
594	440
533	570
754	612
506	646
534	636
313	695
563	723
578	588
714	703
724	630
773	577
531	689
648	617
766	499
459	670
617	555
496	382
577	709
559	604
501	465
578	614
532	553
742	598
610	719
576	746
578	523
705	427
778	648
523	871
526	606
559	468
640	675
578	507
533	666
524	659
573	591
664	660
749	699
435	663
643	641
622	502
733	676
791	704
482	642
641	655
544	526
557	492
518	704
505	959
720	730
753	441
692	579
550	621
615	516
598	848
551	613
565	470
571	551
711	598
623	604
484	523
671	636
665	510
630	549
491	480
603	631
635	703
683	815
552	534
756	623
533	606
603	750
584	478
555	556
613	514
369	721
679	813
560	568
481	569
493	483
515	710
608	601
649	596
540	685
473	580
508	524
621	584
637	746
493	682
619	664
655	430
720	799
661	517
535	433
697	614
656	586
658	673
672	517
436	644
529	446
693	549
582	729
472	648
837	385
621	596
526	504
630	813
578	673
472	597
653	636
732	585
546	632
445	625
668	587
802	496
577	511
619	458
512	621
480	674
699	635
528	445
515	571
571	624
533	560
530	616
652	724
442	773
591	540
555	499
535	638
558	533
799	495
601	611
613	786
596	862
720	496
579	590
457	685
481	600
566	662
579	540
726	574
718	786
596	719
751	828
559	608
630	597
380	608
602	567
588	546
804	651
610	627
596	611
659	594
652	643
589	464
680	433
574	740
559	686
620	529
578	455
542	598
631	613
761	678
833	509
645	537
636	859
663	676
674	627
458	570
633	592
568	613
561	477
740	541
608	740
720	575
561	643
669	714
636	423
673	456
603	464
677	554
662	697
564	569
523	718
463	502
747	641
573	592
591	658
534	595
625	445
561	613
511	689
659	581
551	604
664	605
611	637
719	752
551	702
639	515
465	491
564	584
576	626
679	544
849	732
611	412
545	600
675	619
490	544
556	535
609	679
486	674
415	479
649	456
636	661
483	799
596	709
492	712
444	593
587	691
558	669
475	592
681	526
477	678
429	673
587	713
518	803
590	819
617	512
512	650
500	582
495	551
655	584
525	709
673	476
756	674
614	747
543	487
528	437
643	660
688	466
634	570
615	546
772	554
754	748
658	593
448	637
510	403
759	730
488	446
577	492
675	714
575	422
851	529
659	483
677	407
541	560
510	472
616	715
563	395
647	523
592	648
624	593
384	603
616	546
608	580
714	707
612	694
637	521
526	751
659	658
639	666
549	628
700	651
562	723
538	687
496	595
487	547
468	584
591	559
541	682
714	466
551	551
482	679
626	695
597	480
666	486
448	499
729	554
547	554
544	657
807	605
589	639
591	740
819	670
565	623
518	391
635	649
474	597
684	568
804	484
628	488
748	611
511	519
663	506
731	537
477	617
508	653
612	479
734	503
705	663
553	643
645	576
625	529
691	774
778	600
566	426
660	530
773	682
665	471
518	602
662	587
380	490
625	493
655	592
711	533
664	608
613	608
529	683
582	488
486	724
680	626
582	616
591	688
650	475
676	644
722	728
392	755
734	552
641	610
730	712
566	682
575	654
586	661
753	549
487	723
508	555
553	606
568	532
522	637
541	430
670	711
515	471
653	595
603	554
543	601
676	689
625	636
552	414
520	590
376	691
600	579
492	611
567	669
652	614
549	513
587	518
537	511
442	533
552	535
841	583
470	563
754	558
592	684
704	555
696	371
608	713
608	563
349	602
527	587
583	617
788	670
676	664
697	562
655	637
621	541
487	611
719	680
474	543
613	777
649	445
559	676
666	731
455	667
637	598
636	627
710	744
630	595
754	562
565	471
664	428
489	698
673	693
428	682
533	626
634	489
697	634
579	685
610	415
693	630
569	388
710	497
619	409
543	662
652	560
445	630
615	601
607	519
617	754
564	580
603	743
478	418
444	687
638	436
693	623
655	594
688	608
699	787
538	704
456	622
770	807
634	592
622	560
816	575
619	709
656	667
520	895
434	778
726	631
748	613
757	586
611	583
674	524
558	420
413	644
680	688
523	574
493	598
444	838
531	623
606	530
684	396
632	605
564	590
682	534
543	444
790	537
439	621
589	567
704	632
682	571
481	623
609	484
561	564
726	613
458	589
485	603
579	557
774	681
574	577
500	668
661	694
675	518
635	619
477	435
906	768
587	503
610	524
585	714
845	461
428	701
508	512
586	614
732	705
541	454
603	644
659	599
795	709
569	370
532	554
423	635
611	458
712	667
643	644
640	654
751	639
517	556
600	517
544	543
571	500
607	623
698	638
617	688
536	571
421	580
593	562
515	653
535	473
559	600
649	577
555	612
559	495
291	705
568	775
698	698
635	580
650	501
469	687
633	709
817	547
534	685
616	617
650	481
569	594
560	659
538	457
778	458
413	576
581	546
697	623
575	681
617	609
585	574
574	453
594	595
699	672
446	684
558	648
685	659
502	526
678	655
552	568
594	455
693	665
544	702
703	679
563	641
524	640
560	587
530	559
513	521
617	759
575	555
650	572
483	591
441	763
506	599
684	587
712	545
541	658
472	434
570	593
502	635
657	667
534	596
595	588
654	516
712	623
648	589
692	826
541	593
581	667
473	679
385	329
652	574
542	572
444	437
566	594
422	500
469	622
722	635
692	274
641	778
455	764
602	664
540	606
499	653
500	681
609	481
617	481
645	756
697	616
511	686
667	488
677	679
735	677
698	481
636	753
763	660
417	657
520	610
683	781
635	565
484	710
493	632
679	506
466	593
461	428
642	628
610	496
692	657
521	654
490	607
720	642
867	563
451	675
731	649
349	558
578	585
485	610
572	549
550	819
673	796
705	566
641	640
519	522
661	692
448	584
305	694
594	615
591	411
773	700
516	552
560	601
650	621
583	556
728	540
600	508
557	603
596	535
783	728
734	551
536	536
561	609
599	674
466	774
799	442
634	522
577	676
607	510
578	495
549	563
479	546
505	784
537	631
663	612
567	614
748	627
574	580
625	520
567	654
628	506
597	505
642	549
516	734
683	645
750	490
641	777
803	602
667	568
863	479
667	501
670	546
473	508
601	524
531	612
497	541
758	346
533	576
556	703
717	511
653	707
718	670
493	602
502	830
590	484
529	667
719	515
531	746
808	901
514	563
673	580
402	757
278	455
603	562
551	524
497	606
560	601
714	707
548	685
484	536
630	647
669	635
265	568
616	533
605	498
571	323
474	608
643	621
828	609
638	559
602	388
504	599
656	522
714	687
642	398
731	526
731	737
527	368
787	522
791	610
730	542
696	425
413	702
681	702
654	661
580	461
518	762
652	417
526	548
452	660
686	790
613	601
578	464
843	511
512	581
759	691
661	739
647	687
654	682
645	699
613	579
747	613
589	572
629	625
485	709
569	578
675	551
576	579
630	623
887	489
752	550
685	754
443	638
613	549
595	743
517	492
529	701
792	555
784	673
671	626
546	695
601	503
600	601
681	778
544	758
524	504
820	537
396	574
641	608
442	598
544	607
660	651
561	759
660	703
618	640
645	456
534	774
713	473
633	551
459	557
534	645
495	580
623	484
469	503
601	513
632	450
553	748
480	648
667	624
671	426
671	577
707	667
782	426
599	690
491	584
664	538
711	685
523	613
429	668
520	659
612	666
477	443
423	727
589	659
817	674
521	659
511	692
501	448
740	631
490	576
431	596
557	716
646	559
643	484
470	640
745	506
646	772
639	617
714	620
482	621
734	665
676	574
476	672
576	651
675	662
530	573
688	471
701	450
712	676
447	656
703	613
609	627
561	653
509	707
626	489
595	616
544	593
485	539
659	549
418	719
570	543
750	533
792	693
775	583
593	689
662	333
580	580
684	672
592	534
707	831
518	522
602	549
506	392
523	653
623	618
518	565
538	743
708	647
595	553
625	485
758	614
684	531
674	518
644	567
603	499
537	506
407	605
632	623
557	510
641	593
688	574
579	625
585	470
590	578
576	578
756	602
655	531
606	556
530	535
670	610
614	524
442	629
580	569
631	684
485	551
508	744
696	634
513	738
540	485
580	548
449	559
840	655
516	624
499	553
538	400
671	578
675	552
721	611
601	691
548	452
526	492
426	628
536	647
364	616
673	609
592	659
703	723
569	553
696	453
594	528
690	631
641	618
651	644
426	620
746	602
677	390
535	542
701	570
576	625
648	655
582	421
477	717
575	582
666	640
547	646
791	310
668	528
439	680
621	740
544	703
628	674
565	598
598	679
608	642
588	622
804	663
647	729
556	461
590	489
634	641
579	753
579	555
578	526
470	621
677	476
511	645
575	488
575	612
480	525
552	534
525	740
642	412
640	744
592	653
414	568
581	689
675	537
694	480
675	563
418	567
645	692
475	637
431	715
684	548
617	597
681	813
379	664
690	583
635	613
600	503
532	693
536	523
677	585
547	458
512	640
501	630
619	546
703	458
650	450
448	567
415	453
436	522
587	665
616	610
710	464
526	584
502	766
551	536
662	564
631	488
418	587
591	677
748	438
556	616
535	664
749	505
461	756
414	581
550	586
524	722
861	535
536	604
450	590
593	708
493	667
672	726
460	469
452	799
754	682
745	696
641	858
502	597
700	450
610	704
584	631
436	560
613	802
709	529
593	778
567	695
601	629
678	611
664	491
691	824
563	811
760	520
582	645
826	714
599	637
792	562
532	586
657	594
536	606
666	575
530	586
699	435
529	443
473	462
549	729
523	705
439	743
597	629
445	715
590	635
577	537
429	522
577	650
618	449
740	779
588	629
473	443
724	435
622	401
558	564
671	561
547	598
623	827
547	724
606	494
433	555
506	589
572	622
577	481
675	591
655	596
525	635
452	606
721	676
513	521
491	597
522	633
765	669
542	580
468	532
626	757
681	459
458	366
687	590
671	664
633	642
741	525
566	624
594	663
668	614
582	605
696	610
669	714
618	741
485	752
694	681
611	408
593	577
547	657
567	621
596	409
487	541
622	747
585	782
617	555
676	590
506	534
492	446
535	550
619	498
654	578
757	663
775	452
646	431
673	697
608	600
619	627
567	504
696	591
626	669
600	518
557	538
588	536
546	610
826	719
601	595
525	662
607	590
608	614
556	616
631	725
462	533
429	555
576	502
551	436
594	586
689	570
509	671
437	426
763	490
742	652
315	574
557	634
596	599
712	550
612	514
682	740
434	586
432	670
574	452
397	609
562	490
559	662
459	508
618	647
773	674
561	761
617	643
713	726
640	625
610	675
440	655
525	611
609	614
466	590
582	626
494	480
756	492
523	517
626	606
750	490
599	694
486	525
614	743
644	684
647	577
686	750
404	691
717	631
471	476
408	739
554	663
712	571
639	454
677	373
721	499
645	714
579	558
516	588
589	655
559	587
370	670
516	550
700	479
663	596
569	701
630	562
667	632
560	499
480	805
729	677
632	576
687	597
618	464
452	603
669	377
675	766
448	570
608	742
612	655
614	609
750	518
563	683
663	572
408	611
588	610
577	540
653	552
670	527
697	586
488	708
504	589
558	465
701	591
740	421
460	622
500	553
494	832
656	467
673	424
589	514
614	587
696	652
569	604
660	695
594	472
627	525
528	622
450	467
670	530
468	433
695	603
489	729
505	482
573	544
826	471
591	581
659	461
462	519
591	591
572	549
506	660
719	428
615	638
650	621
711	678
678	591
569	666
727	486
706	593
751	490
706	613
675	563
389	529
616	645
789	646
532	732
717	522
648	523
635	576
662	440
589	501
626	578
714	708
515	585
579	462
535	722
795	554
652	391
449	692
361	567
643	605
530	630
588	508
533	582
461	705
450	543
398	627
565	714
709	582
592	619
755	729
520	494
524	627
636	411
811	739
663	535
406	557
614	474
380	623
641	695
558	589
524	691
552	617
638	474
631	691
592	730
617	605
594	633
544	769
670	600
781	627
557	450
737	520
399	738
641	525
686	455
614	662
511	544
464	711
463	636
679	657
685	542
507	683
702	768
600	547
744	641
500	510
519	411
570	703
634	722
628	712
400	483
588	664
756	694
652	744
528	812
441	590
598	611
731	601
529	692
672	668
591	525
536	655
608	484
553	758
461	747
625	559
545	503
496	404
586	501
428	514
706	512
624	616
703	741
421	846
567	686
507	578
509	775
573	828
674	682
621	855
735	549
647	695
601	635
570	650
571	711
648	735
376	602
537	648
574	608
746	551
640	525
449	713
672	629
696	443
827	488
495	772
369	521
574	416
551	526
616	710
813	536
895	476
696	677
522	714
437	462
440	587
671	481
673	451
718	392
536	637
518	703
700	400
698	598
690	568
765	867
596	716
539	536
495	689
703	605
571	626
683	391
716	831
425	739
661	605
548	603
731	533
625	484
617	661
590	784
704	513
381	508
705	241
710	763
570	694
629	654
524	630
722	488
511	428
667	633
641	631
700	497
540	454
619	490
610	513
565	690
681	514
424	568
639	514
706	604
414	694
540	555
598	610
480	644
580	742
706	582
707	680
525	412
685	747
648	406
518	645
727	572
562	515
532	571
607	682
689	588
455	554
522	605
497	499
587	721
498	451
607	600
572	645
506	700
732	788
763	911
517	361
583	401
483	764
464	644
851	582
587	575
639	795
542	705
519	626
595	441
637	506
867	584
666	515
333	564
705	489
559	524
716	635
623	541
578	626
611	660
484	577
725	491
240	629
671	337
539	627
738	403
637	691
748	547
622	606
529	588
742	803
739	649
656	580
577	594
399	554
744	799
537	703
751	705
650	618
667	590
489	742
725	429
441	728
608	707
703	664
488	573
538	682
512	675
263	431
607	713
585	809
547	609
583	499
543	630
523	539
647	631
591	591
724	655
596	562
454	699
682	536
544	719
507	604
503	561
654	755
718	682
595	733
659	453
576	740
635	552
755	647
764	584
628	628
611	582
634	698
513	647
538	483
578	539
563	460
587	598
595	588
567	762
544	763
459	459
613	565
625	536
489	758
657	432
474	561
411	528
523	581
558	633
540	624
575	557
594	618
663	611
678	749
554	583
640	574
684	594
463	695
543	610
869	667
376	630
535	446
609	565
482	538
641	625
516	531
659	785
644	532
501	626
676	733
530	564
598	713
704	515
556	868
671	501
612	601
614	618
687	546
665	728
764	693
551	600
680	443
526	587
678	527
583	575
620	405
580	567
615	609
447	571
524	302
528	545
506	594
568	406
538	702
498	572
741	602
560	581
561	452
459	499
511	680
504	554
580	495
472	507
633	663
503	673
379	408
560	644
504	602
495	552
544	647
628	552
513	639
616	713
589	531
556	592
650	606
695	601
570	690
560	367
586	608
611	585
478	609
835	449
475	565
697	440
417	622
700	388
437	528
626	526
569	597
469	507
567	358
687	601
629	562
773	453
540	530
648	645
687	738
503	512
616	687
763	562
500	580
718	535
628	543
502	493
545	732
663	446
458	705
497	559
672	767
515	562
322	418
651	745
518	634
621	784
779	632
633	607
623	767
651	668
343	411
537	649
683	555
705	522
624	531
586	619
588	677
637	842
556	531
685	621
658	730
511	512
636	515
592	806
647	659
770	512
793	499
657	672
586	544
286	532
417	682
482	475
598	676
608	609
497	454
584	705
537	522
564	526
580	502
763	669
743	624
563	558
539	457
490	431
690	683
680	800
777	353
656	482
852	620
758	698
378	591
507	602
568	541
635	518
614	635
589	610
661	637
656	436
697	676
588	634
714	537
734	510
502	809
683	603
463	452
625	617
745	556
581	611
647	634
680	695
688	707
572	732
684	704
556	652
700	825
556	674
538	538
702	772
522	523
645	465
574	773
744	433
520	625
603	529
470	562
408	646
541	776
564	725
633	549
703	592
650	728
736	480
611	519
616	660
437	610
770	545
485	721
617	610
671	423
613	701
464	645
453	751
512	489
597	714
653	473
461	673
520	655
279	641
643	655
623	552
470	542
556	505
821	425
545	544
648	573
654	631
689	455
666	664
604	783
693	542
526	533
581	608
588	717
529	591
423	544
618	558
548	484
573	639
733	695
659	641
454	644
669	702
691	633
586	566
588	615
520	654
533	538
568	637
516	631
653	439
525	464
620	773
616	709
710	549
683	576
642	638
572	618
607	608
566	729
718	788
746	610
653	504
680	677
597	597
609	681
568	645
376	588
648	690
647	622
247	658
530	543
645	442
592	543
685	535
544	580
638	856
608	546
591	449
486	608
575	611
658	634
637	398
563	486
678	526
359	497
474	662
494	627
610	521
556	531
644	638
554	667
373	669
522	672
626	549
548	513
642	591
523	478
307	817
530	595
615	638
843	611
362	615
360	511
406	415
615	846
544	655
420	583
633	587
578	571
484	517
653	803
481	549
540	639
537	729
647	735
557	553
543	616
670	418
491	640
640	716
528	611
651	583
670	697
703	468
614	565
713	497
610	509
551	439
624	445
668	621
611	669
561	469
546	504
450	688
641	423
563	698
576	784
532	622
741	470
582	743
680	618
504	573
706	718
449	680
660	507
672	433
573	539
454	584
484	712
607	539
603	609
623	692
386	767
593	601
671	607
627	686
662	484
753	733
590	563
579	565
552	505
575	488
659	626
790	513
591	745
537	444
400	671
665	610
585	542
537	547
421	607
567	748
533	525
659	564
711	618
310	652
581	534
454	557
610	647
612	616
546	499
640	485
595	689
423	711
606	673
696	573
509	583
514	643
580	379
543	805
518	584
550	762
580	522
569	686
600	449
515	676
481	605
734	715
709	715
576	698
703	600
659	616
727	524
566	769
771	448
479	616
833	814
674	595
677	532
437	643
493	697
614	695
552	538
486	623
490	566
567	671
590	488
603	526
472	630
491	678
523	586
655	651
470	574
564	483
484	470
571	599
768	533
650	512
720	560
455	780
588	530
600	625
591	373
501	704
520	564
585	707
461	602
746	808
595	546
684	486
510	494
734	669
694	544
567	498
688	308
665	292
636	643
677	344
696	424
453	490
632	566
533	669
466	648
694	472
696	556
820	515
548	566
619	537
375	670
519	653
511	563
442	710
788	606
541	688
498	546
554	621
359	717
659	635
628	551
425	659
579	579
681	697
582	717
538	520
723	587
627	418
545	448
387	483
626	556
564	700
477	553
584	638
522	676
600	633
874	632
585	679
629	663
521	564
542	555
478	627
577	676
545	517
604	607
477	612
722	664
750	510
601	589
486	604
752	718
519	718
526	667
539	647
643	539
415	665
749	526
629	691
727	872
630	569
602	510
612	393
630	726
561	535
421	503
668	575
543	529
541	504
647	655
560	603
607	641
711	715
628	671
654	613
707	508
494	652
542	567
526	638
680	650
660	637
438	455
348	627
612	540
589	610
643	675
681	489
616	487
717	622
571	759
564	621
464	725
551	747
606	800
640	627
736	635
770	608
581	538
866	530
578	448
729	702
645	557
472	540
691	720
662	724
537	655
479	708
643	573
611	520
626	537
705	666
612	674
625	670
698	677
589	773
545	609
497	614
379	425
660	580
862	691
577	627
455	527
637	594
547	648
638	688
688	599
494	512
460	455
498	548
657	464
841	565
701	462
581	549
681	728
514	469
838	589
625	582
728	535
501	444
540	633
768	501
541	301
436	691
492	565
517	643
794	512
412	528
571	648
822	613
693	700
607	608
621	582
694	567
585	657
735	550
565	599
506	691
564	610
738	672
502	542
676	591
606	485
575	568
916	543
571	461
495	604
707	762
595	649
592	601
665	578
636	423
552	687
618	677
668	668
453	697
559	568
689	527
723	489
595	582
713	759
734	621
656	537
410	613
696	629
744	490
635	421
544	468
590	721
569	622
524	544
668	738
607	526
381	589
674	640
627	566
565	663
772	659
563	560
724	363
627	538
705	612
676	462
614	746
620	713
638	722
648	566
757	552
710	412
605	629
697	649
567	608
661	530
592	494
476	633
544	480
558	446
561	776
663	733
553	471
735	667
507	619
705	391
709	544
596	671
611	592
482	527
679	771
672	440
573	560
628	635
523	403
769	717
592	605
666	691
459	566
620	553
518	412
566	508
738	525
590	711
475	767
678	644
722	418
551	558
719	603
662	651
658	755
735	531
455	638
734	578
484	440
615	641
778	683
655	609
626	618
607	439
451	594
587	704
534	533
678	725
572	552
761	691
473	556
603	789
555	531
669	486
593	475
562	683
688	543
836	661
426	804
640	579
602	373
710	453
510	613
768	386
650	563
769	587
637	714
584	357
609	601
426	404
499	551
682	739
628	625
649	617
590	580
521	743
565	448
490	522
516	614
606	615
519	576
740	775
717	547
675	582
658	592
688	692
631	529
628	560
459	698
534	664
642	709
709	445
758	676
422	446
551	636
666	404
451	422
690	576
667	707
496	602
521	545
464	445
592	698
663	661
552	599
692	724
672	636
660	691
573	620
559	666
751	660
773	638
530	634
617	757
649	677
673	622
695	488
728	506
670	698
720	603
795	603
738	805
543	463
539	678
703	761
724	631
693	441
390	695
665	484
648	661
575	886
616	770
516	657
682	589
636	624
840	557
663	391
618	690
679	638
822	608
511	483
556	469
876	624
518	579
638	653
632	735
666	554
433	744
659	775
716	657
674	524
623	656
501	468
586	668
708	679
525	588
633	538
527	646
523	482
509	720
614	635
685	428
614	620
564	668
526	655
610	656
562	554
703	548
528	583
695	511
592	515
368	463
612	571
658	654
661	493
614	649
357	540
556	511
567	482
664	531
567	679
837	623
612	497
689	620
610	697
525	733
520	545
766	724
488	648
820	472
683	556
654	716
676	361
734	438
594	795
612	465
657	723
613	680
594	516
565	602
650	600
660	729
720	772
541	540
790	402
467	738
652	593
671	780
507	545
540	635
566	511
676	608
452	636
503	574
593	483
627	466
718	583
556	666
523	525
580	678
731	643
464	695
728	638
650	589
655	487
618	484
652	650
584	600
462	692
638	630
641	613
758	451
604	597
656	746
641	483
572	562
509	606
497	535
679	724
680	655
556	674
568	450
768	576
643	740
624	550
427	548
630	682
565	529
499	808
561	641
599	594
518	497
330	673
662	577
734	592
682	598
688	752
502	649
569	619
696	400
784	631
548	640
486	626
632	618
550	596
542	616
490	563
654	543
684	876
489	582
543	793
549	739
679	513
482	667
614	575
652	624
482	508
635	555
599	715
620	553
553	442
662	644
416	585
651	700
762	733
636	583
558	587
680	596
759	642
330	603
587	624
700	535
696	624
556	560
574	708
582	474
727	577
574	441
685	517
614	756
610	680
613	463
589	577
616	525
599	836
482	606
777	451
607	658
438	450
635	544
432	843
547	685
583	590
338	673
650	507
719	607
394	640
536	722
537	774
626	747
637	813
657	575
650	422
619	567
667	584
777	591
474	609
562	523
664	490
593	760
561	647
693	671
725	493
507	410
650	730
723	579
616	622
603	580
611	447
486	651
495	685
653	629
620	594
514	488
753	651
517	666
515	440
550	538
610	623
463	654
620	699
532	617
656	500
567	687
647	539
557	743
536	1023
606	660
424	439
396	589
641	699
599	442
558	689
650	402
352	524
764	630
614	619
475	584
800	313
470	639
788	583
677	697
558	682
569	766
516	667
507	640
796	511
700	682
355	668
726	655
607	536
477	611
389	571
627	777
563	568
560	741
501	589
602	650
571	655
661	622
717	366
556	622
583	727
515	617
588	399
516	521
619	543
583	442
644	693
552	722
610	619
481	604
603	561
677	509
560	343
582	591
658	488
586	590
661	658
500	670
626	612
554	526
802	628
646	615
356	458
492	542
510	580
718	724
556	510
713	593
455	645
641	583
538	463
552	587
436	635
417	475
422	603
451	468
569	496
579	678
599	580
429	699
518	700
602	602
472	499
736	712
651	767
413	705
469	508
598	341
596	542
697	532
571	656
698	713
598	511
551	708
719	490
566	697
637	389
625	548
494	486
686	645
809	647
587	548
506	659
590	396
699	568
588	642
621	579
626	521
723	651
600	596
588	604
539	425
679	729
528	618
644	573
787	608
696	559
531	668
619	763
509	701
675	688
521	688
546	519
561	544
597	654
835	581
609	322
554	494
679	583
530	518
679	603
744	577
769	556
739	638
627	603
670	581
522	578
359	529
718	588
567	727
665	651
558	515
540	595
627	521
655	437
629	578
674	657
512	630
431	490
633	626
795	381
619	561
674	473
570	511
536	689
573	710
676	670
514	646
624	757
670	643
659	636
708	716
656	568
517	799
668	593
556	611
556	670
834	545
687	737
623	637
499	367
471	801
528	519
673	650
576	558
653	688
552	598
599	495
581	564
563	547
733	683
550	422
787	724
536	426
610	413
348	744
668	585
538	595
647	730
743	671
553	475
641	591
441	668
701	483
328	704
599	381
684	668
652	673
510	639
523	568
507	587
619	693
769	556
572	570
485	718
593	431
620	556
580	671
583	579
519	663
636	588
722	437
477	462
624	399
520	450
476	681
473	449
667	513
674	529
641	636
665	560
495	565
490	558
612	455
411	663
556	794
675	548
496	562
527	665
679	503
735	774
673	572
618	565
553	620
630	780
648	577
569	421
599	601
557	802
535	482
534	472
696	676
616	468
423	608
750	628
580	616
628	544
670	619
448	687
682	634
550	536
695	625
576	669
658	568
446	515
456	488
830	747
674	837
735	609
565	584
623	640
618	533
646	735
624	637
651	633
786	613
547	461
573	538
586	600
682	578
660	694
495	643
580	454
485	591
535	468
494	601
527	612
548	692
574	554
735	478
531	605
621	771
532	467
774	593
615	467
458	484
722	643
678	729
595	515
372	612
575	608
593	684
579	512
551	607
529	680
572	625
577	602
568	526
540	622
668	614
570	641
712	554
566	609
333	439
484	802
600	684
610	662
584	581
625	490
480	581
532	588
582	763
600	600
626	459
705	623
636	480
557	566
452	501
431	649
558	587
435	408
688	612
686	493
441	571
634	652
524	547
647	681
559	639
478	501
628	638
635	623
539	675
668	714
466	551
589	643
847	901
617	726
341	649
716	502
556	571
551	599
608	542
706	645
636	505
513	780
725	641
579	699
593	641
467	718
696	432
680	616
555	697
571	691
560	651
520	607
812	626
607	609
447	590
594	613
481	507
599	567
565	783
458	636
625	465
491	453
500	743
559	754
557	634
701	789
732	556
648	682
512	766
564	650
568	523
961	568
690	864
533	660
535	608
528	542
663	588
522	415
674	514
414	695
527	422
465	592
600	599
769	473
561	654
702	546
614	572
759	783
610	615
425	651
482	568
500	755
594	629
535	786
576	580
594	557
795	702
476	767
432	683
664	668
438	469
464	549
774	736
742	434
478	539
657	537
603	663
723	595
531	559
622	772
523	385
820	647
573	651
502	517
508	519
615	477
578	620
504	413
524	644
564	567
708	563
706	684
754	708
476	586
396	504
487	621
651	794
606	708
517	571
594	523
543	618
730	611
692	685
612	786
605	580
560	618
486	656
656	640
683	644
608	444
644	478
764	668
627	527
609	639
798	575
676	455
662	611
634	694
775	711
535	573
605	496
798	586
608	712
679	532
712	602
580	619
600	696
689	594
553	445
496	730
650	395
725	664
631	528
522	601
677	690
582	752
516	608
666	507
601	538
355	650
643	562
576	633
622	487
613	507
486	649
682	545
463	551
764	606
666	690
673	572
676	586
545	702
722	570
507	432
457	648
500	493
664	532
377	651
590	608
603	559
659	707
690	529
672	638
580	602
500	583
559	514
589	649
661	478
695	631
554	726
508	780
599	530
596	613
717	512
771	471
663	606
721	606
554	600
623	449
543	639
381	605
536	528
643	610
710	665
718	473
443	522
683	516
649	497
655	564
628	569
732	606
578	601
499	572
469	530
540	678
633	742
700	525
577	537
601	592
477	568
514	571
560	750
698	579
599	597
506	623
690	513
618	569
628	660
425	722
543	750
408	676
535	593
530	611
419	627
509	614
581	769
619	475
708	488
522	608
700	440
786	443
703	680
795	605
683	509
524	489
620	621
614	514
638	726
621	649
525	491
556	651
733	521
696	743
593	522
480	569
559	557
516	854
814	545
557	617
564	512
618	588
601	669
328	851
661	741
422	495
591	689
615	601
505	445
573	603
541	562
689	594
366	594
624	746
700	494
520	540
591	455
568	541
628	578
591	547
435	675
573	647
614	513
594	653
680	580
595	597
683	512
596	503
653	552
663	582
598	611
721	573
515	444
690	616
736	739
480	448
619	608
716	534
581	381
797	549
531	582
590	743
628	697
638	740
674	629
445	558
658	732
812	426
582	638
537	531
626	670
496	564
457	660
500	759
656	658
516	622
620	600
495	755
580	383
509	682
638	484
426	482
612	809
586	591
605	534
511	683
613	602
738	436
518	742
471	499
598	449
723	498
511	600
665	507
595	514
514	635
611	528
640	713
836	672
454	692
748	572
633	531
592	587
679	697
673	479
625	538
504	576
547	732
635	652
601	571
537	582
483	718
525	738
562	684
565	464
605	557
561	793
661	558
416	586
644	571
439	573
577	571
734	320
618	651
708	551
673	658
736	665
585	619
490	728
567	617
785	515
390	727
553	676
574	631
612	581
598	513
607	720
679	852
555	648
578	615
646	678
480	686
720	663
519	545
585	543
645	722
671	502
650	700
838	558
587	650
360	609
599	531
635	766
513	620
615	675
495	670
534	599
390	669
717	586
541	654
584	635
627	821
680	653
463	697
687	568
724	602
580	533
671	477
526	801
530	588
450	804
678	656
575	716
502	698
530	637
651	636
734	706
568	782
538	627
587	502
637	593
780	479
444	653
445	678
377	617
772	575
453	573
644	550
675	407
739	754
632	780
534	581
650	530
587	612
486	812
640	503
746	504
558	642
547	667
456	320
548	620
766	476
502	788
531	433
676	774
652	674
628	761
577	655
595	683
616	483
630	615
770	386
574	727
584	698
597	445
582	733
699	526
514	611
637	682
535	719
663	439
717	573
688	590
687	546
634	591
693	612
604	674
623	613
692	520
671	583
516	784
529	533
516	674
707	685
764	761
676	461
553	645
436	708
592	599
719	520
497	620
577	605
559	708
594	587
360	637
659	639
462	675
618	689
581	596
547	512
478	758
546	673
711	654
464	599
623	438
579	621
465	489
597	731
597	602
638	522
747	682
670	624
538	529
475	601
479	393
588	524
673	587
623	706
505	503
573	659
588	597
612	591
414	673
673	546
476	806
574	645
558	732
647	765
773	604
557	589
532	750
566	597
736	567
750	659
672	676
530	712
488	753
741	464
729	559
441	667
407	552
658	708
561	679
697	514
513	515
685	606
663	441
642	347
692	466
605	736
732	690
486	616
607	625
592	604
349	587
632	472
735	742
559	699
787	490
623	767
650	630
794	671
670	803
672	517
620	633
555	679
702	547
646	654
684	609
576	773
772	438
599	651
522	633
634	830
387	594
730	607
642	497
651	648
707	720
703	747
525	440
473	537
667	653
772	492
688	429
561	732
647	605
592	558
462	567
542	564
784	613
652	564
633	600
479	708
528	597
492	690
675	704
518	553
704	533
525	769
585	744
508	527
588	482
605	385
600	517
379	693
456	502
517	632
489	797
539	783
513	767
532	544
549	595
638	511
670	467
642	404
582	671
675	667
698	486
636	677
513	540
755	547
619	648
597	563
588	483
737	619
584	534
762	428
463	606
708	478
930	689
629	674
651	559
695	686
799	669
665	441
586	762
395	517
511	590
615	610
455	539
764	457
589	700
612	586
626	586
585	688
717	371
559	517
680	397
463	487
663	616
623	486
554	578
596	621
599	465
548	550
619	511
511	806
652	538
646	487
505	632
585	532
466	613
807	653
740	531
759	482
450	290
739	591
458	499
628	549
464	457
554	599
495	598
495	541
438	547
601	795
593	708
708	495
525	465
651	462
361	513
449	578
553	753
646	714
721	660
535	463
638	563
583	742
705	460
521	689
647	497
478	590
663	583
693	654
705	661
618	467
594	935
477	760
507	459
599	738
567	608
706	502
738	595
677	539
508	654
720	705
638	652
537	692
586	639
711	648
629	693
601	553
449	623
579	752
517	594
664	632
604	606
521	661
625	658
663	459
557	520
725	658
634	536
667	593
498	509
602	481
459	836
464	773
752	478
572	874
652	601
632	551
654	560
627	590
538	548
405	759
554	532
612	596
664	498
572	643
577	456
599	522
568	536
508	455
704	747
499	602
521	501
558	680
532	639
478	502
666	713
489	557
496	535
603	807
506	586
657	613
639	669
665	552
398	646
620	666
623	512
522	521
570	776
627	672
709	683
801	316
595	728
667	649
444	763
671	596
422	446
655	622
844	710
519	671
726	573
681	526
768	614
611	560
483	450
569	611
848	736
605	542
706	761
434	518
577	789
568	510
759	628
544	515
473	559
497	454
461	662
439	629
504	731
559	529
654	515
588	606
520	621
469	612
632	458
553	439
751	569
525	582
587	621
673	575
663	617
725	467
623	674
538	488
583	483
567	687
616	655
344	655
607	860
342	707
656	689
617	624
638	445
917	464
487	580
542	476
521	553
526	570
547	549
490	535
755	638
586	654
450	592
635	730
533	428
689	671
483	601
678	661
523	689
637	506
632	652
640	483
551	560
483	740
699	669
586	504
590	384
583	688
593	771
650	618
483	665
510	528
591	654
689	630
534	382
655	436
654	624
589	640
459	481
720	621
685	517
645	684
708	525
726	742
745	410
716	488
780	624
661	546
590	797
636	597
615	523
603	617
485	455
273	662
335	515
597	720
514	609
552	784
434	517
501	720
747	541
624	716
596	743
652	570
527	762
608	386
369	573
571	611
607	660
584	521
576	533
618	533
488	615
650	618
525	620
570	502
629	449
528	465
543	592
539	449
547	700
489	656
609	693
638	524
478	390
538	704
637	738
530	766
565	610
704	659
538	712
675	696
527	621
677	567
526	489
612	911
579	695
536	698
426	621
568	791
569	627
600	693
765	713
571	561
760	694
551	767
655	511
618	713
440	628
524	598
747	670
471	521
458	639
577	660
622	485
336	578
576	462
740	742
753	623
554	689
704	781
705	549
577	724
740	570
759	545
628	648
578	672
457	831
759	600
599	544
586	653
636	626
529	702
662	629
801	653
412	587
640	659
601	619
495	732
600	628
661	751
546	553
568	714
681	743
590	537
685	591
587	724
600	555
398	840
698	358
556	809
733	585
568	442
676	624
449	479
723	657
492	461
735	336
573	580
639	769
597	620
497	409
615	518
654	689
642	599
632	417
550	559
578	501
610	573
549	633
626	829
480	706
450	540
785	444
610	524
435	498
778	542
660	577
511	549
667	502
567	445
599	569
746	443
642	560
613	520
804	558
569	670
561	703
597	656
706	372
547	575
592	522
592	658
691	716
655	605
632	618
519	515
605	531
673	520
607	639
569	711
677	557
587	566
476	564
665	601
688	591
537	653
632	628
498	576
559	558
631	541
478	565
612	702
541	571
610	593
426	630
595	639
615	632
614	862
603	510
534	631
588	524
733	508
641	711
458	600
609	439
617	349
455	696
592	697
560	590
687	658
676	503
735	542
687	440
552	635
401	622
686	638
508	774
466	582
669	781
428	721
592	482
602	585
594	566
562	674
415	493
411	584
709	822
409	477
667	699
583	619
636	561
440	742
566	604
461	642
416	666
784	600
552	669
621	637
599	760
507	508
736	545
621	591
333	423
712	569
447	560
460	583
631	593
780	420
687	619
589	604
644	589
560	578
448	480
659	708
691	546
763	726
545	573
572	857
621	684
536	457
550	666
640	522
431	611
733	470
469	533
660	436
499	767
525	683
723	522
543	562
718	618
587	574
556	581
548	617
541	723
602	637
475	464
672	358
762	740
545	636
588	516
476	512
544	701
593	526
678	696
728	749
438	499
500	498
675	722
477	572
588	540
488	397
860	697
418	725
677	747
674	558
499	504
736	702
429	719
881	512
465	401
513	700
618	777
582	403
434	682
735	582
688	623
716	568
635	451
615	538
647	552
558	592
729	650
657	605
658	486
458	566
637	554
744	600
595	460
738	550
606	672
416	804
617	572
591	778
768	516
526	610
538	813
427	727
633	671
597	538
532	566
568	768
593	464
528	536
590	622
589	611
624	715
271	750
544	568
560	730
542	648
517	516
621	707
799	461
631	587
546	396
557	594
586	662
717	681
383	584
544	510
584	553
616	568
594	610
598	803
441	666
590	642
653	467
591	395
562	537
546	687
660	749
696	515
629	696
859	683
625	509
621	716
692	731
562	707
625	618
563	566
662	792
666	573
688	666
565	657
681	590
632	667
622	786
399	745
584	547
644	621
578	639
617	482
614	593
493	540
617	606
637	653
537	552
568	856
592	537
474	660
637	536
628	665
607	635
574	816
568	458
812	449
565	699
520	529
662	417
761	652
484	580
577	590
673	447
818	531
731	573
555	718
607	642
805	587
527	542
609	543
774	533
604	515
678	672
554	628
649	529
642	493
617	572
553	400
562	712
551	602
590	642
597	545
722	574
628	727
441	741
420	716
564	664
710	556
613	531
486	699
849	588
603	683
585	511
461	474
523	597
497	664
560	389
588	631
412	689
548	542
610	638
475	587
652	734
506	494
629	668
613	636
581	786
684	701
664	603
586	516
401	564
753	652
711	542
720	446
534	399
723	542
547	517
546	638
628	679
657	723
497	700
583	580
588	570
599	810
601	534
538	698
543	479
532	554
638	654
598	369
576	774
640	455
634	603
315	598
490	570
615	444
525	668
663	563
561	534
640	620
505	744
731	622
680	460
530	686
549	495
704	578
421	431
590	608
469	660
597	382
617	619
550	721
761	619
695	630
594	352
486	621
615	539
563	492
558	831
581	801
597	772
715	699
620	829
585	616
584	539
660	597
565	566
430	695
738	633
525	564
501	642
696	581
820	564
518	416
561	684
637	402
574	549
638	702
759	668
628	490
534	370
463	683
616	647
608	438
696	480
469	497
699	688
680	403
627	626
606	827
761	514
733	639
585	576
781	726
643	595
559	457
575	585
532	556
689	536
651	718
738	458
527	571
671	532
696	620
692	693
628	668
597	510
761	584
527	436
576	472
409	378
425	617
863	535
690	712
491	504
778	501
497	615
405	660
540	533
821	709
419	491
658	782
559	340
585	539
452	530
659	691
682	586
655	711
612	567
663	552
625	565
513	624
576	675
641	700
444	937
571	681
559	544
596	591
441	648
616	669
641	620
569	581
533	732
600	678
497	407
653	723
564	666
605	651
584	783
666	632
649	633
678	698
692	592
542	578
574	574
575	404
527	477
653	549
673	281
687	581
703	661
644	628
419	572
581	730
591	744
600	417
628	644
649	708
537	507
534	657
712	393
624	586
446	459
387	595
536	635
634	523
682	643
751	559
525	611
617	693
543	594
591	569
521	635
621	609
670	656
614	655
479	715
651	673
572	621
689	698
510	524
474	557
659	618
646	675
463	639
694	601
465	780
599	388
499	758
493	721
869	595
624	701
690	733
438	507
502	713
670	483
526	588
735	548
671	599
652	663
632	631
722	434
728	594
823	625
475	658
291	488
808	515
697	537
695	587
644	652
544	492
610	534
456	582
758	612
641	564
820	582
581	731
536	616
472	605
434	806
540	718
514	492
671	629
548	603
613	766
663	628
701	621
533	498
569	599
685	619
685	497
749	606
537	626
720	719
512	548
551	494
559	629
522	634
587	649
367	525
437	601
530	505
594	573
678	435
674	619
704	615
708	688
669	532
707	643
610	782
456	651
768	468
553	664
730	646
555	561
691	745
775	546
669	469
650	510
603	639
590	820
687	666
759	513
617	458
511	485
466	768
614	757
458	641
597	661
848	522
590	453
527	688
410	552
788	559
628	608
536	778
655	554
489	607
610	417
651	493
635	615
763	634
673	578
496	633
928	662
523	755
584	446
701	677
633	747
555	386
730	646
469	487
499	592
612	614
535	474
657	686
585	694
542	485
895	579
510	504
780	741
674	485
461	814
595	836
798	587
778	504
803	484
667	641
468	665
734	623
664	670
660	659
640	596
661	567
588	677
433	603
494	670
425	707
511	680
680	622
666	508
652	544
551	744
566	593
843	594
500	511
428	490
512	488
764	597
733	627
584	628
558	531
580	713
500	670
425	640
617	720
455	564
375	637
483	659
410	564
324	655
317	542
503	595
468	607
685	577
652	711
643	495
639	484
450	671
545	634
740	524
680	449
417	761
802	594
568	398
615	663
656	586
657	722
676	587
615	581
785	720
714	598
777	758
555	531
749	557
620	712
483	682
472	747
626	765
636	676
600	581
651	669
386	460
603	648
526	783
665	588
630	635
562	592
607	641
624	621
541	755
666	614
484	456
560	551
524	571
535	660
635	564
594	751
721	584
625	629
423	513
563	558
749	577
537	562
612	405
419	758
349	652
590	736
459	613
654	539
702	602
549	537
628	723
667	632
589	612
605	455
515	753
545	590
805	669
693	563
537	662
675	723
567	663
615	919
587	460
599	647
622	716
623	510
622	456
604	605
687	953
666	377
515	669
493	591
603	669
553	545
804	707
524	445
720	492
406	706
601	593
582	597
777	633
679	761
716	628
524	604
669	621
619	631
552	388
411	467
666	680
627	528
494	505
539	687
751	697
635	693
726	476
578	614
524	575
554	728
696	643
684	524
850	685
442	541
684	591
661	647
637	833
540	668
582	658
469	605
507	597
400	597
524	866
713	477
712	445
538	714
642	638
616	453
539	748
507	597
618	610
683	496
623	672
552	488
745	466
615	654
489	613
510	750
731	650
665	787
597	518
578	633
610	494
576	568
616	499
719	667
627	673
559	414
662	481
634	365
675	614
464	594
629	647
707	687
706	684
464	460
523	587
623	674
624	602
454	415
624	713
541	463
575	639
522	434
436	773
563	584
650	678
660	445
733	661
575	601
590	574
590	782
774	803
592	625
676	524
674	576
528	647
578	710
507	652
783	625
527	674
659	496
657	492
455	654
723	814
705	759
629	559
644	545
576	605
590	691
440	734
581	685
338	447
639	740
528	744
436	614
602	606
720	836
519	513
742	557
751	630
539	611
693	507
646	709
628	673
484	589
767	793
771	518
509	630
768	686
548	596
568	542
643	676
705	715
645	773
748	578
568	489
742	567
616	735
488	727
505	396
630	404
723	549
384	613
552	777
469	601
505	610
664	651
595	623
657	588
509	657
660	393
572	505
744	588
466	675
742	727
473	631
472	514
781	604
482	315
756	665
470	466
654	636
615	391
495	655
525	421
661	735
510	525
587	545
754	526
680	641
503	666
684	701
681	736
618	660
688	591
521	607
635	683
751	564
776	609
618	588
515	652
455	724
652	572
544	529
600	582
627	543
709	509
608	685
676	703
694	574
607	637
583	524
565	404
503	568
658	593
585	536
690	707
565	588
828	603
631	434
536	575
559	614
733	539
579	516
556	812
570	673
660	631
621	496
617	460
638	513
664	769
602	473
602	684
668	424
564	617
582	597
572	585
722	664
683	646
647	593
659	567
546	755
485	728
479	452
443	589
463	689
611	468
612	626
442	685
502	490
539	630
571	544
474	503
535	563
483	557
623	589
442	486
557	541
542	601
626	694
749	693
650	842
769	623
586	603
596	619
744	553
548	516
594	738
538	581
657	502
529	558
641	837
512	736
702	707
442	730
639	508
479	516
456	564
721	577
620	539
640	429
625	739
541	655
700	787
649	610
576	561
624	609
556	555
585	665
397	561
534	631
559	599
649	502
737	686
606	448
760	412
759	556
542	672
712	462
563	513
661	607
518	478
571	537
663	653
552	642
558	618
646	667
698	481
538	736
762	609
646	504
832	512
509	459
646	575
703	682
411	456
784	760
528	718
618	718
546	637
799	781
421	601
617	302
582	657
390	598
713	469
564	589
562	668
698	588
727	528
604	593
360	539
511	647
426	719
492	775
608	382
696	601
422	633
502	508
587	538
620	568
620	498
601	556
584	528
593	562
554	483
776	476
523	547
448	607
603	554
489	597
698	585
567	729
673	483
442	561
625	623
343	699
609	528
642	784
631	646
594	701
539	714
619	788
658	618
700	812
622	523
716	736
756	641
504	506
524	645
517	580
666	826
481	627
662	602
703	635
630	550
556	619
596	726
698	597
674	676
537	563
402	579
496	587
752	600
489	613
466	819
550	618
524	588
577	745
535	581
646	702
467	592
674	576
536	893
547	455
590	506
558	475
513	496
637	469
631	559
695	525
664	752
466	425
538	525
743	715
498	644
600	655
526	665
448	497
366	618
611	668
602	530
524	601
632	464
671	705
479	605
454	645
459	421
564	535
621	604
503	659
574	704
822	608
602	779
658	470
463	655
537	387
537	495
584	451
538	747
526	503
710	594
776	667
419	657
748	649
659	488
583	550
644	577
616	520
549	462
708	623
773	489
651	443
589	675
678	562
627	763
538	614
583	490
734	642
437	699
597	661
765	624
813	668
579	551
623	618
556	583
614	639
474	623
577	783
502	743
621	553
702	677
647	480
517	554
536	743
623	708
586	504
855	586
506	523
527	670
626	495
749	758
502	621
583	671
717	642
533	567
575	659
630	556
811	713
389	328
617	498
500	609
730	574
447	793
688	641
733	484
627	473
518	373
560	681
737	480
415	557
402	642
488	354
440	673
677	603
724	672
430	479
478	502
525	805
638	531
533	445
609	508
578	622
783	583
449	627
393	640
570	522
539	810
604	549
582	511
562	555
528	663
719	601
459	508
654	746
442	625
474	545
669	492
536	599
644	677
596	533
462	542
562	616
664	650
526	625
521	607
745	544
646	510
611	534
633	660
506	456
640	489
468	763
597	451
781	667
507	459
570	846
627	663
455	557
536	525
796	482
532	665
738	697
532	811
767	662
569	572
491	482
623	604
716	652
822	596
606	572
549	615
683	714
574	516
556	494
553	460
699	714
584	557
500	473
591	685
555	743
626	479
566	512
732	608
631	766
530	629
538	425
454	602
544	659
575	788
546	429
551	732
648	525
510	680
580	604
715	573
711	471
537	514
583	723
543	462
713	546
625	588
650	548
602	624
526	593
608	462
500	721
647	672
664	630
772	565
560	533
558	617
607	695
647	618
453	477
675	596
460	647
613	550
573	748
481	629
535	665
639	514
671	562
545	628
626	619
684	550
746	716
699	794
470	719
765	482
611	588
681	672
415	743
892	519
363	574
524	596
356	538
636	495
534	489
484	572
609	659
831	544
730	661
631	545
538	830
437	526
624	789
557	640
721	400
812	689
517	567
460	648
664	472
656	312
545	689
583	537
493	655
770	675
569	461
460	441
626	533
596	707
748	564
587	534
613	592
640	567
535	418
522	529
699	669
580	522
658	470
706	589
554	581
649	470
675	722
742	529
444	622
495	591
526	706
475	672
630	532
530	677
501	602
669	467
534	531
638	654
618	585
527	642
635	428
679	750
538	645
539	723
752	421
539	600
681	662
804	439
689	557
423	569
699	552
597	615
554	525
434	561
510	635
532	628
621	607
729	771
458	624
630	709
520	532
526	671
674	532
682	778
567	696
576	518
677	598
655	754
374	572
691	641
489	616
528	718
661	635
690	767
659	720
