0
0
0
0
0
0
0
0
0
0
0
0
0
0
0
0
0
0
0
0
0
0
0
0
0
0
0
0
0
0
0
0
0
0
0
0
0
0
0
0
0
0
0
0
0
0
0
0
0
0
0
0
0
0
0
0
0
0
0
0
0
0
0
0
0
0
0
0
0
0
0
0
0
0
0
0
0
0
0
0
0
0
0
0
0
0
0
0
0
0
0
0
0
0
0
0
0
0
0
0
0
0
0
0
0
0
0
0
0
0
0
0
0
0
0
0
0
0
0
0
0
0
0
0
0
0
0
0
0
0
0
0
0
0
0
0
0
0
0
0
0
0
0
0
0
0
0
0
0
0
0
0
0
0
0
0
0
0
0
0
0
0
0
0
0
0
0
0
0
0
0
0
0
0
0
0
0
0
0
0
0
0
0
0
0
0
0
0
0
0
0
0
0
0
0
0
0
0
0
0
0
0
0
0
0
0
0
0
0
0
0
0
0
0.0001
0.0001
0.0001
0.0001
0.0001
0.0001
0.0001
0.0001
0.0001
0.0001
0.0002
0.0002
0.0003
0.0003
0.0003
0.0003
0.0003
0.0003
0.0003
0.0003
0.0003
0.0003
0.0003
0.0003
0.0003
0.0003
0.0003
0.0003
0.0003
0.0003
0.0003
0.0003
0.0003
0.0005
0.0005
0.0005
0.0005
0.0005
0.0005
0.0005
0.0005
0.0005
0.0005
0.0005
0.0005
0.0005
0.0006
0.0006
0.0007
0.0007
0.0007
0.0007
0.0007
0.0007
0.0007
0.0007
0.0008
0.0008
0.0009
0.0009
0.001
0.001
0.001
0.001
0.0011
0.0011
0.0011
0.0011
0.0011
0.0011
0.0011
0.0011
0.0011
0.0012
0.0012
0.0012
0.0012
0.0014
0.0015
0.0015
0.0015
0.0015
0.0016
0.0016
0.0016
0.0016
0.0017
0.0017
0.0017
0.0017
0.0017
0.0017
0.0017
0.0018
0.0018
0.0019
0.0019
0.0019
0.0019
0.0019
0.0019
0.0019
0.002
0.0021
0.0022
0.0023
0.0024
0.0024
0.0024
0.0024
0.0025
0.0025
0.0025
0.0026
0.0027
0.0028
0.0028
0.003
0.0031
0.0032
0.0033
0.0034
0.0036
0.0038
0.004
0.0041
0.0042
0.0043
0.0044
0.0044
0.0047
0.0049
0.0049
0.005
0.0054
0.0055
0.0057
0.0058
0.006
0.0062
0.0062
0.0065
0.0067
0.0069
0.0072
0.0075
0.0075
0.0078
0.008
0.008
0.0084
0.0089
0.009
0.0092
0.0093
0.0095
0.0099
0.0104
0.0109
0.011
0.0111
0.0114
0.0119
0.0123
0.0126
0.0127
0.0129
0.0132
0.0133
0.0135
0.0139
0.0141
0.0146
0.015
0.0153
0.0158
0.0165
0.0172
0.0176
0.0182
0.0189
0.0193
0.0199
0.02
0.0204
0.021
0.0216
0.0222
0.023
0.0235
0.0239
0.0246
0.0251
0.0261
0.0265
0.0275
0.0282
0.0289
0.0295
0.0301
0.0309
0.0317
0.0323
0.0329
0.0338
0.0349
0.0354
0.036
0.0374
0.0379
0.0386
0.0395
0.0409
0.042
0.0428
0.0439
0.0451
0.0457
0.0466
0.0477
0.0491
0.0503
0.0515
0.0524
0.0536
0.0544
0.0555
0.0565
0.0574
0.0585
0.0601
0.061
0.0623
0.0639
0.0646
0.0657
0.0666
0.0676
0.0691
0.0706
0.0722
0.0737
0.0752
0.0764
0.0775
0.0786
0.0798
0.081
0.0823
0.0838
0.0854
0.0871
0.0889
0.0905
0.0927
0.0943
0.0955
0.0972
0.0986
0.1005
0.1012
0.1028
0.1047
0.1061
0.1079
0.1094
0.1109
0.1129
0.1146
0.116
0.1186
0.1207
0.1228
0.125
0.1279
0.1296
0.1325
0.1346
0.1366
0.1391
0.1411
0.1432
0.1458
0.1485
0.1514
0.1531
0.1551
0.1576
0.1604
0.1635
0.1654
0.1686
0.1697
0.1722
0.1753
0.1786
0.182
0.1847
0.188
0.1907
0.1934
0.1952
0.1977
0.2002
0.2039
0.2063
0.2101
0.2132
0.2156
0.218
0.221
0.2232
0.2267
0.2301
0.233
0.2362
0.2386
0.2411
0.2446
0.2475
0.2508
0.2535
0.2562
0.2597
0.2637
0.2667
0.2706
0.2742
0.2772
0.281
0.2854
0.2893
0.2924
0.2954
0.2995
0.3033
0.3068
0.3103
0.3138
0.3175
0.3214
0.3252
0.3286
0.3317
0.3354
0.3385
0.3416
0.3452
0.3476
0.3509
0.3546
0.3594
0.3621
0.3654
0.3683
0.3716
0.3758
0.38
0.3834
0.3865
0.3904
0.3949
0.3984
0.4013
0.4055
0.4088
0.4125
0.4162
0.4197
0.4238
0.4282
0.4328
0.4374
0.4419
0.4456
0.4485
0.452
0.4561
0.4593
0.4631
0.4677
0.4718
0.4751
0.479
0.4828
0.4871
0.4916
0.4966
0.5002
0.5038
0.5067
0.51
0.5138
0.5174
0.5208
0.5252
0.5286
0.5319
0.536
0.5406
0.5448
0.549
0.5527
0.5567
0.5601
0.5638
0.5678
0.5716
0.5748
0.5796
0.5839
0.5885
0.5919
0.595
0.5994
0.603
0.6078
0.6122
0.615
0.6195
0.6227
0.6261
0.6313
0.635
0.6379
0.6421
0.6458
0.6502
0.6537
0.6568
0.6602
0.6638
0.6686
0.6715
0.6745
0.6787
0.6819
0.6858
0.6885
0.6931
0.6967
0.7003
0.7032
0.7066
0.7106
0.7136
0.7178
0.722
0.725
0.7283
0.7299
0.733
0.7358
0.7388
0.7426
0.746
0.7484
0.7514
0.7538
0.7569
0.7603
0.7634
0.7669
0.7698
0.7734
0.7764
0.7789
0.7833
0.7863
0.7888
0.7918
0.7944
0.7969
0.7986
0.8023
0.8052
0.8082
0.8112
0.814
0.8167
0.8195
0.823
0.8263
0.8286
0.8308
0.8337
0.8374
0.8401
0.8441
0.8467
0.85
0.8525
0.8542
0.8567
0.8589
0.8608
0.8628
0.8648
0.8671
0.8694
0.8719
0.8734
0.8759
0.8773
0.8783
0.88
0.8817
0.8843
0.8865
0.8889
0.8911
0.893
0.8956
0.8978
0.899
0.9001
0.9019
0.9037
0.9052
0.9068
0.9085
0.9103
0.9121
0.9131
0.9147
0.916
0.9174
0.9186
0.9201
0.9211
0.9224
0.9239
0.9246
0.9263
0.9278
0.9293
0.931
0.932
0.9328
0.9335
0.9344
0.9362
0.9377
0.9388
0.9403
0.942
0.943
0.9442
0.9454
0.9467
0.9479
0.949
0.9498
0.9507
0.9518
0.9533
0.9546
0.9551
0.9561
0.9572
0.9579
0.9587
0.9595
0.9602
0.9612
0.962
0.9627
0.9636
0.9645
0.9652
0.9658
0.9665
0.9673
0.968
0.9688
0.9697
0.9708
0.9719
0.9723
0.9727
0.9735
0.9741
0.9744
0.9746
0.975
0.9754
0.9761
0.9766
0.977
0.9776
0.9784
0.9787
0.979
0.9797
0.9802
0.981
0.9814
0.982
0.9823
0.9828
0.9834
0.9839
0.984
0.9844
0.9846
0.985
0.9855
0.9859
0.986
0.9867
0.9869
0.9876
0.988
0.9883
0.9887
0.9887
0.9889
0.9894
0.9897
0.99
0.9906
0.9906
0.9912
0.9915
0.9917
0.9921
0.9927
0.9932
0.9932
0.9934
0.9936
0.9938
0.9939
0.994
0.994
0.994
0.9941
0.9945
0.9946
0.9951
0.9954
0.9958
0.9958
0.9958
0.996
0.996
0.9961
0.9962
0.9962
0.9962
0.9963
0.9964
0.9965
0.9965
0.9966
0.9966
0.9966
0.9968
0.9968
0.9971
0.9971
0.9971
0.9973
0.9973
0.9975
0.9977
0.9978
0.9978
0.9978
0.9978
0.998
0.998
0.998
0.998
0.9981
0.9982
0.9983
0.9983
0.9984
0.9984
0.9985
0.9985
0.9987
0.9987
0.9987
0.9987
0.9987
0.9988
0.9988
0.9988
0.9989
0.9989
0.999
0.9991
0.9991
0.9991
0.9991
0.9991
0.9991
0.9992
0.9992
0.9992
0.9992
0.9992
0.9993
0.9994
0.9994
0.9994
0.9994
0.9994
0.9996
0.9996
0.9998
0.9998
0.9998
0.9998
0.9998
0.9998
0.9999
0.9999
0.9999
0.9999
0.9999
0.9999
0.9999
0.9999
0.9999
0.9999
0.9999
0.9999
0.9999
0.9999
0.9999
0.9999
0.9999
0.9999
0.9999
0.9999
0.9999
0.9999
0.9999
0.9999
0.9999
0.9999
0.9999
0.9999
0.9999
0.9999
0.9999
1
1
1
1
1
1
1
1
1
1
1
1
1
1
1
1
1
1
1
1
1
1
1
1
1
1
1
1
1
1
1
1
1
1
1
1
1
1
